-0.047241 0.052124 0.135620 -0.091851 0.101344 0.263685
-0.090088 0.092285 0.108765 -0.175157 0.179429 0.211470
-0.136719 0.104004 0.098145 -0.265821 0.202214 0.190822
-0.192627 0.127563 0.132324 -0.374523 0.248021 0.257277
-0.163086 0.122803 0.114380 -0.317087 0.238764 0.222388
-0.138550 0.109131 0.074463 -0.269381 0.212182 0.144778
-0.192139 0.100098 0.020142 -0.373574 0.194619 0.039161
-0.211792 0.132202 -0.046997 -0.411785 0.257040 -0.091376
-0.159424 0.139771 -0.038574 -0.309966 0.271755 -0.075000
-0.118530 0.118774 0.018188 -0.230457 0.230932 0.035364
-0.112183 0.093262 0.049927 -0.218116 0.181328 0.097072
-0.122437 0.121460 0.038818 -0.238052 0.236154 0.075474
-0.121094 0.155029 0.012939 -0.235442 0.301422 0.025158
-0.107544 0.160645 0.007446 -0.209097 0.312340 0.014478
-0.079468 0.123901 0.025146 -0.154509 0.240900 0.048892
-0.052612 0.097534 0.056885 -0.102294 0.189635 0.110601
-0.058350 0.073730 0.077515 -0.113449 0.143354 0.150711
-0.086182 0.064941 0.064575 -0.167562 0.126265 0.125553
-0.128174 0.044434 0.021362 -0.249207 0.086392 0.041535
-0.144531 0.038086 -0.014038 -0.281011 0.074050 -0.027294
-0.166504 0.044312 -0.031250 -0.323732 0.086155 -0.060759
-0.179810 0.059448 -0.028687 -0.349602 0.115585 -0.055775
-0.184204 0.077637 -0.028564 -0.358146 0.150948 -0.055538
-0.188354 0.088867 -0.027100 -0.366216 0.172784 -0.052690
-0.197388 0.101318 -0.016357 -0.383779 0.196992 -0.031804
-0.202393 0.104492 -0.013794 -0.393510 0.203163 -0.026819
-0.216553 0.094971 -0.025269 -0.421042 0.184651 -0.049129
-0.231445 0.085938 -0.043335 -0.449997 0.167088 -0.084256
-0.253906 0.080200 -0.057007 -0.493668 0.155933 -0.110838
-0.267090 0.084106 -0.068726 -0.519301 0.163527 -0.133623
-0.272217 0.099731 -0.083984 -0.529269 0.193907 -0.163290
-0.277466 0.131348 -0.095581 -0.539474 0.255378 -0.185837
-0.293335 0.125610 -0.107910 -0.570329 0.244223 -0.209809
-0.304688 0.137939 -0.097168 -0.592401 0.268195 -0.188923
-0.348267 0.130249 -0.082153 -0.677132 0.253242 -0.159730
-0.394897 0.163818 -0.101807 -0.767796 0.318511 -0.197942
-0.466675 0.184692 -0.154907 -0.907352 0.359096 -0.301185
-0.531494 0.147949 -0.228638 -1.033380 0.287656 -0.444538
-0.583374 0.085693 -0.308350 -1.134249 0.166613 -0.599522
-0.625854 0.028564 -0.372925 -1.216844 0.055538 -0.725075
-0.651001 0.010864 -0.410034 -1.265736 0.021123 -0.797226
-0.661987 0.028809 -0.408936 -1.287096 0.056012 -0.795090
-0.648682 0.074341 -0.362915 -1.261226 0.144540 -0.705613
-0.622925 0.144775 -0.290527 -1.211147 0.281486 -0.564870
-0.602051 0.215942 -0.218506 -1.170562 0.419855 -0.424839
-0.602905 0.278076 -0.171387 -1.172224 0.540661 -0.333226
-0.629272 0.315186 -0.181641 -1.223489 0.612813 -0.353162
-0.679443 0.300049 -0.233032 -1.321036 0.583382 -0.453083
-0.751831 0.237061 -0.343140 -1.461779 0.460915 -0.667164
-0.817383 0.178833 -0.466797 -1.589231 0.347704 -0.907589
-0.856934 0.089966 -0.515991 -1.666129 0.174920 -1.003237
-0.920532 -0.011963 -0.566406 -1.789783 -0.023259 -1.101259
-0.931519 0.011230 -0.582764 -1.811144 0.021835 -1.133062
-0.913940 0.014526 -0.548584 -1.776967 0.028243 -1.066607
-0.907104 0.020264 -0.506592 -1.763676 0.039398 -0.984962
-0.901367 0.036987 -0.488159 -1.752521 0.071914 -0.949124
-0.936035 0.021118 -0.555542 -1.819925 0.041060 -1.080136
-0.901733 -0.010010 -0.606689 -1.753233 -0.019462 -1.179581
-0.847412 -0.081421 -0.596069 -1.647616 -0.158306 -1.158933
-0.778198 -0.110474 -0.551880 -1.513044 -0.214793 -1.073015
-0.672241 -0.102417 -0.465088 -1.307033 -0.199128 -0.904266
-0.529175 -0.041260 -0.361816 -1.028870 -0.080221 -0.703477
-0.408936 0.020264 -0.254517 -0.795090 0.039398 -0.494854
-0.321777 0.078125 -0.174683 -0.625629 0.151898 -0.339634
-0.268066 0.074707 -0.153931 -0.521199 0.145252 -0.299286
-0.238159 0.032959 -0.163330 -0.463051 0.064082 -0.317561
-0.199463 -0.017822 -0.171631 -0.387814 -0.034652 -0.333700
-0.146606 -0.059082 -0.162231 -0.285046 -0.114873 -0.315425
-0.102661 -0.073486 -0.131592 -0.199603 -0.142879 -0.255853
-0.027710 -0.082031 -0.098999 -0.053876 -0.159493 -0.192483
0.055176 -0.106445 -0.051514 0.107278 -0.206961 -0.100158
0.143311 -0.073975 0.008545 0.278637 -0.143828 0.016614
0.220947 -0.034912 0.056396 0.429586 -0.067879 0.109651
0.292847 -0.009888 0.095337 0.569379 -0.019225 0.185363
0.356689 0.006104 0.124878 0.693508 0.011867 0.242799
0.408569 0.028076 0.148682 0.794378 0.054588 0.289080
0.457886 0.041260 0.175537 0.890263 0.080221 0.341295
0.507935 0.041016 0.201294 0.987573 0.079746 0.391374
0.548828 0.037842 0.222656 1.067082 0.073575 0.432909
0.586914 0.036499 0.239746 1.141132 0.070965 0.466136
0.627563 0.036987 0.260132 1.220166 0.071914 0.505772
0.666504 0.055176 0.272705 1.295878 0.107278 0.530218
0.696533 0.053223 0.280518 1.354264 0.103480 0.545408
0.720825 0.045776 0.292969 1.401494 0.089003 0.569617
0.737793 0.038574 0.300903 1.434485 0.075000 0.585044
0.746338 0.023438 0.304077 1.451098 0.045569 0.591215
0.745972 0.011841 0.309082 1.450387 0.023022 0.600946
0.740112 -0.005127 0.318237 1.438994 -0.009968 0.618746
0.735352 -0.001343 0.339844 1.429738 -0.002611 0.660755
0.735596 0.017334 0.366577 1.430212 0.033702 0.712733
0.734009 0.038208 0.393311 1.427127 0.074288 0.764710
0.725342 0.060059 0.418945 1.410276 0.116771 0.814552
0.714355 0.042236 0.435059 1.388915 0.082120 0.845881
0.706299 0.014893 0.440552 1.373251 0.028956 0.856561
0.699341 0.006226 0.461548 1.359722 0.012104 0.897384
0.673462 -0.016235 0.478271 1.309406 -0.031566 0.929899
0.649048 -0.008179 0.496216 1.261938 -0.015902 0.964788
0.605835 0.018433 0.523071 1.177920 0.035838 1.017003
0.533691 0.029419 0.528076 1.037652 0.057199 1.026734
0.458252 0.020264 0.509277 0.890975 0.039398 0.990184
0.388794 -0.012207 0.493652 0.755929 -0.023734 0.959804
0.337158 -0.047852 0.477051 0.655534 -0.093037 0.927526
0.279785 -0.072266 0.455811 0.543984 -0.140505 0.886229
0.194458 -0.080688 0.412842 0.378083 -0.156882 0.802685
0.118652 -0.058838 0.372314 0.230695 -0.114398 0.723888
0.062744 -0.018799 0.355469 0.121993 -0.036550 0.691135
0.004761 0.009033 0.340698 0.009256 0.017563 0.662417
-0.057861 0.016357 0.318481 -0.112499 0.031804 0.619221
-0.112915 0.021240 0.302002 -0.219540 0.041297 0.587180
-0.156250 0.035767 0.296143 -0.303796 0.069541 0.575788
-0.193481 0.062500 0.301147 -0.376184 0.121518 0.585518
-0.231445 0.096069 0.314453 -0.449997 0.186787 0.611389
-0.265747 0.121460 0.336182 -0.516690 0.236154 0.653635
-0.322998 0.151978 0.347534 -0.628002 0.295489 0.675708
-0.397217 0.156860 0.333374 -0.772305 0.304982 0.648176
-0.452026 0.130737 0.306641 -0.878871 0.254191 0.596199
-0.506470 0.107178 0.264526 -0.984725 0.208385 0.514316
-0.563477 0.077026 0.199585 -1.095563 0.149762 0.388051
-0.611206 0.063599 0.139771 -1.188363 0.123654 0.271755
-0.655273 0.075195 0.102905 -1.274043 0.146202 0.200078
-0.707642 0.069824 0.074707 -1.375862 0.135759 0.145252
-0.751343 0.038574 0.055420 -1.460829 0.075000 0.107752
-0.780762 0.020996 0.030518 -1.518028 0.040823 0.059335
-0.803345 0.004028 0.006104 -1.561936 0.007832 0.011867
-0.807617 -0.007202 -0.012451 -1.570243 -0.014003 -0.024209
-0.785767 -0.026611 -0.024658 -1.527759 -0.051740 -0.047943
-0.751343 -0.051025 -0.016479 -1.460829 -0.099208 -0.032041
-0.753418 -0.103271 0.023682 -1.464864 -0.200790 0.046044
-0.757935 -0.066406 0.018188 -1.473646 -0.129113 0.035364
-0.703369 -0.022583 -0.048340 -1.367555 -0.043908 -0.093987
-0.670044 -0.032349 -0.121704 -1.302761 -0.062895 -0.236628
-0.614014 -0.019653 -0.187500 -1.193822 -0.038212 -0.364555
-0.575317 -0.032837 -0.239868 -1.118585 -0.063845 -0.466374
-0.596069 -0.075195 -0.260376 -1.158933 -0.146202 -0.506247
-0.589966 -0.101318 -0.275024 -1.147066 -0.196992 -0.534728
-0.568970 -0.129150 -0.387939 -1.106243 -0.251106 -0.754267
-0.514282 -0.109863 -0.451538 -0.999915 -0.213606 -0.877922
-0.444824 -0.083984 -0.438965 -0.864868 -0.163290 -0.853476
-0.374390 -0.064331 -0.396606 -0.727923 -0.125078 -0.771119
-0.311401 -0.017212 -0.365723 -0.605455 -0.033465 -0.711071
-0.267334 0.015869 -0.368896 -0.519775 0.030854 -0.717242
-0.233765 0.011963 -0.412476 -0.454507 0.023259 -0.801973
-0.209229 -0.005737 -0.473022 -0.406801 -0.011155 -0.919694
-0.208496 -0.025269 -0.536011 -0.405377 -0.049129 -1.042161
-0.207642 -0.055542 -0.584473 -0.403716 -0.107990 -1.136385
-0.177490 -0.072510 -0.589722 -0.345093 -0.140980 -1.146591
-0.140991 -0.069580 -0.555908 -0.274128 -0.135284 -1.080848
-0.112549 -0.015259 -0.506592 -0.218828 -0.029668 -0.984962
-0.096191 0.045410 -0.483765 -0.187024 0.088291 -0.940580
-0.081787 0.097778 -0.477417 -0.159018 0.190110 -0.928238
