-0.204590 -0.252808 -0.049683 -0.397782 -0.491532 -0.096597
-0.274292 -0.257446 -0.076416 -0.533304 -0.500551 -0.148575
-0.361572 -0.258545 -0.127075 -0.703002 -0.502687 -0.247071
-0.282471 -0.204712 -0.095459 -0.549205 -0.398020 -0.185600
-0.271484 -0.141724 -0.078369 -0.527845 -0.275552 -0.152372
-0.316406 -0.187866 -0.109375 -0.615186 -0.365267 -0.212657
-0.311890 -0.116821 -0.111572 -0.606404 -0.227135 -0.216929
-0.294312 -0.011475 -0.101563 -0.572227 -0.022310 -0.197467
-0.294312 0.018555 -0.085693 -0.572227 0.036076 -0.166613
-0.313965 -0.008789 -0.091553 -0.610439 -0.017089 -0.178005
-0.326050 0.001465 -0.098755 -0.633936 0.002848 -0.192008
-0.331177 0.012207 -0.107178 -0.643904 0.023734 -0.208385
-0.346069 0.013916 -0.110474 -0.672860 0.027057 -0.214793
-0.363647 0.044434 -0.110229 -0.707037 0.086392 -0.214318
-0.376099 0.105835 -0.104370 -0.731245 0.205774 -0.202926
-0.399902 0.149414 -0.105225 -0.777527 0.290505 -0.204587
-0.428589 0.171509 -0.119141 -0.833302 0.333463 -0.231644
-0.462769 0.169800 -0.149536 -0.899757 0.330140 -0.290742
-0.504272 0.145386 -0.185669 -0.980453 0.282672 -0.360995
-0.534912 0.117188 -0.215454 -1.040025 0.227847 -0.418906
-0.565796 0.084961 -0.240479 -1.100072 0.165189 -0.467560
-0.598755 0.070801 -0.259155 -1.164154 0.137657 -0.503873
-0.613892 0.101563 -0.268311 -1.193584 0.197467 -0.521674
-0.617920 0.132813 -0.255249 -1.201416 0.258226 -0.496279
-0.632446 0.172607 -0.240479 -1.229660 0.335599 -0.467560
-0.671753 0.212158 -0.253418 -1.306084 0.412497 -0.492718
-0.713989 0.239624 -0.297852 -1.388203 0.465899 -0.579110
-0.754761 0.211060 -0.360840 -1.467475 0.410361 -0.701578
-0.791992 0.168823 -0.428101 -1.539864 0.328242 -0.832352
-0.821899 0.124146 -0.485352 -1.598012 0.241375 -0.943665
-0.844971 0.115479 -0.504883 -1.642869 0.224524 -0.981639
-0.869019 0.054321 -0.474243 -1.689626 0.105616 -0.922067
-0.874634 0.101196 -0.427368 -1.700543 0.196755 -0.830928
-0.905151 0.149780 -0.413330 -1.759878 0.291217 -0.803634
-0.945435 0.175537 -0.418823 -1.838200 0.341295 -0.814315
-0.975830 0.158325 -0.460083 -1.897298 0.307830 -0.894536
-0.990234 0.095093 -0.517822 -1.925304 0.184888 -1.006797
-0.989990 0.039063 -0.562744 -1.924830 0.075949 -1.094139
-0.979126 -0.033691 -0.554443 -1.903706 -0.065506 -1.078000
-0.972168 -0.105957 -0.522583 -1.890178 -0.206011 -1.016054
-0.916748 -0.043091 -0.461792 -1.782426 -0.083781 -0.897858
-0.854736 0.042725 -0.396240 -1.661857 0.083069 -0.770407
-0.804443 0.162964 -0.371582 -1.564072 0.316849 -0.722464
-0.752441 0.215576 -0.334229 -1.462965 0.419143 -0.649838
-0.732910 0.169556 -0.309570 -1.424991 0.329666 -0.601895
-0.706787 0.116333 -0.337158 -1.374200 0.226185 -0.655534
-0.670532 0.041260 -0.364624 -1.303710 0.080221 -0.708935
-0.617310 0.000366 -0.389526 -1.200230 0.000712 -0.757353
-0.549927 0.002197 -0.380493 -1.069218 0.004272 -0.739790
-0.497070 -0.010864 -0.349365 -0.966450 -0.021123 -0.679268
-0.462036 -0.004150 -0.320557 -0.898333 -0.008070 -0.623256
-0.405640 -0.007202 -0.292236 -0.788682 -0.014003 -0.568193
-0.333984 -0.006836 -0.269043 -0.649363 -0.013291 -0.523098
-0.255859 -0.006470 -0.246338 -0.497465 -0.012579 -0.478953
-0.175415 -0.017334 -0.216431 -0.341058 -0.033702 -0.420804
-0.096191 0.004272 -0.172241 -0.187024 0.008307 -0.334887
-0.008667 0.019165 -0.125732 -0.016851 0.037262 -0.244460
0.083130 0.014404 -0.076782 0.161629 0.028006 -0.149287
0.163940 0.005005 -0.023560 0.318748 0.009731 -0.045807
0.234619 0.006592 0.037109 0.456168 0.012816 0.072151
0.295532 0.012451 0.094971 0.574601 0.024209 0.184651
0.356689 0.031494 0.158203 0.693508 0.061234 0.307593
0.422485 0.039551 0.215698 0.821435 0.076898 0.419380
0.479858 0.056030 0.262207 0.932985 0.108939 0.509807
0.527710 0.083740 0.296631 1.026022 0.162815 0.576737
0.567993 0.093262 0.320068 1.104344 0.181328 0.622306
0.601440 0.089355 0.334839 1.169376 0.173733 0.651024
0.624146 0.077637 0.338379 1.213521 0.150948 0.657907
0.640869 0.063965 0.335815 1.246037 0.124366 0.652923
0.654175 0.031616 0.325439 1.271907 0.061471 0.632749
0.670166 -0.008667 0.317627 1.302998 -0.016851 0.617559
0.686890 -0.041138 0.313354 1.335514 -0.079984 0.609253
0.708008 -0.073975 0.311646 1.376574 -0.143828 0.605930
0.724365 -0.092773 0.314087 1.408377 -0.180379 0.610677
0.732910 -0.088745 0.314209 1.424991 -0.172546 0.610914
0.742310 -0.077026 0.313354 1.443266 -0.149762 0.609253
0.752075 -0.088135 0.318115 1.462253 -0.171360 0.618509
0.753540 -0.105835 0.316406 1.465102 -0.205774 0.615186
0.757446 -0.108154 0.320068 1.472696 -0.210283 0.622306
0.762085 -0.126953 0.326904 1.481715 -0.246834 0.635597
0.769897 -0.128906 0.347656 1.496905 -0.250631 0.675945
0.773804 -0.136475 0.380981 1.504500 -0.265346 0.740739
0.768433 -0.132080 0.414551 1.494057 -0.256802 0.806008
0.753540 -0.127319 0.442993 1.465102 -0.247546 0.861308
0.742188 -0.101807 0.479370 1.443029 -0.197942 0.932035
0.724609 -0.079346 0.512085 1.408852 -0.154271 0.995642
0.702637 -0.050415 0.527588 1.366131 -0.098022 1.025785
0.683350 -0.015503 0.549805 1.328631 -0.030142 1.068981
0.652466 0.032471 0.583252 1.268584 0.063133 1.134012
0.594849 0.100830 0.610596 1.156559 0.196043 1.187176
0.511841 0.168579 0.631836 0.995168 0.327767 1.228473
0.417114 0.206055 0.646851 0.810992 0.400630 1.257666
0.308960 0.200073 0.649048 0.600708 0.389001 1.261938
0.196289 0.157959 0.634766 0.381643 0.307118 1.234169
0.080688 0.113159 0.598999 0.156882 0.220014 1.164629
-0.025391 0.071045 0.545898 -0.049367 0.138132 1.061386
-0.113159 0.029907 0.490112 -0.220014 0.058148 0.952921
-0.189087 0.009155 0.437866 -0.367640 0.017801 0.851340
-0.268799 0.007446 0.389160 -0.522623 0.014478 0.756641
-0.339722 0.040039 0.375122 -0.660518 0.077848 0.729347
-0.408447 0.063843 0.373535 -0.794141 0.124129 0.726261
-0.492188 0.088745 0.355957 -0.956956 0.172546 0.692084
-0.549683 0.117065 0.360352 -1.068743 0.227609 0.700629
-0.584961 0.136475 0.357300 -1.137335 0.265346 0.694695
-0.635498 0.192139 0.327515 -1.235594 0.373574 0.636784
-0.683838 0.241821 0.280029 -1.329580 0.470171 0.544459
-0.719482 0.249878 0.231445 -1.398884 0.485836 0.449997
-0.749268 0.243408 0.165649 -1.456795 0.473257 0.322071
-0.785767 0.215088 0.093628 -1.527759 0.418194 0.182040
-0.813232 0.165405 0.012939 -1.581161 0.321596 0.025158
-0.847290 0.120483 -0.072144 -1.647379 0.234255 -0.140268
-0.885620 0.068726 -0.144531 -1.721904 0.133623 -0.281011
-0.938965 -0.068726 -0.187378 -1.825621 -0.133623 -0.364317
-0.966675 -0.200806 -0.227783 -1.879498 -0.390425 -0.442877
-0.959961 -0.205566 -0.321899 -1.866444 -0.399681 -0.625866
-0.979370 -0.194702 -0.406006 -1.904181 -0.378558 -0.789394
-0.941528 -0.205688 -0.454712 -1.830606 -0.399918 -0.884093
-0.883423 -0.217896 -0.461060 -1.717632 -0.423652 -0.896434
-0.809570 -0.207642 -0.442383 -1.574041 -0.403716 -0.860121
-0.749512 -0.194458 -0.422974 -1.457269 -0.378083 -0.822384
-0.699097 -0.141357 -0.401855 -1.359248 -0.274840 -0.781324
-0.640747 -0.054688 -0.415161 -1.245799 -0.106328 -0.807194
-0.592285 -0.027588 -0.410156 -1.151575 -0.053639 -0.797463
-0.546875 -0.042114 -0.456055 -1.063285 -0.081882 -0.886703
-0.516235 -0.059204 -0.504883 -1.003712 -0.115110 -0.981639
-0.477905 -0.083618 -0.550903 -0.929187 -0.162578 -1.071117
-0.431641 -0.060303 -0.568726 -0.839235 -0.117246 -1.105768
-0.402466 -0.022095 -0.586060 -0.782511 -0.042959 -1.139471
-0.385010 0.022217 -0.626099 -0.748571 0.043196 -1.217318
-0.356567 0.005249 -0.661255 -0.693271 0.010206 -1.285672
-0.337524 -0.038818 -0.713745 -0.656246 -0.075474 -1.387729
-0.322632 -0.083008 -0.776489 -0.627290 -0.161391 -1.509722
-0.283447 -0.117188 -0.800049 -0.551104 -0.227847 -1.555528
-0.226196 -0.127686 -0.771362 -0.439792 -0.248258 -1.499753
-0.173218 -0.119629 -0.701538 -0.336786 -0.232593 -1.363995
-0.128052 -0.065552 -0.612793 -0.248970 -0.127452 -1.191448
-0.082642 0.018921 -0.519531 -0.160679 0.036788 -1.010120
-0.054565 0.082275 -0.468140 -0.106091 0.159967 -0.910200
-0.036743 0.078003 -0.477905 -0.071439 0.151660 -0.929187
-0.019653 0.044556 -0.496826 -0.038212 0.086629 -0.965975
-0.010864 -0.010986 -0.516846 -0.021123 -0.021361 -1.004899
-0.002686 -0.040283 -0.515747 -0.005221 -0.078322 -1.002763
0.023315 -0.042847 -0.481079 0.045332 -0.083306 -0.935358
0.051514 -0.022461 -0.418457 0.100158 -0.043671 -0.813603
0.077271 -0.000366 -0.336914 0.150236 -0.000712 -0.655059
0.098511 0.026245 -0.250488 0.191534 0.051028 -0.487022
0.116577 0.051147 -0.183350 0.226660 0.099446 -0.356485
0.125854 0.068359 -0.144897 0.244698 0.132911 -0.281723
0.132813 0.104736 -0.124146 0.258226 0.203638 -0.241375
0.146973 0.124146 -0.105835 0.285758 0.241375 -0.205774
