-0.216919 -0.176880 -0.044800 -0.421754 -0.343906 -0.087104
-0.264160 -0.188354 -0.102905 -0.513604 -0.366216 -0.200078
-0.333618 -0.155029 -0.143677 -0.648651 -0.301422 -0.279350
-0.267212 -0.215820 -0.154175 -0.519538 -0.419618 -0.299761
-0.244629 -0.177368 -0.143921 -0.475630 -0.344855 -0.279824
-0.249512 -0.176880 -0.133789 -0.485124 -0.343906 -0.260125
-0.266724 -0.165527 -0.144409 -0.518589 -0.321833 -0.280774
-0.269165 -0.133057 -0.156372 -0.523335 -0.258701 -0.304033
-0.267456 -0.115723 -0.164673 -0.520013 -0.224999 -0.320172
-0.273682 -0.094482 -0.156616 -0.532117 -0.183701 -0.304508
-0.263306 -0.030273 -0.119019 -0.511943 -0.058860 -0.231407
-0.238892 0.043213 -0.084839 -0.464475 0.084018 -0.164952
-0.233887 0.084839 -0.061401 -0.454744 0.164952 -0.119382
-0.257568 0.097534 -0.051514 -0.500788 0.189635 -0.100158
-0.290649 0.103271 -0.060425 -0.565107 0.200790 -0.117483
-0.321533 0.096924 -0.075439 -0.625154 0.188448 -0.146676
-0.332520 0.085571 -0.084595 -0.646515 0.166376 -0.164477
-0.332031 0.083252 -0.095093 -0.645566 0.161866 -0.184888
-0.336182 0.102905 -0.100586 -0.653635 0.200078 -0.195568
-0.355957 0.123413 -0.111572 -0.692084 0.239951 -0.216929
-0.387695 0.126221 -0.127930 -0.753793 0.245410 -0.248733
-0.412109 0.133423 -0.140747 -0.801261 0.259413 -0.273653
-0.434814 0.140747 -0.150513 -0.845406 0.273653 -0.292641
-0.463989 0.157593 -0.164551 -0.902130 0.306406 -0.319935
-0.503418 0.172241 -0.181396 -0.978791 0.334887 -0.352688
-0.541748 0.180908 -0.197754 -1.053316 0.351738 -0.384491
-0.573608 0.167603 -0.211548 -1.115262 0.325868 -0.411311
-0.615479 0.138062 -0.242310 -1.196670 0.268432 -0.471120
-0.657104 0.103516 -0.284668 -1.277603 0.201265 -0.553478
-0.678467 0.084473 -0.319580 -1.319137 0.164239 -0.621357
-0.688354 0.080078 -0.339111 -1.338362 0.155695 -0.659331
-0.688965 0.100708 -0.344116 -1.339549 0.195806 -0.669062
-0.687134 0.136597 -0.332275 -1.335989 0.265584 -0.646040
-0.699463 0.161865 -0.297241 -1.359960 0.314713 -0.577924
-0.716431 0.211914 -0.254761 -1.392950 0.412023 -0.495329
-0.743530 0.207031 -0.235107 -1.445640 0.402529 -0.457117
-0.773438 0.208862 -0.260498 -1.503788 0.406089 -0.506484
-0.808350 0.205688 -0.344360 -1.571667 0.399918 -0.669537
-0.819824 0.135254 -0.420532 -1.593977 0.262973 -0.817637
-0.815918 0.070801 -0.474487 -1.586383 0.137657 -0.922542
-0.797852 0.035645 -0.501343 -1.551256 0.069303 -0.974757
-0.773193 0.046509 -0.487671 -1.503313 0.090427 -0.948174
-0.749878 0.073730 -0.440918 -1.457981 0.143354 -0.857273
-0.740845 0.094116 -0.386230 -1.440418 0.182989 -0.750945
-0.742432 0.086426 -0.333252 -1.443504 0.168037 -0.647939
-0.771362 -0.003418 -0.301392 -1.499753 -0.006646 -0.585993
-0.763306 0.005371 -0.302246 -1.484089 0.010443 -0.587655
-0.724487 0.017578 -0.298218 -1.408615 0.034177 -0.579822
-0.668579 0.026611 -0.295654 -1.299913 0.051740 -0.574838
-0.611694 0.049316 -0.317749 -1.189312 0.095885 -0.617797
-0.551025 0.084839 -0.312012 -1.071354 0.164952 -0.606642
-0.510254 0.049561 -0.286621 -0.992082 0.096360 -0.557275
-0.502075 0.023926 -0.281494 -0.976181 0.046519 -0.547307
-0.491821 0.013428 -0.281250 -0.956244 0.026107 -0.546832
-0.451538 0.016357 -0.281860 -0.877922 0.031804 -0.548019
-0.399414 0.020508 -0.276978 -0.776577 0.039873 -0.538525
-0.354248 0.020874 -0.268311 -0.688762 0.040585 -0.521674
-0.315063 0.015625 -0.266846 -0.612575 0.030380 -0.518826
-0.265381 -0.008057 -0.254761 -0.515978 -0.015664 -0.495329
-0.203613 -0.014404 -0.238892 -0.395884 -0.028006 -0.464475
-0.145996 -0.026855 -0.207520 -0.283859 -0.052215 -0.403478
-0.088745 -0.008423 -0.181396 -0.172546 -0.016376 -0.352688
-0.018677 0.013184 -0.142700 -0.036313 0.025633 -0.277451
0.053345 -0.001221 -0.099976 0.103718 -0.002373 -0.194382
0.117554 -0.006226 -0.058594 0.228559 -0.012104 -0.113923
0.182129 -0.019287 -0.017334 0.354112 -0.037500 -0.033702
0.237305 -0.024780 0.019531 0.461390 -0.048180 0.037974
0.283813 -0.017822 0.053345 0.551816 -0.034652 0.103718
0.331299 0.003540 0.092651 0.644142 0.006883 0.180141
0.379272 0.010254 0.126709 0.737416 0.019937 0.246359
0.423828 0.012695 0.159058 0.824045 0.024683 0.309254
0.455322 0.025513 0.181885 0.885279 0.049604 0.353637
0.476929 0.030640 0.197144 0.927288 0.059572 0.383305
0.498535 0.027832 0.212280 0.969298 0.054114 0.412735
0.518799 0.023315 0.226685 1.008696 0.045332 0.440741
0.534912 0.023071 0.238281 1.040025 0.044857 0.463288
0.547729 0.023804 0.252441 1.064946 0.046281 0.490820
0.551880 0.014404 0.267334 1.073015 0.028006 0.519775
0.565918 0.028442 0.274536 1.100310 0.055300 0.533778
0.582642 0.027344 0.286011 1.132825 0.053164 0.556088
0.598755 0.016357 0.292847 1.164154 0.031804 0.569379
0.618408 -0.002563 0.296753 1.202366 -0.004984 0.576974
0.631348 -0.023315 0.292114 1.227524 -0.045332 0.567955
0.635498 -0.038818 0.280884 1.235594 -0.075474 0.546120
0.626709 -0.050659 0.276367 1.218505 -0.098496 0.537338
0.618896 -0.087769 0.275757 1.203315 -0.170648 0.536152
0.609985 -0.088013 0.283691 1.185989 -0.171122 0.551579
0.601685 -0.079834 0.308716 1.169850 -0.155221 0.600234
0.590942 -0.043823 0.341553 1.148964 -0.085205 0.664078
0.572510 -0.006226 0.374023 1.113126 -0.012104 0.727211
0.548706 0.015503 0.397583 1.066845 0.030142 0.773017
0.531006 0.029907 0.413574 1.032430 0.058148 0.804109
0.519409 0.013672 0.422363 1.009883 0.026582 0.821197
0.505981 -0.010010 0.439087 0.983775 -0.019462 0.853713
0.482544 -0.035400 0.458740 0.938206 -0.068829 0.891925
0.456299 -0.030762 0.478882 0.887178 -0.059810 0.931086
0.414917 -0.031982 0.488037 0.806720 -0.062183 0.948886
0.364624 -0.029541 0.494507 0.708935 -0.057436 0.961465
0.312134 -0.018677 0.506836 0.606879 -0.036313 0.985437
0.254883 -0.014893 0.515503 0.495567 -0.028956 1.002288
0.198730 -0.022095 0.515381 0.386390 -0.042959 1.002051
0.154053 -0.029541 0.515625 0.299523 -0.057436 1.002525
0.110352 -0.029541 0.508911 0.214556 -0.057436 0.989472
0.055664 -0.034912 0.474976 0.108227 -0.067879 0.923491
0.010010 -0.036377 0.468750 0.019462 -0.070727 0.911387
-0.039185 -0.062256 0.453491 -0.076186 -0.121044 0.881719
-0.098633 -0.050171 0.427856 -0.191771 -0.097547 0.831878
-0.154175 -0.033447 0.410767 -0.299761 -0.065031 0.798650
-0.213501 -0.032715 0.392578 -0.415108 -0.063607 0.763286
-0.266724 -0.024170 0.385376 -0.518589 -0.046993 0.749283
-0.298462 -0.010620 0.375488 -0.580297 -0.020649 0.730059
-0.324707 0.014038 0.366943 -0.631325 0.027294 0.713445
-0.351685 0.048828 0.360107 -0.683777 0.094936 0.700154
-0.376587 0.094360 0.345459 -0.732195 0.183464 0.671673
-0.403320 0.139526 0.321655 -0.784172 0.271280 0.625392
-0.431519 0.168945 0.283936 -0.838998 0.328479 0.552054
-0.458496 0.180176 0.234619 -0.891450 0.350314 0.456168
-0.485962 0.180420 0.174561 -0.944852 0.350789 0.339397
-0.522461 0.175293 0.109131 -1.015816 0.340821 0.212182
-0.570190 0.166382 0.039551 -1.108616 0.323495 0.076898
-0.619629 0.151978 -0.027588 -1.204739 0.295489 -0.053639
-0.653442 0.133423 -0.087524 -1.270483 0.259413 -0.170173
-0.676880 0.101196 -0.135376 -1.316052 0.196755 -0.263210
-0.692383 0.068115 -0.177246 -1.346194 0.132436 -0.344618
-0.703247 0.032593 -0.215820 -1.367317 0.063370 -0.419618
-0.716797 -0.001343 -0.245361 -1.393662 -0.002611 -0.477054
-0.733887 -0.024658 -0.259277 -1.426890 -0.047943 -0.504111
-0.776855 -0.119995 -0.256348 -1.510434 -0.233305 -0.498415
-0.795776 -0.166504 -0.240845 -1.547221 -0.323732 -0.468272
-0.770264 -0.105713 -0.259766 -1.497617 -0.205537 -0.505060
-0.752075 -0.031372 -0.275269 -1.462253 -0.060996 -0.535202
-0.693115 0.001343 -0.281372 -1.347618 0.002611 -0.547069
-0.645630 0.013794 -0.290894 -1.255293 0.026819 -0.565582
-0.601929 0.018311 -0.325317 -1.170325 0.035601 -0.632512
-0.598877 -0.038818 -0.381226 -1.164391 -0.075474 -0.741214
-0.599243 -0.103149 -0.444946 -1.165103 -0.200553 -0.865105
-0.579712 -0.159424 -0.502808 -1.127129 -0.309966 -0.977605
-0.541748 -0.180786 -0.533936 -1.053316 -0.351501 -1.038126
-0.504517 -0.218506 -0.515869 -0.980927 -0.424839 -1.003000
-0.458496 -0.215820 -0.485229 -0.891450 -0.419618 -0.943428
-0.417603 -0.162354 -0.460693 -0.811941 -0.315663 -0.895722
-0.365234 -0.073486 -0.432129 -0.710122 -0.142879 -0.840185
-0.312012 -0.018433 -0.436279 -0.606642 -0.035838 -0.848254
-0.257324 0.002686 -0.462158 -0.500313 0.005221 -0.898570
-0.204590 0.001709 -0.479370 -0.397782 0.003323 -0.932035
-0.167114 -0.017456 -0.494263 -0.324919 -0.033940 -0.960991
-0.134399 -0.032837 -0.485718 -0.261312 -0.063845 -0.944377
-0.100952 -0.030518 -0.456177 -0.196280 -0.059335 -0.886941
-0.064697 -0.004761 -0.415527 -0.125790 -0.009256 -0.807906
-0.036011 0.022705 -0.380493 -0.070015 0.044145 -0.739790
