-0.072510 -0.094116 0.056396 -0.140980 -0.182989 0.109651
-0.106567 -0.072998 0.055542 -0.207198 -0.141929 0.107990
-0.109375 -0.060669 0.053833 -0.212657 -0.117958 0.104667
-0.088623 -0.119019 0.052979 -0.172309 -0.231407 0.103006
-0.095459 -0.135254 0.040894 -0.185600 -0.262973 0.079509
-0.104248 -0.139526 0.006226 -0.202689 -0.271280 0.012104
-0.103027 -0.117432 -0.025513 -0.200315 -0.228321 -0.049604
-0.095703 -0.087036 -0.039795 -0.186075 -0.169224 -0.077373
-0.094849 -0.045654 -0.043701 -0.184413 -0.088765 -0.084968
-0.088989 -0.004395 -0.046021 -0.173021 -0.008544 -0.089477
-0.075073 0.015137 -0.041138 -0.145964 0.029430 -0.079984
-0.058838 0.024780 -0.039551 -0.114398 0.048180 -0.076898
-0.053711 0.040405 -0.041504 -0.104430 0.078560 -0.080696
-0.052246 0.044189 -0.043457 -0.101582 0.085917 -0.084493
-0.042114 0.035156 -0.036133 -0.081882 0.068354 -0.070253
-0.031616 0.039063 -0.026489 -0.061471 0.075949 -0.051503
-0.031006 0.028076 -0.017456 -0.060284 0.054588 -0.033940
-0.018677 0.028076 -0.016235 -0.036313 0.054588 -0.031566
-0.008545 0.028198 -0.017822 -0.016614 0.054826 -0.034652
-0.004639 0.022339 -0.019653 -0.009019 0.043433 -0.038212
-0.000488 0.019653 -0.027222 -0.000949 0.038212 -0.052927
-0.002197 0.019287 -0.038086 -0.004272 0.037500 -0.074050
-0.015259 0.015869 -0.051514 -0.029668 0.030854 -0.100158
-0.032349 0.005127 -0.063599 -0.062895 0.009968 -0.123654
-0.042480 0.003906 -0.067383 -0.082594 0.007595 -0.131012
-0.046021 0.010620 -0.063599 -0.089477 0.020649 -0.123654
-0.050781 0.025635 -0.053101 -0.098734 0.049841 -0.103243
-0.054932 0.040161 -0.041748 -0.106803 0.078085 -0.081170
-0.065308 0.041626 -0.026611 -0.126977 0.080933 -0.051740
-0.081787 0.051025 -0.020630 -0.159018 0.099208 -0.040111
-0.107910 0.066406 -0.028442 -0.209809 0.129113 -0.055300
-0.129272 0.072632 -0.038574 -0.251343 0.141217 -0.075000
-0.148804 0.077148 -0.043823 -0.289318 0.149999 -0.085205
-0.174805 0.082520 -0.051880 -0.339871 0.160442 -0.100870
-0.201294 0.094360 -0.065430 -0.391374 0.183464 -0.127214
-0.230713 0.102173 -0.075684 -0.448573 0.198654 -0.147151
-0.262207 0.114258 -0.079346 -0.509807 0.222151 -0.154271
-0.295288 0.132202 -0.079590 -0.574126 0.257040 -0.154746
-0.324585 0.163208 -0.079590 -0.631088 0.317324 -0.154746
-0.346802 0.197266 -0.089478 -0.674284 0.383542 -0.173970
-0.370972 0.229614 -0.117554 -0.721277 0.446437 -0.228559
-0.397949 0.247192 -0.162109 -0.773729 0.480614 -0.315188
-0.433228 0.233032 -0.201904 -0.842321 0.453083 -0.392561
-0.479492 0.219482 -0.235229 -0.932273 0.426738 -0.457355
-0.540771 0.215820 -0.269165 -1.051417 0.419618 -0.523335
-0.596680 0.212402 -0.306885 -1.160119 0.412972 -0.596673
-0.646729 0.203003 -0.336548 -1.257429 0.394697 -0.654347
-0.680908 0.199463 -0.371216 -1.323884 0.387814 -0.721752
-0.701782 0.189575 -0.400635 -1.364469 0.368589 -0.778951
-0.719482 0.194580 -0.419556 -1.398884 0.378320 -0.815739
-0.729492 0.229492 -0.437500 -1.418346 0.446200 -0.850628
-0.735718 0.257813 -0.440674 -1.430450 0.501263 -0.856798
-0.744629 0.276367 -0.420898 -1.447776 0.537338 -0.818349
-0.778564 0.269043 -0.386230 -1.513756 0.523098 -0.750945
-0.832397 0.264526 -0.354126 -1.618423 0.514316 -0.688524
-0.884644 0.256348 -0.351685 -1.720005 0.498415 -0.683777
-0.931885 0.257324 -0.373291 -1.811856 0.500313 -0.725787
-0.983398 0.154907 -0.420166 -1.912013 0.301185 -0.816925
-1.023926 0.134521 -0.499756 -1.990810 0.261549 -0.971671
-1.066650 0.071167 -0.575195 -2.073879 0.138369 -1.118347
-1.071045 0.049194 -0.618164 -2.082424 0.095648 -1.201891
-1.069824 0.031738 -0.646973 -2.080050 0.061708 -1.257903
-1.065308 0.001099 -0.659058 -2.071269 0.002136 -1.281400
-1.026123 0.013428 -0.640991 -1.995082 0.026107 -1.246274
-0.980835 0.029785 -0.578247 -1.907029 0.057911 -1.124281
-0.949951 -0.047729 -0.489136 -1.846982 -0.092800 -0.951023
-0.872681 0.002563 -0.391846 -1.696746 0.004984 -0.761862
-0.773560 0.084839 -0.298462 -1.504025 0.164952 -0.580297
-0.689819 0.161743 -0.241455 -1.341210 0.314476 -0.469459
-0.612427 0.214233 -0.208618 -1.190736 0.416532 -0.405615
-0.571777 0.154419 -0.190308 -1.111702 0.300235 -0.370014
-0.527832 0.057739 -0.203125 -1.026259 0.112262 -0.394934
-0.477905 -0.011230 -0.223145 -0.929187 -0.021835 -0.433858
-0.400513 -0.042603 -0.241577 -0.778713 -0.082832 -0.469696
-0.308472 -0.065430 -0.224976 -0.599759 -0.127214 -0.437418
-0.220703 -0.054443 -0.191406 -0.429111 -0.105854 -0.372150
-0.133423 -0.041992 -0.148071 -0.259413 -0.081645 -0.287894
-0.038086 -0.030151 -0.109619 -0.074050 -0.058623 -0.213132
0.056885 -0.033325 -0.070068 0.110601 -0.064794 -0.136233
0.149414 -0.028198 -0.030640 0.290505 -0.054826 -0.059572
0.231445 -0.019531 0.003906 0.449997 -0.037974 0.007595
0.301880 -0.013062 0.041504 0.586943 -0.025395 0.080696
0.369873 0.004761 0.086914 0.719141 0.009256 0.168986
0.436523 0.019897 0.142456 0.848729 0.038686 0.276976
0.491821 0.037720 0.194824 0.956244 0.073338 0.378795
0.538330 0.053467 0.231934 1.046671 0.103955 0.450947
0.579346 0.067017 0.253784 1.126417 0.130300 0.493430
0.612671 0.058228 0.259766 1.191211 0.113211 0.505060
0.638184 0.038330 0.254028 1.240815 0.074525 0.493905
0.654053 0.014404 0.245728 1.271669 0.028006 0.477766
0.654297 -0.010620 0.234863 1.272144 -0.020649 0.456643
0.648071 -0.037231 0.225830 1.260040 -0.072389 0.439080
0.641968 -0.068481 0.222168 1.248173 -0.133148 0.431959
0.632080 -0.089478 0.230591 1.228948 -0.173970 0.448336
0.617432 -0.116943 0.244995 1.200467 -0.227372 0.476342
0.609009 -0.139893 0.265259 1.184091 -0.271992 0.515740
0.609741 -0.141113 0.289429 1.185515 -0.274365 0.562734
0.609741 -0.142334 0.319702 1.185515 -0.276739 0.621594
0.608887 -0.136719 0.350830 1.183853 -0.265821 0.682116
0.609619 -0.118408 0.379517 1.185277 -0.230220 0.737891
0.608276 -0.100220 0.400635 1.182667 -0.194856 0.778951
0.601929 -0.079712 0.424194 1.170325 -0.154983 0.824758
0.584106 -0.065430 0.440308 1.135673 -0.127214 0.856086
0.557373 -0.057373 0.447754 1.083696 -0.111550 0.870564
0.526245 -0.053101 0.457886 1.023174 -0.103243 0.890263
0.478638 -0.046509 0.466675 0.930611 -0.090427 0.907352
0.423584 -0.049072 0.469971 0.823571 -0.095411 0.913760
0.380859 -0.050903 0.473022 0.740502 -0.098971 0.919694
0.342529 -0.046997 0.479370 0.665977 -0.091376 0.932035
0.299683 -0.054443 0.484863 0.582670 -0.105854 0.942716
0.247559 -0.066528 0.486450 0.481326 -0.129350 0.945801
0.193359 -0.056641 0.484863 0.375947 -0.110126 0.942716
0.141113 -0.029419 0.481323 0.274365 -0.057199 0.935833
0.092529 -0.009644 0.473999 0.179904 -0.018750 0.921592
0.051270 0.009277 0.470703 0.099683 0.018038 0.915184
0.013916 0.039429 0.470947 0.027057 0.076661 0.915659
-0.028809 0.080688 0.469360 -0.056012 0.156882 0.912573
-0.087524 0.123657 0.452271 -0.170173 0.240426 0.879346
-0.148682 0.145142 0.454468 -0.289080 0.282198 0.883618
-0.212402 0.116089 0.434082 -0.412972 0.225711 0.843982
-0.281494 0.100220 0.407593 -0.547307 0.194856 0.792479
-0.335938 0.079834 0.378540 -0.653160 0.155221 0.735992
-0.390259 0.070190 0.337524 -0.758777 0.136471 0.656246
-0.445557 0.081055 0.299561 -0.866292 0.157594 0.582433
-0.497803 0.103516 0.265503 -0.967874 0.201265 0.516215
-0.541748 0.142334 0.235229 -1.053316 0.276739 0.457355
-0.579590 0.174561 0.203369 -1.126892 0.339397 0.395409
-0.616821 0.203247 0.173462 -1.199281 0.395172 0.337261
-0.662231 0.216675 0.126587 -1.287571 0.421279 0.246122
-0.714233 0.198608 0.060791 -1.388678 0.386153 0.118195
-0.768311 0.157471 -0.013916 -1.493820 0.306169 -0.027057
-0.817261 0.112305 -0.082520 -1.588993 0.218353 -0.160442
-0.848511 0.056519 -0.147705 -1.649752 0.109889 -0.287182
-0.872803 -0.024780 -0.217896 -1.696983 -0.048180 -0.423652
-0.896484 -0.113037 -0.267090 -1.743027 -0.219777 -0.519301
-0.942261 -0.260376 -0.275757 -1.832030 -0.506247 -0.536152
-0.924561 -0.270996 -0.291260 -1.797615 -0.526895 -0.566294
-0.900024 -0.198486 -0.309448 -1.749910 -0.385915 -0.601658
-0.858643 -0.110229 -0.310791 -1.669452 -0.214318 -0.604268
-0.795288 -0.057495 -0.300049 -1.546272 -0.111787 -0.583382
-0.737061 -0.032959 -0.284424 -1.433061 -0.064082 -0.553003
-0.681885 -0.019287 -0.303833 -1.325783 -0.037500 -0.590740
-0.644287 -0.026978 -0.364014 -1.252682 -0.052452 -0.707749
-0.594971 -0.051025 -0.420898 -1.156797 -0.099208 -0.818349
-0.518677 -0.036255 -0.454712 -1.008459 -0.070490 -0.884093
-0.472412 -0.071289 -0.461670 -0.918507 -0.138607 -0.897621
-0.446655 -0.070923 -0.466553 -0.868428 -0.137895 -0.907115
-0.432983 -0.068115 -0.494873 -0.841846 -0.132436 -0.962178
-0.399902 -0.063599 -0.511841 -0.777527 -0.123654 -0.995168
-0.346802 -0.068970 -0.524292 -0.674284 -0.134097 -1.019377
