0.100708 0.011108 -0.068970 0.195806 0.021598 -0.134097
0.108887 0.041626 -0.057129 0.211708 0.080933 -0.111075
0.083862 0.043945 -0.084351 0.163053 0.085443 -0.164002
0.176392 -0.009521 -0.070068 0.342957 -0.018513 -0.136233
0.228271 0.047485 -0.043701 0.443826 0.092325 -0.084968
0.269531 0.086182 -0.040527 0.524047 0.167562 -0.078797
0.298340 0.100464 -0.054077 0.580060 0.195331 -0.105142
0.334106 0.134766 -0.067627 0.649600 0.262024 -0.131487
0.371704 0.174805 -0.080688 0.722701 0.339871 -0.156882
0.410278 0.198608 -0.102173 0.797701 0.386153 -0.198654
0.452393 0.185303 -0.114868 0.879583 0.360283 -0.223337
0.481934 0.198608 -0.108398 0.937019 0.386153 -0.210758
0.524658 0.198120 -0.101318 1.020089 0.385203 -0.196992
0.567627 0.195068 -0.060791 1.103632 0.379270 -0.118195
0.609131 0.235352 -0.017700 1.184328 0.457592 -0.034414
0.645874 0.290283 0.001343 1.255767 0.564395 0.002611
0.672607 0.342773 0.012573 1.307745 0.666452 0.024446
0.697388 0.365967 0.032959 1.355925 0.711546 0.064082
0.717407 0.353149 0.056519 1.394849 0.686625 0.109889
0.734619 0.325073 0.088989 1.428314 0.632037 0.173021
0.746338 0.302734 0.120972 1.451098 0.588604 0.235204
0.756836 0.298828 0.136475 1.471510 0.581009 0.265346
0.775879 0.298706 0.148682 1.508535 0.580772 0.289080
0.811523 0.297729 0.163696 1.577838 0.578873 0.318273
0.835449 0.291138 0.171021 1.624357 0.566057 0.332514
0.842163 0.282104 0.169800 1.637411 0.548493 0.330140
0.852661 0.282593 0.166626 1.657822 0.549443 0.323969
0.854004 0.264282 0.144287 1.660433 0.513842 0.280536
0.853760 0.247192 0.119995 1.659958 0.480614 0.233305
0.842651 0.219849 0.100586 1.638360 0.427450 0.195568
0.822754 0.187500 0.082031 1.599674 0.364555 0.159493
0.796997 0.151855 0.069580 1.549595 0.295251 0.135284
0.779419 0.130981 0.069458 1.515418 0.254666 0.135047
0.776489 0.124268 0.074951 1.509722 0.241612 0.145727
0.769531 0.125366 0.064819 1.496193 0.243748 0.126028
0.748169 0.141479 0.044067 1.454659 0.275077 0.085680
0.721436 0.164307 0.029663 1.402681 0.319460 0.057674
0.686401 0.184814 0.031372 1.334564 0.359333 0.060996
0.642700 0.203491 0.032959 1.249597 0.395646 0.064082
0.582764 0.222412 0.037231 1.133062 0.432434 0.072389
0.496826 0.215332 0.046265 0.965975 0.418668 0.089952
0.424194 0.176025 0.053955 0.824758 0.342245 0.104904
0.368652 0.150269 0.054810 0.716768 0.292166 0.106566
0.289795 0.122437 0.034180 0.563446 0.238052 0.066455
0.200439 0.112549 -0.001343 0.389713 0.218828 -0.002611
0.134399 0.134399 -0.023560 0.261312 0.261312 -0.045807
0.064331 0.140259 -0.034790 0.125078 0.272704 -0.067642
-0.009033 0.119751 -0.044800 -0.017563 0.232831 -0.087104
-0.067993 0.117920 -0.045776 -0.132199 0.229271 -0.089003
-0.123291 0.150269 -0.052124 -0.239714 0.292166 -0.101344
-0.190796 0.157593 -0.069214 -0.370963 0.306406 -0.134572
-0.255737 0.166260 -0.099487 -0.497228 0.323257 -0.193432
-0.328247 0.152466 -0.131958 -0.638208 0.296438 -0.256565
-0.405396 0.128906 -0.165039 -0.788207 0.250631 -0.320884
-0.502319 0.108154 -0.210449 -0.976655 0.210283 -0.409175
-0.600952 0.056519 -0.266357 -1.168426 0.109889 -0.517877
-0.674194 -0.001709 -0.304932 -1.310830 -0.003323 -0.592876
-0.740967 -0.020874 -0.342651 -1.440655 -0.040585 -0.666214
-0.817505 -0.032227 -0.387695 -1.589468 -0.062658 -0.753793
-0.879272 -0.045044 -0.421997 -1.709562 -0.087579 -0.820485
-0.927002 -0.061523 -0.449707 -1.802362 -0.119620 -0.874362
-0.960083 -0.042358 -0.478516 -1.866681 -0.082357 -0.930374
-0.971313 -0.014404 -0.496338 -1.888517 -0.028006 -0.965026
-0.983887 0.022949 -0.515381 -1.912963 0.044620 -1.002051
-1.002075 0.071167 -0.532715 -1.948326 0.138369 -1.035753
-1.020508 0.092163 -0.556519 -1.984165 0.179192 -1.082034
-1.037964 0.100830 -0.580078 -2.018105 0.196043 -1.127841
-1.086426 0.078735 -0.603638 -2.112329 0.153084 -1.173648
-1.139404 0.022583 -0.619385 -2.215334 0.043908 -1.204265
-1.196899 -0.005493 -0.634644 -2.327121 -0.010680 -1.233932
-1.245850 -0.017944 -0.645142 -2.422295 -0.034889 -1.254343
-1.254517 -0.012817 -0.633911 -2.439146 -0.024921 -1.232508
-1.239380 0.073364 -0.610596 -2.409716 0.142642 -1.187176
-1.242920 0.077026 -0.609863 -2.416599 0.149762 -1.185752
-1.254028 0.140869 -0.655640 -2.438197 0.273891 -1.274755
-1.266479 0.122803 -0.728516 -2.462405 0.238764 -1.416447
-1.265991 0.107422 -0.806030 -2.461456 0.208859 -1.567158
-1.244141 0.055298 -0.853394 -2.418972 0.107515 -1.659246
-1.188721 0.028320 -0.819092 -2.311220 0.055063 -1.592553
-1.134399 -0.042969 -0.730835 -2.205603 -0.083544 -1.420956
-1.079102 -0.047119 -0.622437 -2.098088 -0.091613 -1.210198
-0.973633 0.058350 -0.510254 -1.893026 0.113449 -0.992082
-0.881348 0.120850 -0.437744 -1.713597 0.234967 -0.851102
-0.771240 0.150879 -0.414063 -1.499516 0.293353 -0.805058
-0.627563 0.212402 -0.391479 -1.220166 0.412972 -0.761150
-0.474243 0.203491 -0.321777 -0.922067 0.395646 -0.625629
-0.378174 0.124756 -0.252441 -0.735280 0.242562 -0.490820
-0.295044 0.100342 -0.186035 -0.573651 0.195094 -0.361707
-0.192749 0.053345 -0.118774 -0.374760 0.103718 -0.230932
-0.065308 0.017944 -0.065918 -0.126977 0.034889 -0.128164
0.053833 -0.015991 -0.019409 0.104667 -0.031092 -0.037737
0.164795 -0.030029 0.019165 0.320409 -0.058386 0.037262
0.269653 -0.069336 0.062988 0.524285 -0.134809 0.122468
0.381714 -0.103027 0.114502 0.742163 -0.200315 0.222625
0.495728 -0.073242 0.177124 0.963839 -0.142404 0.344381
0.596313 -0.021729 0.247070 1.159407 -0.042247 0.480377
0.678223 0.043945 0.315063 1.318663 0.085443 0.612575
0.750122 0.093384 0.379395 1.458456 0.181565 0.737654
0.814331 0.129272 0.434570 1.583297 0.251343 0.844931
0.860718 0.154541 0.470703 1.673486 0.300473 0.915184
0.891724 0.145264 0.480713 1.733771 0.282435 0.934646
0.908081 0.104492 0.461792 1.765574 0.203163 0.897858
0.909180 0.047974 0.423828 1.767710 0.093275 0.824045
0.898438 -0.025146 0.376953 1.746825 -0.048892 0.732907
0.881714 -0.079468 0.339844 1.714309 -0.154509 0.660755
0.849731 -0.103638 0.324219 1.652126 -0.201502 0.630376
0.816895 -0.111694 0.327881 1.588281 -0.217166 0.637496
0.801636 -0.117554 0.350464 1.558614 -0.228559 0.681404
0.791626 -0.120361 0.377563 1.539152 -0.234018 0.734093
0.789185 -0.098633 0.402710 1.534405 -0.191771 0.782986
0.777710 -0.091797 0.430908 1.512095 -0.178480 0.837811
0.761597 -0.074585 0.465454 1.480766 -0.145015 0.904979
0.738525 -0.062012 0.498901 1.435909 -0.120569 0.970010
0.701172 -0.067383 0.533447 1.363283 -0.131012 1.037177
0.638062 -0.056519 0.547729 1.240578 -0.109889 1.064946
0.578003 -0.066528 0.556152 1.123806 -0.129350 1.081322
0.533936 -0.096191 0.573364 1.038126 -0.187024 1.114787
0.486572 -0.111694 0.586426 0.946038 -0.217166 1.140183
0.435791 -0.100586 0.595825 0.847305 -0.195568 1.158458
0.388794 -0.065552 0.606323 0.755929 -0.127452 1.178869
0.339478 -0.019531 0.618530 0.660043 -0.037974 1.202603
0.274292 0.009033 0.620605 0.533304 0.017563 1.206638
0.203125 0.005249 0.606445 0.394934 0.010206 1.179107
0.130981 -0.010742 0.582397 0.254666 -0.020886 1.132350
0.056396 -0.044800 0.550903 0.109651 -0.087104 1.071117
-0.009766 -0.080200 0.528931 -0.018987 -0.155933 1.028395
-0.069946 -0.078369 0.511597 -0.135996 -0.152372 0.994693
-0.137817 -0.052002 0.486450 -0.267957 -0.101107 0.945801
-0.201782 -0.039795 0.462524 -0.392323 -0.077373 0.899282
-0.250854 -0.030762 0.447998 -0.487734 -0.059810 0.871039
-0.295776 -0.014038 0.433716 -0.575076 -0.027294 0.843270
-0.333252 0.016113 0.419312 -0.647939 0.031329 0.815264
-0.363403 0.056519 0.405273 -0.706562 0.109889 0.787970
-0.390015 0.093018 0.399658 -0.758302 0.180853 0.777052
-0.415283 0.116333 0.388062 -0.807432 0.226185 0.754505
-0.436890 0.139160 0.379028 -0.849441 0.270568 0.736942
-0.466797 0.177856 0.347534 -0.907589 0.345805 0.675708
-0.522217 0.212036 0.302734 -1.015342 0.412260 0.588604
-0.585449 0.208984 0.256836 -1.138284 0.406327 0.499364
-0.645264 0.196533 0.208374 -1.254581 0.382118 0.405140
-0.700317 0.182861 0.151123 -1.361621 0.355536 0.293827
-0.728394 0.144287 0.075684 -1.416209 0.280536 0.147151
-0.734863 0.117676 -0.008545 -1.428789 0.228796 -0.016614
-0.741821 0.085083 -0.074951 -1.442317 0.165426 -0.145727
-0.744385 0.050049 -0.139160 -1.447301 0.097310 -0.270568
-0.750366 -0.002563 -0.185181 -1.458931 -0.004984 -0.360045
-0.759644 -0.007446 -0.225708 -1.476969 -0.014478 -0.438842
-0.776611 -0.015381 -0.253784 -1.509959 -0.029905 -0.493430
-0.789551 -0.005493 -0.266602 -1.535117 -0.010680 -0.518351
-0.768188 0.021973 -0.270630 -1.493582 0.042721 -0.526183
