-0.072754 -0.135376 -0.028320 -0.141455 -0.263210 -0.055063
-0.030762 -0.238647 -0.020020 -0.059810 -0.464000 -0.038924
-0.022217 -0.174805 0.009033 -0.043196 -0.339871 0.017563
0.043457 -0.179688 -0.010742 0.084493 -0.349365 -0.020886
0.027954 -0.195923 -0.042969 0.054351 -0.380931 -0.083544
0.036987 -0.176514 -0.062378 0.071914 -0.343194 -0.121281
0.066040 -0.108887 -0.066650 0.128401 -0.211708 -0.129588
0.097900 -0.047485 -0.067139 0.190347 -0.092325 -0.130537
0.126587 0.004639 -0.058716 0.246122 0.009019 -0.114161
0.158447 0.083496 -0.042847 0.308068 0.162341 -0.083306
0.225220 0.176147 -0.084717 0.437893 0.342482 -0.164714
0.306030 0.154297 -0.122314 0.595012 0.299998 -0.237815
0.388184 0.126221 -0.097412 0.754742 0.245410 -0.189398
0.479004 0.109009 -0.049561 0.931323 0.211945 -0.096360
0.543335 0.101563 -0.026245 1.056402 0.197467 -0.051028
0.560547 0.145020 -0.022583 1.089867 0.281960 -0.043908
0.558350 0.204102 -0.034668 1.085594 0.396833 -0.067405
0.572998 0.219482 -0.050537 1.114075 0.426738 -0.098259
0.592651 0.198853 -0.056641 1.152287 0.386627 -0.110126
0.606079 0.162231 -0.063354 1.178395 0.315425 -0.123180
0.622192 0.163574 -0.075073 1.209723 0.318036 -0.145964
0.640869 0.160400 -0.084839 1.246037 0.311865 -0.164952
0.667969 0.164551 -0.085205 1.298726 0.319935 -0.165664
0.695435 0.178833 -0.079590 1.352128 0.347704 -0.154746
0.718262 0.198242 -0.068481 1.396510 0.385441 -0.133148
0.734009 0.207275 -0.052490 1.427127 0.403004 -0.102056
0.750732 0.207886 -0.038940 1.459643 0.404191 -0.075712
0.766235 0.192993 -0.031860 1.489785 0.375235 -0.061946
0.777832 0.177856 -0.033936 1.512332 0.345805 -0.065981
0.790039 0.171265 -0.037842 1.536066 0.332988 -0.073575
0.796143 0.171143 -0.033691 1.547933 0.332751 -0.065506
0.802246 0.170166 -0.026367 1.559800 0.330852 -0.051266
0.798950 0.169189 -0.025269 1.553392 0.328954 -0.049129
0.780762 0.163330 -0.031128 1.518028 0.317561 -0.060522
0.761597 0.146484 -0.038818 1.480766 0.284808 -0.075474
0.733521 0.125366 -0.043701 1.426178 0.243748 -0.084968
0.699219 0.125977 -0.038696 1.359485 0.244935 -0.075237
0.663452 0.146606 -0.030029 1.289944 0.285046 -0.058386
0.624268 0.168091 -0.018433 1.213758 0.326818 -0.035838
0.586060 0.174194 -0.003540 1.139471 0.338685 -0.006883
0.550293 0.195313 0.004028 1.069930 0.379744 0.007832
0.507324 0.211060 0.006958 0.986386 0.410361 0.013528
0.468750 0.221924 0.009155 0.911387 0.431485 0.017801
0.429077 0.232910 0.000366 0.834251 0.452845 0.000712
0.362061 0.225342 -0.020996 0.703951 0.438130 -0.040823
0.269531 0.199097 -0.045898 0.524047 0.387102 -0.089240
0.166626 0.171265 -0.060303 0.323969 0.332988 -0.117246
0.065186 0.147705 -0.076172 0.126740 0.287182 -0.148100
-0.011108 0.137207 -0.084106 -0.021598 0.266770 -0.163527
-0.057617 0.142700 -0.084351 -0.112025 0.277451 -0.164002
-0.110596 0.165405 -0.092529 -0.215030 0.321596 -0.179904
-0.182373 0.196411 -0.106445 -0.354586 0.381881 -0.206961
-0.275024 0.213379 -0.122437 -0.534728 0.414871 -0.238052
-0.378906 0.199829 -0.139404 -0.736704 0.388526 -0.271043
-0.473511 0.167847 -0.156250 -0.920643 0.326343 -0.303796
-0.566650 0.138306 -0.180420 -1.101734 0.268907 -0.350789
-0.651245 0.112793 -0.223633 -1.266210 0.219302 -0.434807
-0.723022 0.092041 -0.274170 -1.405766 0.178955 -0.533066
-0.790405 0.069946 -0.316895 -1.536778 0.135996 -0.616135
-0.854736 0.048218 -0.356201 -1.661857 0.093749 -0.692559
-0.914673 0.039063 -0.392700 -1.778391 0.075949 -0.763524
-0.960938 0.026489 -0.415405 -1.868343 0.051503 -0.807669
-0.987061 0.032349 -0.442017 -1.919134 0.062895 -0.859409
-1.002930 0.067505 -0.450562 -1.949988 0.131249 -0.876023
-1.023438 0.077637 -0.474976 -1.989861 0.150948 -0.923491
-1.026733 0.111694 -0.493164 -1.996269 0.217166 -0.958855
-1.025513 0.098877 -0.504272 -1.993896 0.192246 -0.980453
-1.045044 0.077515 -0.523804 -2.031870 0.150711 -1.018427
-1.076538 0.060425 -0.533325 -2.093104 0.117483 -1.036940
-1.121826 0.035156 -0.503052 -2.181157 0.068354 -0.978079
-1.145142 0.038208 -0.457520 -2.226489 0.074288 -0.889551
-1.129761 0.072876 -0.409180 -2.196584 0.141692 -0.795565
-1.092163 0.127319 -0.367920 -2.123483 0.247546 -0.715344
-1.054932 0.183228 -0.354248 -2.051095 0.356248 -0.688762
-1.049805 0.252319 -0.396729 -2.041126 0.490582 -0.771356
-1.082520 0.208130 -0.498047 -2.104734 0.404665 -0.968348
-1.111206 0.170898 -0.624268 -2.160509 0.332276 -1.213758
-1.141846 0.087036 -0.748413 -2.220081 0.169224 -1.455133
-1.154785 0.018921 -0.804932 -2.245239 0.036788 -1.565022
-1.121460 -0.007568 -0.780884 -2.180445 -0.014715 -1.518266
-1.072144 0.000488 -0.691528 -2.084560 0.000949 -1.344533
-1.030884 0.063843 -0.595337 -2.004339 0.124129 -1.157509
-0.974243 0.099365 -0.500244 -1.894213 0.193195 -0.972620
-0.927979 0.060303 -0.441040 -1.804261 0.117246 -0.857510
-0.843506 0.091675 -0.428101 -1.640021 0.178243 -0.832352
-0.698364 0.134277 -0.408813 -1.357824 0.261074 -0.794853
-0.541504 0.175537 -0.380737 -1.052842 0.341295 -0.740264
-0.414795 0.189087 -0.324097 -0.806482 0.367640 -0.630138
-0.316284 0.148193 -0.243896 -0.614949 0.288131 -0.474206
-0.243164 0.088745 -0.189087 -0.472782 0.172546 -0.367640
-0.169189 0.049438 -0.162964 -0.328954 0.096123 -0.316849
-0.065063 -0.002930 -0.133301 -0.126502 -0.005696 -0.259176
0.052979 -0.050171 -0.097534 0.103006 -0.097547 -0.189635
0.162476 -0.079224 -0.048584 0.315900 -0.154034 -0.094461
0.269165 -0.087280 0.020386 0.523335 -0.169698 0.039636
0.383057 -0.080444 0.103271 0.744774 -0.156407 0.200790
0.502808 -0.035278 0.192993 0.977605 -0.068591 0.375235
0.613647 0.045776 0.278442 1.193110 0.089003 0.541373
0.702515 0.110718 0.353027 1.365893 0.215268 0.686388
0.771484 0.146118 0.413940 1.499991 0.284096 0.804821
0.816162 0.142334 0.441162 1.586857 0.276739 0.857748
0.831543 0.110474 0.423706 1.616762 0.214793 0.823808
0.826904 0.032715 0.385010 1.607743 0.063607 0.748571
0.807007 -0.044434 0.347290 1.569057 -0.086392 0.675233
0.781372 -0.093872 0.321045 1.519215 -0.182515 0.624205
0.768921 -0.131714 0.318970 1.495006 -0.256090 0.620170
0.762451 -0.144897 0.332886 1.482427 -0.281723 0.647227
0.754883 -0.136108 0.349487 1.467712 -0.264634 0.679505
0.752319 -0.122070 0.374512 1.462728 -0.237340 0.728160
0.750732 -0.095825 0.400513 1.459643 -0.186312 0.778713
0.755249 -0.062622 0.428223 1.468424 -0.121756 0.832590
0.746582 -0.051880 0.460693 1.451573 -0.100870 0.895722
0.723999 -0.039185 0.483521 1.407665 -0.076186 0.940105
0.699341 -0.046021 0.504028 1.359722 -0.089477 0.979978
0.653320 -0.069946 0.506470 1.270245 -0.135996 0.984725
0.598511 -0.100220 0.494995 1.163679 -0.194856 0.962415
0.543701 -0.132080 0.487671 1.057114 -0.256802 0.948174
0.488403 -0.145752 0.485352 0.949598 -0.283384 0.943665
0.443359 -0.130127 0.503418 0.862020 -0.253005 0.978791
0.397461 -0.082642 0.533569 0.772780 -0.160679 1.037414
0.356812 -0.035278 0.556396 0.693746 -0.068591 1.081797
0.314941 -0.002808 0.565186 0.612338 -0.005459 1.098886
0.271973 0.013672 0.561646 0.528794 0.026582 1.092003
0.220459 0.004028 0.552368 0.428637 0.007832 1.073965
0.158203 -0.010986 0.538574 0.307593 -0.021361 1.047145
0.091675 -0.020874 0.521484 0.178243 -0.040585 1.013918
0.019409 -0.036987 0.507202 0.037737 -0.071914 0.986149
-0.040527 -0.040405 0.500244 -0.078797 -0.078560 0.972620
-0.086792 -0.022583 0.494141 -0.168749 -0.043908 0.960754
-0.134033 0.002319 0.475708 -0.260600 0.004509 0.924915
-0.180786 0.026001 0.446655 -0.351501 0.050553 0.868428
-0.218750 0.041504 0.419922 -0.425314 0.080696 0.816451
-0.257446 0.047852 0.392334 -0.500551 0.093037 0.762812
-0.307495 0.045532 0.356079 -0.597860 0.088528 0.692322
-0.357788 0.039429 0.318604 -0.695644 0.076661 0.619458
-0.403320 0.042725 0.299194 -0.784172 0.083069 0.581721
-0.438599 0.058105 0.286133 -0.852764 0.112974 0.556326
-0.487061 0.073242 0.274048 -0.946988 0.142404 0.532829
-0.533203 0.083618 0.250732 -1.036702 0.162578 0.487497
-0.568359 0.108887 0.213623 -1.105056 0.211708 0.415345
-0.609741 0.122925 0.166138 -1.185515 0.239002 0.323020
-0.641479 0.133911 0.109009 -1.247223 0.260362 0.211945
-0.663330 0.148438 0.046021 -1.289707 0.288606 0.089477
-0.685913 0.150146 -0.016357 -1.333615 0.291929 -0.031804
-0.708374 0.134155 -0.075562 -1.377286 0.260837 -0.146914
-0.734497 0.106445 -0.125854 -1.428077 0.206961 -0.244698
-0.762817 0.018555 -0.163940 -1.483139 0.036076 -0.318748
-0.785034 -0.001953 -0.209473 -1.526335 -0.003797 -0.407276
-0.821533 -0.045654 -0.257690 -1.597300 -0.088765 -0.501025
-0.818481 -0.045410 -0.303467 -1.591367 -0.088291 -0.590028
