0.101318 -0.109009 0.106812 0.196992 -0.211945 0.207673
0.074341 -0.101807 0.110718 0.144540 -0.197942 0.215268
-0.037109 -0.100098 0.078369 -0.072151 -0.194619 0.152372
0.030518 -0.104126 0.058838 0.059335 -0.202451 0.114398
0.058350 -0.065430 0.082275 0.113449 -0.127214 0.159967
0.047363 -0.118896 0.081177 0.092088 -0.231169 0.157831
0.032593 -0.111572 0.054199 0.063370 -0.216929 0.105379
0.023315 -0.063965 0.029419 0.045332 -0.124366 0.057199
0.044922 -0.015137 0.021362 0.087341 -0.029430 0.041535
0.059326 0.002075 0.021484 0.115347 0.004035 0.041772
0.071899 0.035156 0.013428 0.139793 0.068354 0.026107
0.096802 0.059814 0.009277 0.188211 0.116297 0.018038
0.122803 0.095215 0.015625 0.238764 0.185125 0.030380
0.135010 0.124878 0.024658 0.262498 0.242799 0.047943
0.132935 0.152344 0.027222 0.258464 0.296201 0.052927
0.117920 0.166260 0.036865 0.229271 0.323257 0.071677
0.098022 0.183960 0.049683 0.190584 0.357672 0.096597
0.062256 0.186523 0.039185 0.121044 0.362656 0.076186
0.031250 0.160889 0.009033 0.060759 0.312815 0.017563
-0.002319 0.131470 -0.032959 -0.004509 0.255615 -0.064082
-0.042603 0.102417 -0.074951 -0.082832 0.199128 -0.145727
-0.106567 0.041992 -0.127441 -0.207198 0.081645 -0.247783
-0.176270 0.010132 -0.185791 -0.342719 0.019699 -0.361232
-0.238281 0.028320 -0.223511 -0.463288 0.055063 -0.434570
-0.290527 0.054321 -0.224365 -0.564870 0.105616 -0.436231
-0.328491 0.088745 -0.219482 -0.638683 0.172546 -0.426738
-0.376465 0.122559 -0.224121 -0.731957 0.238290 -0.435757
-0.426025 0.153809 -0.231323 -0.828318 0.299049 -0.449760
-0.472534 0.177856 -0.242188 -0.918744 0.345805 -0.470883
-0.524048 0.206177 -0.263550 -1.018902 0.400868 -0.512418
-0.580322 0.222656 -0.285767 -1.128316 0.432909 -0.555614
-0.633179 0.224976 -0.311157 -1.231084 0.437418 -0.604980
-0.694336 0.219604 -0.344971 -1.349992 0.426975 -0.670724
-0.760010 0.216675 -0.386230 -1.477681 0.421279 -0.750945
-0.821777 0.207397 -0.424805 -1.597775 0.403241 -0.825944
-0.858887 0.185425 -0.442627 -1.669926 0.360520 -0.860596
-0.880249 0.174316 -0.440918 -1.711461 0.338922 -0.857273
-0.913086 0.188232 -0.446533 -1.775305 0.365979 -0.868191
-0.957031 0.196045 -0.468262 -1.860748 0.381168 -0.910437
-0.996948 0.183594 -0.494995 -1.938358 0.356960 -0.962415
-1.013916 0.155029 -0.504272 -1.971348 0.301422 -0.980453
-1.016357 0.158691 -0.498413 -1.976095 0.308542 -0.969060
-1.013062 0.088013 -0.464966 -1.969687 0.171122 -0.904029
-0.994019 0.123535 -0.418457 -1.932662 0.240188 -0.813603
-0.977295 0.132202 -0.370239 -1.900146 0.257040 -0.719853
-0.943726 0.185303 -0.326416 -1.834878 0.360283 -0.634648
-0.929810 0.248657 -0.317749 -1.807821 0.483462 -0.617797
-0.916138 0.274536 -0.340454 -1.781239 0.533778 -0.661942
-0.896118 0.284546 -0.377808 -1.742315 0.553240 -0.734568
-0.909546 0.202026 -0.435791 -1.768422 0.392798 -0.847305
-0.935181 0.147095 -0.515625 -1.818264 0.285995 -1.002525
-0.903809 0.141479 -0.567749 -1.757267 0.275077 -1.103870
-0.883179 0.073608 -0.607056 -1.717157 0.143116 -1.180293
-0.910522 0.026001 -0.651245 -1.770321 0.050553 -1.266210
-0.903687 -0.019531 -0.679443 -1.757030 -0.037974 -1.321036
-0.837158 -0.058472 -0.665771 -1.627680 -0.113686 -1.294454
-0.748535 -0.016357 -0.657715 -1.455371 -0.031804 -1.278789
-0.631348 0.022339 -0.584351 -1.227524 0.043433 -1.136148
-0.511475 0.059082 -0.460449 -0.994456 0.114873 -0.895248
-0.407593 0.132080 -0.341064 -0.792479 0.256802 -0.663129
-0.330078 0.195068 -0.255493 -0.641768 0.379270 -0.496753
-0.256226 0.219116 -0.211792 -0.498177 0.426026 -0.411785
-0.186890 0.193848 -0.204224 -0.363368 0.376896 -0.397070
-0.129761 0.127563 -0.210083 -0.252293 0.248021 -0.408463
-0.073975 0.055542 -0.212524 -0.143828 0.107990 -0.413209
-0.012085 0.005005 -0.194946 -0.023497 0.009731 -0.379032
0.068359 -0.016846 -0.152588 0.132911 -0.032753 -0.296675
0.158447 -0.032715 -0.094360 0.308068 -0.063607 -0.183464
0.250854 -0.033936 -0.037842 0.487734 -0.065981 -0.073575
0.340698 -0.012695 0.045410 0.662417 -0.024683 0.088291
0.427246 0.025635 0.115967 0.830691 0.049841 0.225473
0.509888 0.087158 0.188965 0.991370 0.169461 0.367403
0.581299 0.108398 0.262207 1.130214 0.210758 0.509807
0.642456 0.149048 0.321289 1.249122 0.289792 0.624680
0.683228 0.158813 0.359497 1.328394 0.308780 0.698967
0.717041 0.151245 0.382568 1.394137 0.294065 0.743824
0.749756 0.137085 0.389648 1.457744 0.266533 0.757590
0.781372 0.109741 0.398193 1.519215 0.213369 0.774204
0.799072 0.071777 0.394897 1.553630 0.139556 0.767796
0.798828 0.013794 0.379761 1.553155 0.026819 0.738366
0.792358 -0.035278 0.366577 1.540576 -0.068591 0.712733
0.781860 -0.082886 0.363159 1.520164 -0.161154 0.706087
0.776733 -0.129883 0.364746 1.510196 -0.252530 0.709173
0.778687 -0.157471 0.380615 1.513994 -0.306169 0.740027
0.778076 -0.162476 0.409668 1.512807 -0.315900 0.796514
0.774536 -0.151367 0.451904 1.505924 -0.294302 0.878634
0.766357 -0.109863 0.502197 1.490022 -0.213606 0.976418
0.744507 -0.041626 0.548218 1.447538 -0.080933 1.065895
0.727417 -0.011475 0.595459 1.414311 -0.022310 1.157746
0.716431 -0.000977 0.640625 1.392950 -0.001899 1.245562
0.695068 0.022949 0.670410 1.351416 0.044620 1.303473
0.659180 0.045898 0.682983 1.281638 0.089240 1.327919
0.612183 0.054810 0.684937 1.190261 0.106566 1.331716
0.561279 0.053345 0.687378 1.091291 0.103718 1.336463
0.498535 0.052490 0.681763 0.969298 0.102056 1.325546
0.425049 0.055664 0.669312 0.826419 0.108227 1.301337
0.347656 0.053589 0.655640 0.675945 0.104192 1.274755
0.266113 0.036987 0.635010 0.517402 0.071914 1.234644
0.179077 0.003174 0.607178 0.348178 0.006171 1.180531
0.100464 -0.020386 0.576050 0.195331 -0.039636 1.120009
0.027100 -0.038208 0.543091 0.052690 -0.074288 1.055927
-0.044678 -0.039917 0.515381 -0.086867 -0.077610 1.002051
-0.116211 -0.026245 0.480469 -0.225948 -0.051028 0.934171
-0.182739 -0.020752 0.474731 -0.355298 -0.040348 0.923016
-0.254150 -0.021118 0.449097 -0.494142 -0.041060 0.873175
-0.326050 0.025269 0.426392 -0.633936 0.049129 0.829030
-0.376465 0.048706 0.415771 -0.731957 0.094699 0.808381
-0.423584 0.088745 0.400757 -0.823571 0.172546 0.779188
-0.478149 0.137207 0.372437 -0.929662 0.266770 0.724125
-0.533569 0.173950 0.323242 -1.037414 0.338210 0.628477
-0.586182 0.182983 0.270508 -1.139708 0.355773 0.525946
-0.638306 0.178101 0.208862 -1.241052 0.346279 0.406089
-0.694946 0.168945 0.125977 -1.351178 0.328479 0.244935
-0.755371 0.143799 0.030640 -1.468662 0.279587 0.059572
-0.802368 0.092773 -0.079590 -1.560038 0.180379 -0.154746
-0.828613 0.039429 -0.178955 -1.611066 0.076661 -0.347941
-0.851440 -0.035767 -0.277100 -1.655448 -0.069541 -0.538762
-0.876343 -0.105835 -0.365845 -1.703866 -0.205774 -0.711309
-0.912598 -0.218872 -0.412476 -1.774356 -0.425551 -0.801973
-0.957153 -0.354614 -0.425659 -1.860985 -0.689474 -0.827606
-0.946411 -0.324585 -0.453247 -1.840099 -0.631088 -0.881244
-0.909668 -0.253784 -0.490479 -1.768660 -0.493430 -0.953633
-0.855591 -0.183838 -0.503296 -1.663518 -0.357434 -0.978554
-0.793091 -0.127686 -0.510498 -1.542000 -0.248258 -0.992557
-0.734497 -0.091064 -0.527222 -1.428077 -0.177056 -1.025073
-0.685425 -0.083130 -0.580078 -1.332666 -0.161629 -1.127841
-0.641357 -0.090576 -0.646606 -1.246986 -0.176106 -1.257192
-0.580444 -0.090332 -0.711060 -1.128553 -0.175632 -1.382507
-0.507568 -0.106201 -0.715576 -0.986861 -0.206486 -1.391289
-0.458374 -0.128418 -0.705322 -0.891213 -0.249682 -1.371352
-0.410156 -0.101196 -0.689209 -0.797463 -0.196755 -1.340023
-0.338867 -0.048096 -0.653076 -0.658857 -0.093512 -1.269771
-0.269653 0.013428 -0.615967 -0.524285 0.026107 -1.197619
-0.207153 0.070923 -0.599854 -0.402766 0.137895 -1.166290
-0.144775 0.101563 -0.589233 -0.281486 0.197467 -1.145642
-0.107544 0.093140 -0.595947 -0.209097 0.181091 -1.158695
-0.084229 0.084473 -0.619385 -0.163765 0.164239 -1.204265
-0.065063 0.057373 -0.646484 -0.126502 0.111550 -1.256954
-0.042114 0.018433 -0.667480 -0.081882 0.035838 -1.297777
-0.016113 -0.012939 -0.665894 -0.031329 -0.025158 -1.294691
0.003662 -0.027466 -0.646484 0.007120 -0.053402 -1.256954
0.019043 -0.019775 -0.609009 0.037025 -0.038449 -1.184091
0.037109 -0.000732 -0.552002 0.072151 -0.001424 -1.073253
0.057861 0.015869 -0.489502 0.112499 0.030854 -0.951735
0.084595 0.032715 -0.431274 0.164477 0.063607 -0.838523
0.109741 0.048462 -0.384644 0.213369 0.094224 -0.747859
0.122681 0.054688 -0.350220 0.238527 0.106328 -0.680929
0.128174 0.049194 -0.319946 0.249207 0.095648 -0.622069
0.132568 0.037842 -0.279297 0.257752 0.073575 -0.543035
0.139893 0.033081 -0.236450 0.271992 0.064319 -0.459728
