-0.252808 0.087646 0.043091 -0.491532 0.170410 0.083781
-0.294312 0.103271 -0.036743 -0.572227 0.200790 -0.071439
-0.331299 0.114136 -0.048340 -0.644142 0.221913 -0.093987
-0.286499 0.005493 -0.034668 -0.557038 0.010680 -0.067405
-0.274902 0.006104 -0.015015 -0.534490 0.011867 -0.029193
-0.277344 0.063965 0.032471 -0.539237 0.124366 0.063133
-0.336304 0.049683 0.029785 -0.653872 0.096597 0.057911
-0.325073 -0.025391 -0.003174 -0.632037 -0.049367 -0.006171
-0.326904 0.032837 -0.035767 -0.635597 0.063845 -0.069541
-0.332275 0.072266 -0.052856 -0.646040 0.140505 -0.102768
-0.338501 0.025513 -0.084595 -0.658145 0.049604 -0.164477
-0.345825 0.019897 -0.104492 -0.672385 0.038686 -0.203163
-0.358276 -0.001221 -0.117676 -0.696594 -0.002373 -0.228796
-0.386719 -0.020996 -0.127686 -0.751894 -0.040823 -0.248258
-0.413574 -0.011353 -0.125122 -0.804109 -0.022073 -0.243274
-0.435425 0.033813 -0.109619 -0.846593 0.065743 -0.213132
-0.450806 0.094360 -0.093628 -0.876498 0.183464 -0.182040
-0.459351 0.136597 -0.097778 -0.893111 0.265584 -0.190110
-0.481689 0.165527 -0.131836 -0.936545 0.321833 -0.256328
-0.535889 0.165649 -0.176636 -1.041924 0.322071 -0.343431
-0.598511 0.155273 -0.219727 -1.163679 0.301897 -0.427213
-0.655640 0.129395 -0.268555 -1.274755 0.251581 -0.522149
-0.700317 0.077148 -0.310913 -1.361621 0.149999 -0.604506
-0.725830 0.077393 -0.342407 -1.411225 0.150474 -0.665739
-0.741577 0.110596 -0.367065 -1.441842 0.215030 -0.713682
-0.767334 0.133545 -0.370728 -1.491921 0.259650 -0.720802
-0.797119 0.164307 -0.361938 -1.549832 0.319460 -0.703714
-0.819824 0.212646 -0.355957 -1.593977 0.413447 -0.692084
-0.856567 0.257324 -0.371826 -1.665417 0.500313 -0.722938
-0.908081 0.292114 -0.427734 -1.765574 0.567955 -0.831640
-0.941772 0.288940 -0.489136 -1.831080 0.561784 -0.951023
-0.960449 0.262817 -0.538208 -1.867393 0.510994 -1.046433
-0.979736 0.212769 -0.577026 -1.904893 0.413684 -1.121907
-0.985229 0.228149 -0.587524 -1.915573 0.443589 -1.142319
-0.965942 0.167725 -0.555908 -1.878074 0.326106 -1.080848
-0.927002 0.248657 -0.509888 -1.802362 0.483462 -0.991370
-0.924072 0.353394 -0.494141 -1.796666 0.687100 -0.960754
-0.928101 0.441528 -0.490479 -1.804498 0.858460 -0.953633
-0.935181 0.488525 -0.524414 -1.818264 0.949836 -1.019614
-0.961548 0.441650 -0.608643 -1.869529 0.858697 -1.183379
-1.013306 0.347534 -0.719727 -1.970162 0.675708 -1.399358
-1.093018 0.178467 -0.801758 -2.125145 0.346992 -1.558851
-1.173706 0.009644 -0.840820 -2.282027 0.018750 -1.634800
-1.086670 0.025513 -0.786865 -2.112803 0.049604 -1.529895
-0.979004 -0.032593 -0.660156 -1.903469 -0.063370 -1.283536
-0.835693 0.016724 -0.601196 -1.624832 0.032516 -1.168901
-0.730835 0.068115 -0.518433 -1.420956 0.132436 -1.007984
-0.668823 -0.001221 -0.438354 -1.300387 -0.002373 -0.852289
-0.588623 -0.055420 -0.403687 -1.144455 -0.107752 -0.784884
-0.487671 -0.038574 -0.355103 -0.948174 -0.075000 -0.690423
-0.366577 -0.014404 -0.288940 -0.712733 -0.028006 -0.561784
-0.256592 -0.019287 -0.206177 -0.498889 -0.037500 -0.400868
-0.169678 -0.023926 -0.126343 -0.329903 -0.046519 -0.245647
-0.098022 -0.034546 -0.061401 -0.190584 -0.067167 -0.119382
-0.029907 -0.077881 -0.055176 -0.058148 -0.151423 -0.107278
0.058960 -0.081421 -0.034058 0.114635 -0.158306 -0.066218
0.157715 -0.109619 -0.007813 0.306644 -0.213132 -0.015190
0.243042 -0.099854 0.026733 0.472545 -0.194144 0.051978
0.333008 -0.071777 0.090576 0.647464 -0.139556 0.176106
0.410522 -0.059814 0.151001 0.798175 -0.116297 0.293590
0.467773 -0.041382 0.190063 0.909488 -0.080458 0.369539
0.516846 -0.039551 0.216797 1.004899 -0.076898 0.421516
0.554810 -0.048828 0.226807 1.078712 -0.094936 0.440978
0.592285 -0.061646 0.235107 1.151575 -0.119857 0.457117
0.625122 -0.074707 0.244873 1.215420 -0.145252 0.476105
0.656616 -0.078857 0.258911 1.276653 -0.153322 0.503399
0.673950 -0.077759 0.279541 1.310356 -0.151186 0.543509
0.684204 -0.065430 0.293091 1.330292 -0.127214 0.569854
0.696289 -0.058838 0.309570 1.353789 -0.114398 0.601895
0.707397 -0.068604 0.325439 1.375387 -0.133385 0.632749
0.715332 -0.112427 0.338257 1.390814 -0.218590 0.657670
0.717896 -0.153687 0.345459 1.395798 -0.298811 0.671673
0.715942 -0.187988 0.365112 1.392001 -0.365504 0.709885
0.720703 -0.205444 0.396362 1.401257 -0.399444 0.770644
0.723267 -0.191528 0.428101 1.406241 -0.372387 0.832352
0.711182 -0.180298 0.469360 1.382745 -0.350552 0.912573
0.689941 -0.156738 0.525146 1.341447 -0.304745 1.021038
0.680542 -0.137329 0.568481 1.323172 -0.267008 1.105294
0.677979 -0.118164 0.605835 1.318188 -0.229745 1.177920
0.671265 -0.102051 0.640625 1.305134 -0.198416 1.245562
0.652222 -0.094849 0.671021 1.268109 -0.184413 1.304659
0.612183 -0.099121 0.683472 1.190261 -0.192720 1.328868
0.557983 -0.100098 0.678833 1.084882 -0.194619 1.319849
0.498779 -0.109741 0.674561 0.969772 -0.213369 1.311542
0.444702 -0.127808 0.676758 0.864631 -0.248495 1.315814
0.396484 -0.114990 0.688965 0.770881 -0.223575 1.339549
0.343384 -0.084106 0.693359 0.667638 -0.163527 1.348093
0.277222 -0.057983 0.682739 0.539000 -0.112737 1.327444
0.217896 -0.026001 0.679810 0.423652 -0.050553 1.321748
0.171143 0.006104 0.693359 0.332751 0.011867 1.348093
0.129395 0.034912 0.713745 0.251581 0.067879 1.387729
0.080444 0.051392 0.693481 0.156407 0.099920 1.348330
0.021973 0.089600 0.709595 0.042721 0.174208 1.379659
-0.047852 0.075928 0.673218 -0.093037 0.147626 1.308932
-0.130127 0.086426 0.604248 -0.253005 0.168037 1.174834
-0.205688 0.103271 0.569702 -0.399918 0.200790 1.107667
-0.266602 0.094116 0.534668 -0.518351 0.182989 1.039550
-0.321777 0.098145 0.493286 -0.625629 0.190822 0.959092
-0.379761 0.127075 0.452148 -0.738366 0.247071 0.879108
-0.452148 0.157227 0.397705 -0.879108 0.305694 0.773255
-0.537231 0.181152 0.331421 -1.044535 0.352213 0.644379
-0.622681 0.195557 0.255249 -1.210673 0.380219 0.496279
-0.701538 0.193481 0.165649 -1.363995 0.376184 0.322071
-0.780396 0.189209 0.072998 -1.517316 0.367877 0.141929
-0.854004 0.174072 -0.034790 -1.660433 0.338447 -0.067642
-0.927612 0.161011 -0.161621 -1.803549 0.313052 -0.314239
-0.999878 0.116699 -0.284912 -1.944054 0.226897 -0.553952
-1.115845 -0.029785 -0.372925 -2.169528 -0.057911 -0.725075
-1.249023 -0.188965 -0.438599 -2.428466 -0.367403 -0.852764
-1.193115 -0.185181 -0.582886 -2.319764 -0.360045 -1.133300
-1.161377 -0.234009 -0.666504 -2.258055 -0.454981 -1.295878
-1.116577 -0.255981 -0.685425 -2.170952 -0.497703 -1.332666
-1.028687 -0.221069 -0.648682 -2.000067 -0.429823 -1.261226
-0.925171 -0.151001 -0.546997 -1.798802 -0.293590 -1.063522
-0.819946 -0.066040 -0.433105 -1.594215 -0.128401 -0.842083
-0.717407 0.008057 -0.368286 -1.394849 0.015664 -0.716056
-0.603394 0.109497 -0.384399 -1.173173 0.212894 -0.747385
-0.526489 0.189453 -0.389648 -1.023649 0.368352 -0.757590
-0.467163 0.156616 -0.414917 -0.908301 0.304508 -0.806720
-0.392090 0.079224 -0.511841 -0.762337 0.154034 -0.995168
-0.340942 0.046753 -0.595215 -0.662891 0.090901 -1.157271
-0.316406 0.016235 -0.676147 -0.615186 0.031566 -1.314628
-0.287598 -0.003296 -0.750244 -0.559174 -0.006408 -1.458693
-0.252563 -0.024414 -0.781982 -0.491057 -0.047468 -1.520402
-0.195679 -0.036743 -0.781128 -0.380456 -0.071439 -1.518741
-0.148682 -0.037598 -0.776733 -0.289080 -0.073101 -1.510196
-0.114990 -0.029419 -0.771973 -0.223575 -0.057199 -1.500940
-0.071899 -0.001709 -0.734375 -0.139793 -0.003323 -1.427839
-0.042725 0.021851 -0.675537 -0.083069 0.042484 -1.313441
0.000244 0.025024 -0.628296 0.000475 0.048655 -1.221590
0.025391 0.018921 -0.608154 0.049367 0.036788 -1.182429
0.036499 0.011597 -0.606567 0.070965 0.022547 -1.179344
0.060059 0.001343 -0.602539 0.116771 0.002611 -1.171512
0.092773 0.001465 -0.582520 0.180379 0.002848 -1.132588
0.116333 0.002197 -0.552246 0.226185 0.004272 -1.073727
0.137085 0.020874 -0.505493 0.266533 0.040585 -0.982826
0.155273 0.048462 -0.425537 0.301897 0.094224 -0.827368
0.163208 0.054443 -0.354614 0.317324 0.105854 -0.689474
0.167603 0.039917 -0.318481 0.325868 0.077610 -0.619221
0.155396 0.032959 -0.298462 0.302134 0.064082 -0.580297
0.137329 0.035034 -0.293091 0.267008 0.068117 -0.569854
0.132935 0.022461 -0.297852 0.258464 0.043671 -0.579110
0.147095 0.015381 -0.271606 0.285995 0.029905 -0.528082
0.150391 -0.004639 -0.213135 0.292403 -0.009019 -0.414396
0.151855 -0.018677 -0.160156 0.295251 -0.036313 -0.311390
0.141846 -0.014160 -0.118774 0.275789 -0.027531 -0.230932
0.125854 0.001953 -0.082031 0.244698 0.003797 -0.159493
0.114502 0.017700 -0.053955 0.222625 0.034414 -0.104904
0.112427 0.017822 -0.026978 0.218590 0.034652 -0.052452
0.114868 0.014771 -0.001953 0.223337 0.028718 -0.003797
