-0.476440 -0.045898 -0.006714 -0.926339 -0.089240 -0.013054
-0.536377 -0.054321 -0.025269 -1.042873 -0.105616 -0.049129
-0.630859 -0.097656 -0.047485 -1.226575 -0.189872 -0.092325
-0.599609 -0.117065 -0.095337 -1.165815 -0.227609 -0.185363
-0.604248 -0.054077 -0.104492 -1.174834 -0.105142 -0.203163
-0.574097 -0.067261 -0.109985 -1.116211 -0.130774 -0.213844
-0.535522 -0.060669 -0.120850 -1.041212 -0.117958 -0.234967
-0.534058 0.014160 -0.129272 -1.038364 0.027531 -0.251343
-0.549805 0.041260 -0.140991 -1.068981 0.080221 -0.274128
-0.568115 0.054565 -0.155640 -1.104582 0.106091 -0.302609
-0.575806 0.088257 -0.162964 -1.119534 0.171597 -0.316849
-0.575073 0.129517 -0.160400 -1.118110 0.251818 -0.311865
-0.550537 0.131104 -0.156738 -1.070405 0.254903 -0.304745
-0.536377 0.146851 -0.167236 -1.042873 0.285520 -0.325156
-0.552490 0.190918 -0.196533 -1.074202 0.371200 -0.382118
-0.575928 0.216431 -0.225220 -1.119771 0.420804 -0.437893
-0.601440 0.222656 -0.253906 -1.169376 0.432909 -0.493668
-0.644531 0.218384 -0.296265 -1.253157 0.424602 -0.576025
-0.679077 0.223145 -0.364990 -1.320324 0.433858 -0.709647
-0.700928 0.216431 -0.435303 -1.362808 0.420804 -0.846355
-0.716187 0.182983 -0.487183 -1.392475 0.355773 -0.947225
-0.744507 0.162476 -0.504395 -1.447538 0.315900 -0.980690
-0.766724 0.154175 -0.486328 -1.490734 0.299761 -0.945564
-0.786255 0.145508 -0.449219 -1.528709 0.282910 -0.873412
-0.794312 0.169189 -0.412598 -1.544373 0.328954 -0.802210
-0.782349 0.100464 -0.374023 -1.521114 0.195331 -0.727211
-0.749268 0.129761 -0.350708 -1.456795 0.252293 -0.681879
-0.735596 0.141846 -0.341431 -1.430212 0.275789 -0.663841
-0.722778 0.168213 -0.333618 -1.405292 0.327055 -0.648651
-0.712769 0.177368 -0.346069 -1.385830 0.344855 -0.672860
-0.725586 0.155029 -0.385376 -1.410751 0.301422 -0.749283
-0.753296 0.127197 -0.451660 -1.464627 0.247309 -0.878159
-0.767700 0.083008 -0.515625 -1.492633 0.161391 -1.002525
-0.746094 0.056152 -0.550903 -1.450624 0.109177 -1.071117
-0.705688 0.038452 -0.540649 -1.372064 0.074762 -1.051180
-0.673096 -0.026123 -0.493896 -1.308694 -0.050791 -0.960279
-0.648193 -0.024414 -0.461304 -1.260277 -0.047468 -0.896909
-0.561523 0.098267 -0.392822 -1.091765 0.191059 -0.763761
-0.514282 0.110962 -0.335083 -0.999915 0.215742 -0.651499
-0.472534 0.109375 -0.306641 -0.918744 0.212657 -0.596199
-0.454224 0.119507 -0.288696 -0.883143 0.232356 -0.561310
-0.407959 0.148071 -0.276001 -0.793191 0.287894 -0.536626
-0.347046 0.134277 -0.253296 -0.674758 0.261074 -0.492481
-0.291626 0.081055 -0.235962 -0.567006 0.157594 -0.458779
-0.246948 0.057373 -0.231934 -0.480139 0.111550 -0.450947
-0.195557 0.057129 -0.223511 -0.380219 0.111075 -0.434570
-0.130859 0.045410 -0.204590 -0.254429 0.088291 -0.397782
-0.043579 0.042358 -0.173340 -0.084730 0.082357 -0.337023
0.043091 0.034790 -0.130493 0.083781 0.067642 -0.253717
0.129150 0.057861 -0.084106 0.251106 0.112499 -0.163527
0.217896 0.085571 -0.019409 0.423652 0.166376 -0.037737
0.307495 0.092285 0.065063 0.597860 0.179429 0.126502
0.391357 0.101685 0.153198 0.760913 0.197704 0.297862
0.463135 0.118164 0.223999 0.900469 0.229745 0.435519
0.528442 0.117798 0.269531 1.027446 0.229033 0.524047
0.582520 0.097290 0.295288 1.132588 0.189160 0.574126
0.624390 0.077026 0.296265 1.213996 0.149762 0.576025
0.643433 0.048950 0.283447 1.251021 0.095173 0.551104
0.650879 0.019897 0.274536 1.265498 0.038686 0.533778
0.655518 0.012817 0.272339 1.274517 0.024921 0.529506
0.656494 0.024292 0.277222 1.276416 0.047231 0.539000
0.659424 0.036987 0.291260 1.282112 0.071914 0.566294
0.666382 0.046997 0.309448 1.295641 0.091376 0.601658
0.670532 0.046265 0.318848 1.303710 0.089952 0.619933
0.675781 0.034668 0.315674 1.313916 0.067405 0.613762
0.674805 0.012207 0.314697 1.312017 0.023734 0.611863
0.670410 -0.014526 0.317017 1.303473 -0.028243 0.616373
0.673096 -0.012573 0.333862 1.308694 -0.024446 0.649126
0.675171 0.000732 0.365845 1.312729 0.001424 0.711309
0.668091 -0.000732 0.401733 1.298963 -0.001424 0.781087
0.651367 -0.000610 0.422363 1.266448 -0.001187 0.821197
0.622437 -0.008667 0.442871 1.210198 -0.016851 0.861071
0.594727 -0.035278 0.469116 1.156322 -0.068591 0.912099
0.563599 -0.036499 0.493774 1.095800 -0.070965 0.960041
0.522705 -0.021729 0.506226 1.016291 -0.042247 0.984250
0.468384 -0.004639 0.509155 0.910675 -0.009019 0.989946
0.409546 -0.004028 0.508789 0.796277 -0.007832 0.989234
0.350220 -0.005127 0.510254 0.680929 -0.009968 0.992082
0.294556 -0.008789 0.512085 0.572702 -0.017089 0.995642
0.240845 -0.023926 0.510376 0.468272 -0.046519 0.992320
0.190063 -0.035645 0.517334 0.369539 -0.069303 1.005848
0.145264 -0.022705 0.525879 0.282435 -0.044145 1.022462
0.103882 -0.007202 0.528687 0.201977 -0.014003 1.027921
0.066650 -0.005371 0.513428 0.129588 -0.010443 0.998253
0.019653 0.013672 0.484497 0.038212 0.026582 0.942004
-0.038940 0.020142 0.447266 -0.075712 0.039161 0.869615
-0.106934 0.034424 0.400757 -0.207910 0.066930 0.779188
-0.173950 0.060791 0.373169 -0.338210 0.118195 0.725549
-0.249756 0.045044 0.326538 -0.485598 0.087579 0.634885
-0.321167 0.041626 0.279419 -0.624442 0.080933 0.543272
-0.369629 0.036011 0.251709 -0.718666 0.070015 0.489396
-0.417236 0.028198 0.231445 -0.811229 0.054826 0.449997
-0.460571 0.061279 0.210205 -0.895485 0.119145 0.408700
-0.497437 0.094604 0.197266 -0.967162 0.183939 0.383542
-0.531494 0.118530 0.183105 -1.033380 0.230457 0.356010
-0.571533 0.141113 0.148071 -1.111227 0.274365 0.287894
-0.599121 0.157471 0.091431 -1.164866 0.306169 0.177768
-0.639038 0.159058 0.025269 -1.242476 0.309254 0.049129
-0.673462 0.161377 -0.041992 -1.309406 0.313764 -0.081645
-0.695190 0.136230 -0.102173 -1.351653 0.264872 -0.198654
-0.719849 0.078979 -0.151611 -1.399596 0.153559 -0.294777
-0.735596 0.035889 -0.198853 -1.430212 0.069778 -0.386627
-0.751221 -0.021973 -0.234253 -1.460592 -0.042721 -0.455456
-0.733032 -0.054321 -0.251953 -1.425228 -0.105616 -0.489870
-0.703247 -0.032104 -0.277466 -1.367317 -0.062420 -0.539474
-0.677124 -0.032593 -0.293335 -1.316527 -0.063370 -0.570329
-0.652466 0.024780 -0.293823 -1.268584 0.048180 -0.571278
-0.610840 0.078735 -0.302246 -1.187651 0.153084 -0.587655
-0.593628 0.082520 -0.304810 -1.154186 0.160442 -0.592639
-0.631714 0.001953 -0.351929 -1.228236 0.003797 -0.684252
-0.658081 -0.064087 -0.429077 -1.279501 -0.124604 -0.834251
-0.596924 -0.029419 -0.506226 -1.160594 -0.057199 -0.984250
-0.542358 -0.105103 -0.553467 -1.054503 -0.204350 -1.076101
-0.496094 -0.149658 -0.593506 -0.964551 -0.290979 -1.153948
-0.457275 -0.151489 -0.598633 -0.889077 -0.294539 -1.163917
-0.403809 -0.142700 -0.566772 -0.785122 -0.277451 -1.101971
-0.347412 -0.113159 -0.541260 -0.675470 -0.220014 -1.052367
-0.284424 -0.012085 -0.542725 -0.553003 -0.023497 -1.055215
-0.218384 0.070190 -0.538452 -0.424602 0.136471 -1.046908
-0.184326 0.069580 -0.545410 -0.358384 0.135284 -1.060436
-0.168945 0.046509 -0.570557 -0.328479 0.090427 -1.109329
-0.142212 0.025879 -0.592163 -0.276501 0.050316 -1.151338
-0.105225 0.009033 -0.598999 -0.204587 0.017563 -1.164629
-0.083008 0.010620 -0.595459 -0.161391 0.020649 -1.157746
-0.069946 0.024048 -0.586914 -0.135996 0.046756 -1.141132
-0.062256 0.015625 -0.574219 -0.121044 0.030380 -1.116449
-0.048218 0.024170 -0.553589 -0.093749 0.046993 -1.076338
-0.041138 0.005737 -0.543701 -0.079984 0.011155 -1.057114
-0.032837 0.004395 -0.540405 -0.063845 0.008544 -1.050705
-0.000854 -0.017578 -0.501099 -0.001661 -0.034177 -0.974282
0.033203 -0.041382 -0.447388 0.064557 -0.080458 -0.869852
0.057373 -0.035645 -0.385132 0.111550 -0.069303 -0.748809
0.070435 -0.023315 -0.330322 0.136945 -0.045332 -0.642243
0.068115 -0.014771 -0.284546 0.132436 -0.028718 -0.553240
0.075195 -0.011353 -0.239380 0.146202 -0.022073 -0.465424
0.088501 -0.010376 -0.197510 0.172072 -0.020174 -0.384017
0.098267 -0.009521 -0.168579 0.191059 -0.018513 -0.327767
0.104126 -0.008545 -0.149414 0.202451 -0.016614 -0.290505
0.113525 -0.001831 -0.123413 0.220726 -0.003560 -0.239951
0.119751 -0.010132 -0.097778 0.232831 -0.019699 -0.190110
0.111938 -0.023682 -0.072388 0.217641 -0.046044 -0.140743
0.086548 -0.020874 -0.044556 0.168274 -0.040585 -0.086629
0.074463 -0.014526 -0.025879 0.144778 -0.028243 -0.050316
0.069824 -0.027710 -0.009644 0.135759 -0.053876 -0.018750
0.058594 -0.037720 -0.000977 0.113923 -0.073338 -0.001899
0.047607 -0.041870 0.000977 0.092563 -0.081408 0.001899
0.044312 -0.048706 0.006470 0.086155 -0.094699 0.012579
0.045776 -0.052612 0.018921 0.089003 -0.102294 0.036788
0.040405 -0.047485 0.028931 0.078560 -0.092325 0.056250
0.024170 -0.029907 0.027588 0.046993 -0.058148 0.053639
