0.008179 0.068237 -0.028442 0.015902 0.132673 -0.055300
0.018677 0.082031 -0.076660 0.036313 0.159493 -0.149050
0.008667 0.096924 -0.054565 0.016851 0.188448 -0.106091
-0.000488 0.137451 -0.024048 -0.000949 0.267245 -0.046756
0.041138 0.100586 -0.009521 0.079984 0.195568 -0.018513
0.050659 0.118408 0.012573 0.098496 0.230220 0.024446
0.056152 0.116455 0.011597 0.109177 0.226423 0.022547
0.065918 0.127197 -0.005371 0.128164 0.247309 -0.010443
0.072266 0.140137 -0.029175 0.140505 0.272467 -0.056724
0.094727 0.139526 -0.053345 0.184176 0.271280 -0.103718
0.107178 0.149170 -0.070435 0.208385 0.290030 -0.136945
0.125977 0.159058 -0.076172 0.244935 0.309254 -0.148100
0.148315 0.164307 -0.063965 0.288368 0.319460 -0.124366
0.173218 0.161865 -0.049927 0.336786 0.314713 -0.097072
0.193848 0.157593 -0.033569 0.376896 0.306406 -0.065269
0.209961 0.140137 -0.013184 0.408225 0.272467 -0.025633
0.230347 0.144043 0.002197 0.447861 0.280062 0.004272
0.266113 0.121216 0.018799 0.517402 0.235679 0.036550
0.275879 0.110840 0.028564 0.536389 0.215505 0.055538
0.290649 0.101318 0.037720 0.565107 0.196992 0.073338
0.321289 0.107422 0.039063 0.624680 0.208859 0.075949
0.340088 0.129761 0.036621 0.661230 0.252293 0.071202
0.360840 0.145752 0.032593 0.701578 0.283384 0.063370
0.394775 0.156738 0.028809 0.767558 0.304745 0.056012
0.428833 0.167969 0.025269 0.833776 0.326580 0.049129
0.464111 0.177856 0.024780 0.902368 0.345805 0.048180
0.503296 0.184448 0.029541 0.978554 0.358621 0.057436
0.529907 0.187500 0.035889 1.030294 0.364555 0.069778
0.545532 0.188599 0.051880 1.060674 0.366691 0.100870
0.557861 0.191040 0.076660 1.084645 0.371438 0.149050
0.573608 0.194336 0.099609 1.115262 0.377846 0.193670
0.577637 0.198486 0.109985 1.123094 0.385915 0.213844
0.579346 0.193237 0.113647 1.126417 0.375710 0.220964
0.589478 0.174927 0.112671 1.146116 0.340109 0.219065
0.597290 0.146729 0.102051 1.161306 0.285283 0.198416
0.600098 0.119385 0.090210 1.166765 0.232119 0.175394
0.598267 0.113525 0.080566 1.163205 0.220726 0.156645
0.595215 0.106934 0.069702 1.157271 0.207910 0.135521
0.584473 0.106323 0.062500 1.136385 0.206723 0.121518
0.562866 0.106934 0.062988 1.094376 0.207910 0.122468
0.541748 0.110596 0.066772 1.053316 0.215030 0.129825
0.527832 0.116577 0.069946 1.026259 0.226660 0.135996
0.510010 0.119385 0.069214 0.991608 0.232119 0.134572
0.482910 0.118530 0.061523 0.938918 0.230457 0.119620
0.441162 0.119263 0.049316 0.857748 0.231881 0.095885
0.387329 0.099487 0.037231 0.753081 0.193432 0.072389
0.322510 0.060181 0.035889 0.627053 0.117009 0.069778
0.248901 0.048584 0.044922 0.483937 0.094461 0.087341
0.186890 0.083374 0.061646 0.363368 0.162103 0.119857
0.143799 0.127808 0.071411 0.279587 0.248495 0.138844
0.106079 0.132690 0.070923 0.206249 0.257989 0.137895
0.070679 0.134521 0.071899 0.137420 0.261549 0.139793
0.037109 0.184692 0.073975 0.072151 0.359096 0.143828
-0.032959 0.168579 0.063232 -0.064082 0.327767 0.122942
-0.140503 0.148315 -0.003174 -0.273179 0.288368 -0.006171
-0.230835 0.161011 -0.086914 -0.448810 0.313052 -0.168986
-0.307617 0.186523 -0.154541 -0.598098 0.362656 -0.300473
-0.389526 0.183350 -0.197510 -0.757353 0.356485 -0.384017
-0.482178 0.158203 -0.230347 -0.937494 0.307593 -0.447861
-0.572266 0.128052 -0.255127 -1.112651 0.248970 -0.496041
-0.656372 0.096069 -0.272949 -1.276179 0.186787 -0.530693
-0.731689 0.089355 -0.288086 -1.422618 0.173733 -0.560123
-0.780029 0.103149 -0.285156 -1.516604 0.200553 -0.554427
-0.804932 0.110352 -0.282837 -1.565022 0.214556 -0.549917
-0.833374 0.132568 -0.284180 -1.620322 0.257752 -0.552528
-0.872314 0.157959 -0.279297 -1.696034 0.307118 -0.543035
-0.921265 0.171753 -0.293823 -1.791207 0.333938 -0.571278
-0.994385 0.159912 -0.347168 -1.933374 0.310916 -0.674996
-1.053223 0.116577 -0.426514 -2.047772 0.226660 -0.829267
-1.078613 0.065552 -0.506470 -2.097139 0.127452 -0.984725
-1.092651 0.044678 -0.561279 -2.124433 0.086867 -1.091291
-1.081177 0.054321 -0.586792 -2.102123 0.105616 -1.140895
-1.051147 0.076050 -0.582520 -2.043737 0.147863 -1.132588
-1.026245 0.113037 -0.549316 -1.995320 0.219777 -1.068031
-1.037598 0.150024 -0.525757 -2.017392 0.291691 -1.022225
-1.072144 0.170044 -0.537964 -2.084560 0.330615 -1.045959
-1.083862 0.215942 -0.552856 -2.107344 0.419855 -1.074914
-1.073853 0.080811 -0.555054 -2.087883 0.157119 -1.079186
-1.029175 0.072144 -0.553467 -2.001016 0.140268 -1.076101
-0.995605 0.073364 -0.547363 -1.935747 0.142642 -1.064234
-0.945801 0.087646 -0.526611 -1.838912 0.170410 -1.023886
-0.890259 0.104980 -0.495117 -1.730923 0.204113 -0.962652
-0.829346 0.125122 -0.455566 -1.612490 0.243274 -0.885754
-0.777710 0.170532 -0.434082 -1.512095 0.331564 -0.843982
-0.740479 0.206787 -0.429565 -1.439706 0.402054 -0.835200
-0.722900 0.195190 -0.427368 -1.405529 0.379507 -0.830928
-0.722900 0.111206 -0.454956 -1.405529 0.216217 -0.884567
-0.645020 0.159058 -0.471558 -1.254106 0.309254 -0.916846
-0.566284 0.124878 -0.448242 -1.101022 0.242799 -0.871514
-0.490723 0.075562 -0.427490 -0.954108 0.146914 -0.831166
-0.437500 0.074463 -0.400513 -0.850628 0.144778 -0.778713
-0.387085 0.080078 -0.365601 -0.752606 0.155695 -0.710834
-0.309326 0.093262 -0.341675 -0.601420 0.181328 -0.664315
-0.230957 0.077148 -0.304077 -0.449048 0.149999 -0.591215
-0.154419 0.062622 -0.266968 -0.300235 0.121756 -0.519063
-0.071777 0.078857 -0.226074 -0.139556 0.153322 -0.439554
0.009766 0.088745 -0.176025 0.018987 0.172546 -0.342245
0.081543 0.101440 -0.122559 0.158543 0.197230 -0.238290
0.154907 0.080688 -0.058960 0.301185 0.156882 -0.114635
0.239380 0.052124 0.014771 0.465424 0.101344 0.028718
0.315796 0.072266 0.081665 0.613999 0.140505 0.158781
0.386597 0.062500 0.136719 0.751657 0.121518 0.265821
0.453125 0.030762 0.176392 0.881007 0.059810 0.342957
0.502197 0.021729 0.199219 0.976418 0.042247 0.387339
0.537476 0.029541 0.214233 1.045009 0.057436 0.416532
0.567749 0.041870 0.238159 1.103870 0.081408 0.463051
0.597656 0.049194 0.268188 1.162018 0.095648 0.521437
0.630249 0.061890 0.303467 1.225388 0.120332 0.590028
0.655640 0.065308 0.338135 1.274755 0.126977 0.657433
0.676636 0.078857 0.373535 1.315577 0.153322 0.726261
0.703857 0.071655 0.416504 1.368504 0.139319 0.809805
0.731323 0.049805 0.448853 1.421906 0.096835 0.872700
0.757568 0.036499 0.467041 1.472934 0.070965 0.908064
0.775146 0.017944 0.470215 1.507111 0.034889 0.914235
0.790771 -0.021362 0.465820 1.537490 -0.041535 0.905691
0.801147 -0.064819 0.459595 1.557664 -0.126028 0.893586
0.796631 -0.100464 0.453613 1.548883 -0.195331 0.881957
0.772949 -0.130981 0.456787 1.502839 -0.254666 0.888127
0.762939 -0.142822 0.471924 1.483377 -0.277688 0.917558
0.747925 -0.146240 0.498779 1.454184 -0.284334 0.969772
0.727295 -0.126587 0.531738 1.414073 -0.246122 1.033854
0.706787 -0.103027 0.568359 1.374200 -0.200315 1.105056
0.682251 -0.070190 0.595215 1.326495 -0.136471 1.157271
0.645752 -0.043091 0.625000 1.255530 -0.083781 1.215182
0.594971 -0.007813 0.649414 1.156797 -0.015190 1.262650
0.542603 0.033081 0.662842 1.054978 0.064319 1.288758
0.496216 0.043335 0.669800 0.964788 0.084256 1.302286
0.444092 0.035278 0.666992 0.863444 0.068591 1.296827
0.380005 0.010376 0.660767 0.738840 0.020174 1.284723
0.313965 -0.037720 0.639282 0.610439 -0.073338 1.242951
0.244873 -0.069336 0.597778 0.476105 -0.134809 1.162255
0.163452 -0.071411 0.564209 0.317799 -0.138844 1.096987
0.092041 -0.067017 0.542114 0.178955 -0.130300 1.054028
0.032715 -0.023193 0.520874 0.063607 -0.045095 1.012731
-0.032715 0.010376 0.493408 -0.063607 0.020174 0.959329
-0.104126 0.024292 0.450562 -0.202451 0.047231 0.876023
-0.176025 0.042969 0.403442 -0.342245 0.083544 0.784410
-0.244629 0.037231 0.348389 -0.475630 0.072389 0.677369
-0.293091 0.025757 0.323242 -0.569854 0.050079 0.628477
-0.316162 0.002808 0.305664 -0.614711 0.005459 0.594300
-0.345215 0.026123 0.291626 -0.671198 0.050791 0.567006
-0.385132 0.096069 0.277100 -0.748809 0.186787 0.538762
-0.430176 0.147095 0.246704 -0.836387 0.285995 0.479665
-0.468628 0.194336 0.214111 -0.911149 0.377846 0.416295
-0.525879 0.203857 0.176758 -1.022462 0.396358 0.343669
-0.568848 0.200684 0.125000 -1.106006 0.390187 0.243036
-0.596191 0.174683 0.053589 -1.159170 0.339634 0.104192
-0.625610 0.147217 -0.026489 -1.216369 0.286232 -0.051503
-0.663452 0.140503 -0.111694 -1.289944 0.273179 -0.217166
-0.703979 0.122437 -0.190674 -1.368741 0.238052 -0.370726
