0.169800 0.078369 -0.034546 0.330140 0.152372 -0.067167
0.155884 0.012451 -0.011597 0.303084 0.024209 -0.022547
0.098267 0.062866 0.004883 0.191059 0.122230 0.009494
0.130859 0.068481 -0.002686 0.254429 0.133148 -0.005221
0.166748 0.067017 0.007202 0.324207 0.130300 0.014003
0.204956 0.045288 0.021729 0.398494 0.088053 0.042247
0.281982 0.089844 0.012573 0.548256 0.174682 0.024446
0.318726 0.088013 0.016479 0.619695 0.171122 0.032041
0.330811 0.088867 0.015991 0.643192 0.172784 0.031092
0.345825 0.127563 0.016113 0.672385 0.248021 0.031329
0.412842 0.174683 0.041260 0.802685 0.339634 0.080221
0.502808 0.203369 0.085815 0.977605 0.395409 0.166850
0.562622 0.235718 0.116821 1.093901 0.458304 0.227135
0.583740 0.249146 0.130737 1.134961 0.484412 0.254191
0.619263 0.296753 0.145752 1.204027 0.576974 0.283384
0.648804 0.326660 0.153564 1.261464 0.635123 0.298574
0.664551 0.324463 0.156372 1.292081 0.630850 0.304033
0.689941 0.316406 0.150879 1.341447 0.615186 0.293353
0.721191 0.314209 0.146729 1.402206 0.610914 0.285283
0.726563 0.301147 0.141357 1.412649 0.585518 0.274840
0.709839 0.277344 0.126587 1.380134 0.539237 0.246122
0.684204 0.254395 0.105713 1.330292 0.494617 0.205537
0.667480 0.221069 0.083496 1.297777 0.429823 0.162341
0.652344 0.192261 0.070068 1.268346 0.373811 0.136233
0.639160 0.186401 0.066040 1.242714 0.362419 0.128401
0.630981 0.199585 0.054199 1.226812 0.388051 0.105379
0.620483 0.218994 0.042969 1.206401 0.425788 0.083544
0.600220 0.235107 0.034302 1.167002 0.457117 0.066693
0.575806 0.250366 0.031982 1.119534 0.486785 0.062183
0.537720 0.256836 0.033203 1.045484 0.499364 0.064557
0.492310 0.259521 0.040771 0.957193 0.504585 0.079272
0.443237 0.244019 0.048218 0.861783 0.474443 0.093749
0.390259 0.231201 0.044922 0.758777 0.449522 0.087341
0.330200 0.210083 0.028809 0.642005 0.408463 0.056012
0.264893 0.182373 0.002808 0.515028 0.354586 0.005459
0.190186 0.152832 -0.027710 0.369776 0.297150 -0.053876
0.111450 0.139648 -0.062500 0.216692 0.271517 -0.121518
0.031860 0.129150 -0.084351 0.061946 0.251106 -0.164002
-0.031128 0.148804 -0.098633 -0.060522 0.289318 -0.191771
-0.086914 0.194336 -0.109253 -0.168986 0.377846 -0.212420
-0.152100 0.218140 -0.126953 -0.295726 0.424127 -0.246834
-0.227783 0.212524 -0.155762 -0.442877 0.413209 -0.302846
-0.318115 0.185913 -0.207764 -0.618509 0.361469 -0.403953
-0.418091 0.136719 -0.264282 -0.812890 0.265821 -0.513842
-0.511230 0.090332 -0.306152 -0.993981 0.175632 -0.595249
-0.587402 0.041260 -0.339355 -1.142081 0.080221 -0.659806
-0.649658 0.015869 -0.358765 -1.263125 0.030854 -0.697543
-0.705322 0.031494 -0.364136 -1.371352 0.061234 -0.707986
-0.758911 0.058594 -0.366699 -1.475545 0.113923 -0.712970
-0.822998 0.063843 -0.379272 -1.600148 0.124129 -0.737416
-0.889038 0.033813 -0.405029 -1.728549 0.065743 -0.787495
-0.945435 -0.020874 -0.438721 -1.838200 -0.040585 -0.853001
-0.965698 -0.045288 -0.451782 -1.877599 -0.088053 -0.878396
-0.979248 -0.054077 -0.467407 -1.903944 -0.105142 -0.908776
-0.990356 -0.009033 -0.485352 -1.925542 -0.017563 -0.943665
-1.013916 0.045654 -0.496216 -1.971348 0.088765 -0.964788
-1.055542 0.069946 -0.524170 -2.052281 0.135996 -1.019139
-1.116943 0.035889 -0.564453 -2.171664 0.069778 -1.097461
-1.178345 -0.031128 -0.598999 -2.291046 -0.060522 -1.164629
-1.201782 -0.066406 -0.620850 -2.336615 -0.129113 -1.207113
-1.200806 -0.065063 -0.613159 -2.334716 -0.126502 -1.192160
-1.182739 -0.050415 -0.575562 -2.299590 -0.098022 -1.119059
-1.153076 -0.011353 -0.523682 -2.241916 -0.022073 -1.018190
-1.129028 0.098999 -0.476807 -2.195160 0.192483 -0.927051
-1.138550 0.108765 -0.455688 -2.213673 0.211470 -0.885991
-1.156738 0.141602 -0.486816 -2.249037 0.275315 -0.946513
-1.184692 0.131226 -0.578003 -2.303387 0.255141 -1.123806
-1.196533 0.085693 -0.676147 -2.326410 0.166613 -1.314628
-1.199585 0.008179 -0.731689 -2.332343 0.015902 -1.422618
-1.171387 -0.049194 -0.732056 -2.277517 -0.095648 -1.423330
-1.123535 -0.050171 -0.671875 -2.184480 -0.097547 -1.306321
-1.084717 -0.096069 -0.572144 -2.109006 -0.186787 -1.112414
-1.043823 -0.051270 -0.497559 -2.029497 -0.099683 -0.967399
-0.954346 0.028442 -0.450195 -1.855526 0.055300 -0.875311
-0.847046 0.100830 -0.433472 -1.646904 0.196043 -0.842795
-0.710205 0.154175 -0.398193 -1.380846 0.299761 -0.774204
-0.599365 0.156494 -0.331543 -1.165341 0.304270 -0.644616
-0.492554 0.136353 -0.277100 -0.957668 0.265109 -0.538762
-0.409180 0.105225 -0.252686 -0.795565 0.204587 -0.491294
-0.342773 0.119141 -0.260864 -0.666452 0.231644 -0.507196
-0.280396 0.097656 -0.260010 -0.545171 0.189872 -0.505535
-0.210571 0.056519 -0.251465 -0.409412 0.109889 -0.488921
-0.133423 0.021484 -0.228760 -0.259413 0.041772 -0.444776
-0.049316 0.017090 -0.191895 -0.095885 0.033228 -0.373099
0.033447 0.010132 -0.160400 0.065031 0.019699 -0.311865
0.126831 0.030396 -0.106934 0.246597 0.059098 -0.207910
0.219849 0.033203 -0.040527 0.427450 0.064557 -0.078797
0.299072 0.064697 0.028809 0.581484 0.125790 0.056012
0.378052 0.099854 0.123779 0.735043 0.194144 0.240663
0.448853 0.110352 0.212036 0.872700 0.214556 0.412260
0.509766 0.118042 0.281738 0.991133 0.229508 0.547781
0.564209 0.120239 0.333008 1.096987 0.233780 0.647464
0.608765 0.105469 0.364014 1.183616 0.205062 0.707749
0.645508 0.093140 0.384766 1.255055 0.181091 0.748097
0.654297 0.074341 0.393188 1.272144 0.144540 0.764473
0.658325 0.061035 0.384644 1.279976 0.118670 0.747859
0.671143 0.034424 0.382202 1.304897 0.066930 0.743112
0.686035 0.007446 0.389771 1.333852 0.014478 0.757828
0.707397 -0.014038 0.408447 1.375387 -0.027294 0.794141
0.738159 -0.022339 0.438354 1.435197 -0.043433 0.852289
0.761353 -0.013672 0.471069 1.480291 -0.026582 0.915896
0.783081 -0.004028 0.515991 1.522538 -0.007832 1.003237
0.802002 0.002563 0.568359 1.559326 0.004984 1.105056
0.822510 0.015625 0.618652 1.599199 0.030380 1.202841
0.828735 0.025269 0.657593 1.611303 0.049129 1.278552
0.818726 0.021484 0.676270 1.591841 0.041772 1.314865
0.804810 0.030762 0.682739 1.564785 0.059810 1.327444
0.789917 0.024170 0.685425 1.535829 0.046993 1.332666
0.755127 -0.007690 0.685425 1.468187 -0.014952 1.332666
0.727905 -0.021606 0.682129 1.415260 -0.042009 1.326257
0.694458 -0.058960 0.683594 1.350229 -0.114635 1.329106
0.650146 -0.094116 0.682617 1.264074 -0.182989 1.327207
0.593872 -0.112915 0.680298 1.154660 -0.219540 1.322697
0.533691 -0.114380 0.673828 1.037652 -0.222388 1.310118
0.478149 -0.102783 0.674805 0.929662 -0.199841 1.312017
0.436646 -0.069214 0.687256 0.848966 -0.134572 1.336226
0.393188 -0.021118 0.697388 0.764473 -0.041060 1.355925
0.340576 0.028442 0.703613 0.662179 0.055300 1.368029
0.281494 0.044434 0.702271 0.547307 0.086392 1.365419
0.208130 0.035522 0.684570 0.404665 0.069066 1.331004
0.120728 0.006104 0.654053 0.234730 0.011867 1.271669
0.029663 -0.033447 0.602783 0.057674 -0.065031 1.171986
-0.057739 -0.040649 0.538086 -0.112262 -0.079034 1.046196
-0.140015 -0.055664 0.494019 -0.272229 -0.108227 0.960516
-0.214478 -0.012451 0.438843 -0.417007 -0.024209 0.853238
-0.268921 0.031738 0.399780 -0.522861 0.061708 0.777289
-0.311523 0.040894 0.374512 -0.605692 0.079509 0.728160
-0.358276 0.059814 0.347534 -0.696594 0.116297 0.675708
-0.413086 0.083984 0.325195 -0.803160 0.163290 0.632275
-0.476685 0.101196 0.307251 -0.926814 0.196755 0.597386
-0.522705 0.138428 0.270752 -1.016291 0.269144 0.526421
-0.578613 0.161255 0.225708 -1.124993 0.313527 0.438842
-0.622070 0.186035 0.166382 -1.209486 0.361707 0.323495
-0.670654 0.186890 0.093506 -1.303948 0.363368 0.181803
-0.717041 0.176147 0.004883 -1.394137 0.342482 0.009494
-0.753418 0.156250 -0.093018 -1.464864 0.303796 -0.180853
-0.790771 0.100952 -0.172607 -1.537490 0.196280 -0.335599
-0.813721 0.035156 -0.249390 -1.582110 0.068354 -0.484886
-0.838745 -0.046265 -0.306519 -1.630765 -0.089952 -0.595961
-0.853271 -0.078735 -0.342896 -1.659009 -0.153084 -0.666689
-0.859253 -0.118286 -0.361938 -1.670638 -0.229983 -0.703714
-0.843262 -0.118286 -0.355713 -1.639547 -0.229983 -0.691610
-0.826782 -0.072632 -0.354858 -1.607506 -0.141217 -0.689948
-0.825684 -0.030273 -0.355469 -1.605370 -0.058860 -0.691135
-0.859131 -0.042847 -0.367432 -1.670401 -0.083306 -0.714394
-0.885620 -0.144897 -0.391235 -1.721904 -0.281723 -0.760676
-0.821167 -0.166870 -0.417725 -1.596588 -0.324444 -0.812178
-0.729614 -0.167358 -0.464233 -1.418583 -0.325394 -0.902605
-0.656738 -0.149048 -0.499023 -1.276891 -0.289792 -0.970247
-0.589233 -0.102783 -0.506836 -1.145642 -0.199841 -0.985437
