0.096436 -0.058594 0.128906 0.187499 -0.113923 0.250631
0.015625 -0.137817 0.046143 0.030380 -0.267957 0.089715
0.002563 -0.177124 0.017212 0.004984 -0.344381 0.033465
0.030029 -0.222656 -0.008301 0.058386 -0.432909 -0.016139
0.020630 -0.150024 -0.052124 0.040111 -0.291691 -0.101344
-0.025513 -0.082520 -0.146484 -0.049604 -0.160442 -0.284808
-0.058105 -0.084473 -0.343994 -0.112974 -0.164239 -0.668825
-0.123657 -0.051147 -0.418457 -0.240426 -0.099446 -0.813603
-0.177856 -0.077637 -0.377563 -0.345805 -0.150948 -0.734093
-0.174683 -0.128662 -0.381226 -0.339634 -0.250157 -0.741214
-0.158081 -0.146484 -0.431274 -0.307356 -0.284808 -0.838523
-0.173584 -0.130249 -0.478882 -0.337498 -0.253242 -0.931086
-0.190552 -0.108276 -0.524414 -0.370488 -0.210521 -1.019614
-0.195435 -0.063477 -0.576538 -0.379982 -0.123417 -1.120958
-0.187500 0.008911 -0.622192 -0.364555 0.017326 -1.209723
-0.178223 0.042725 -0.670654 -0.346517 0.083069 -1.303948
-0.156006 0.090820 -0.716187 -0.303321 0.176581 -1.392475
-0.162842 0.108521 -0.771484 -0.316612 0.210996 -1.499991
-0.175659 0.106689 -0.820068 -0.341533 0.207435 -1.594452
-0.174805 0.073120 -0.845459 -0.339871 0.142167 -1.643819
-0.176758 0.045044 -0.855713 -0.343669 0.087579 -1.663755
-0.146362 0.042603 -0.834595 -0.284571 0.082832 -1.622696
-0.120361 0.082153 -0.841797 -0.234018 0.159730 -1.636699
-0.091797 0.129028 -0.884766 -0.178480 0.250869 -1.720242
-0.104736 0.157715 -0.941040 -0.203638 0.306644 -1.829656
-0.077637 0.220703 -0.987793 -0.150948 0.429111 -1.920558
-0.057251 0.280884 -1.036499 -0.111313 0.546120 -2.015256
-0.026367 0.300049 -1.090088 -0.051266 0.583382 -2.119449
0.000000 0.293091 -1.120361 0.000000 0.569854 -2.178309
0.005981 0.261230 -1.149048 0.011630 0.507908 -2.234084
-0.009399 0.176392 -1.158325 -0.018275 0.342957 -2.252122
0.033325 0.115601 -1.123291 0.064794 0.224761 -2.184005
0.049194 0.121948 -1.077515 0.095648 0.237103 -2.095003
0.052124 0.104248 -1.047241 0.101344 0.202689 -2.036142
0.038696 0.090942 -1.022705 0.075237 0.176819 -1.988437
0.043701 0.168579 -1.002441 0.084968 0.327767 -1.949038
0.052002 0.243408 -1.019775 0.101107 0.473257 -1.982741
0.036743 0.239868 -1.054688 0.071439 0.466374 -2.050620
0.037231 0.145996 -1.063354 0.072389 0.283859 -2.067471
0.066895 0.006470 -0.996704 0.130062 0.012579 -1.937883
0.103027 -0.143311 -0.879761 0.200315 -0.278637 -1.710511
0.106689 -0.168823 -0.772095 0.207435 -0.328242 -1.501177
0.120850 -0.115845 -0.676636 0.234967 -0.225236 -1.315577
0.097168 -0.004883 -0.647217 0.188923 -0.009494 -1.258378
0.070679 0.057861 -0.614990 0.137420 0.112499 -1.195720
0.062622 0.044312 -0.559448 0.121756 0.086155 -1.087731
0.056519 0.030029 -0.506470 0.109889 0.058386 -0.984725
0.038208 0.019287 -0.413208 0.074288 0.037500 -0.803397
0.033081 -0.007568 -0.255859 0.064319 -0.014715 -0.497465
0.025024 -0.026733 -0.121094 0.048655 -0.051978 -0.235442
0.001953 -0.008423 0.000122 0.003797 -0.016376 0.000237
-0.015381 -0.029175 0.131104 -0.029905 -0.056724 0.254903
-0.027954 -0.063232 0.272217 -0.054351 -0.122942 0.529269
-0.026855 -0.073853 0.407959 -0.052215 -0.143591 0.793191
-0.009766 -0.047119 0.527344 -0.018987 -0.091613 1.025310
0.005005 -0.029419 0.619629 0.009731 -0.057199 1.204739
0.016602 -0.002808 0.695679 0.032278 -0.005459 1.352602
0.021729 0.009766 0.754761 0.042247 0.018987 1.467475
0.020996 0.021973 0.795898 0.040823 0.042721 1.547459
0.038574 0.014038 0.822998 0.075000 0.027294 1.600148
0.064575 0.007080 0.848511 0.125553 0.013766 1.649752
0.105469 -0.019165 0.881226 0.205062 -0.037262 1.713359
0.134888 -0.064087 0.895142 0.262261 -0.124604 1.740416
0.136719 -0.107910 0.886597 0.265821 -0.209809 1.723802
0.127197 -0.121338 0.876221 0.247309 -0.235916 1.703629
0.089722 -0.145996 0.865112 0.174445 -0.283859 1.682031
0.029663 -0.160034 0.852417 0.057674 -0.311153 1.657347
0.009155 -0.172485 0.871704 0.017801 -0.335362 1.694847
0.007446 -0.194336 0.898193 0.014478 -0.377846 1.746350
-0.026367 -0.182861 0.901001 -0.051266 -0.355536 1.751809
-0.060669 -0.177490 0.881348 -0.117958 -0.345093 1.713597
-0.090942 -0.199341 0.860718 -0.176819 -0.387577 1.673486
-0.111450 -0.225708 0.848022 -0.216692 -0.438842 1.648803
-0.131104 -0.239136 0.828003 -0.254903 -0.464950 1.609879
-0.160645 -0.281738 0.808838 -0.312340 -0.547781 1.572617
-0.198853 -0.321899 0.788086 -0.386627 -0.625866 1.532269
-0.224609 -0.319092 0.760620 -0.436706 -0.620408 1.478867
-0.250732 -0.328613 0.728149 -0.487497 -0.638920 1.415735
-0.282837 -0.328857 0.685425 -0.549917 -0.639395 1.332666
-0.320190 -0.325928 0.621216 -0.622544 -0.633699 1.207825
-0.352539 -0.335938 0.554565 -0.685439 -0.653160 1.078237
-0.385864 -0.313110 0.493530 -0.750233 -0.608778 0.959567
-0.407959 -0.276489 0.435669 -0.793191 -0.537576 0.847067
-0.419800 -0.222900 0.375732 -0.816213 -0.433383 0.730533
-0.434082 -0.180420 0.302979 -0.843982 -0.350789 0.589079
-0.462646 -0.141479 0.228638 -0.899520 -0.275077 0.444538
-0.486572 -0.127197 0.155273 -0.946038 -0.247309 0.301897
-0.514648 -0.119263 0.078979 -1.000627 -0.231881 0.153559
-0.541748 -0.136719 0.008911 -1.053316 -0.265821 0.017326
-0.558960 -0.158203 -0.040283 -1.086781 -0.307593 -0.078322
-0.563843 -0.166992 -0.078247 -1.096275 -0.324682 -0.152135
-0.576660 -0.135254 -0.116577 -1.121196 -0.262973 -0.226660
-0.584473 -0.103271 -0.147339 -1.136385 -0.200790 -0.286470
-0.592651 -0.038452 -0.172607 -1.152287 -0.074762 -0.335599
-0.620239 0.030518 -0.208252 -1.205926 0.059335 -0.404903
-0.636841 0.041992 -0.265137 -1.238204 0.081645 -0.515503
-0.637939 0.073608 -0.323853 -1.240340 0.143116 -0.629664
-0.612671 0.111206 -0.378052 -1.191211 0.216217 -0.735043
-0.573608 0.162720 -0.434082 -1.115262 0.316375 -0.843982
-0.517944 0.192017 -0.506470 -1.007035 0.373336 -0.984725
-0.474609 0.215942 -0.589111 -0.922779 0.419855 -1.145404
-0.439819 0.220459 -0.689941 -0.855137 0.428637 -1.341447
-0.392578 0.209106 -0.760254 -0.763286 0.406564 -1.478155
-0.327393 0.156738 -0.791382 -0.636547 0.304745 -1.538677
-0.280518 0.166382 -0.808838 -0.545408 0.323495 -1.572617
-0.234253 0.223145 -0.816772 -0.455456 0.433858 -1.588044
-0.191895 0.286865 -0.810669 -0.373099 0.557750 -1.576177
-0.146606 0.345337 -0.806396 -0.285046 0.671436 -1.567870
-0.098999 0.399292 -0.812500 -0.192483 0.776340 -1.579737
-0.032715 0.389771 -0.788086 -0.063607 0.757828 -1.532269
0.036377 0.353394 -0.766113 0.070727 0.687100 -1.489548
0.101563 0.321411 -0.744873 0.197467 0.624917 -1.448250
0.149414 0.299438 -0.718628 0.290505 0.582196 -1.397222
0.183472 0.311768 -0.700806 0.356722 0.606167 -1.362571
0.219116 0.320679 -0.666016 0.426026 0.623493 -1.294929
0.257202 0.322510 -0.607056 0.500076 0.627053 -1.180293
0.298584 0.310547 -0.572510 0.580534 0.603794 -1.113126
0.324219 0.299683 -0.540039 0.630376 0.582670 -1.049993
0.352783 0.298096 -0.494873 0.685913 0.579585 -0.962178
0.376221 0.308105 -0.450317 0.731483 0.599047 -0.875548
0.370117 0.364746 -0.410767 0.719616 0.709173 -0.798650
0.368408 0.381348 -0.370361 0.716293 0.741451 -0.720090
0.377075 0.396240 -0.330933 0.733144 0.770407 -0.643430
0.399902 0.415283 -0.301392 0.777527 0.807432 -0.585993
0.420044 0.427368 -0.287720 0.816688 0.830928 -0.559411
0.421997 0.399902 -0.282959 0.820485 0.777527 -0.550155
0.420288 0.342896 -0.262451 0.817163 0.666689 -0.510282
0.408203 0.253540 -0.222778 0.793666 0.492956 -0.433146
0.386230 0.186646 -0.173218 0.750945 0.362893 -0.336786
0.362915 0.148926 -0.120605 0.705613 0.289555 -0.234492
0.342285 0.141602 -0.082642 0.665502 0.275315 -0.160679
0.339111 0.181030 -0.068848 0.659331 0.351976 -0.133860
0.322632 0.197021 -0.077881 0.627290 0.383067 -0.151423
0.294678 0.190796 -0.088867 0.572939 0.370963 -0.172784
0.270996 0.137207 -0.068481 0.526895 0.266770 -0.133148
0.248291 0.086304 -0.040161 0.482750 0.167800 -0.078085
0.215332 0.063477 -0.014038 0.418668 0.123417 -0.027294
0.176758 0.039795 0.018066 0.343669 0.077373 0.035126
0.143188 0.039307 0.039063 0.278400 0.076424 0.075949
0.100708 0.084106 0.061279 0.195806 0.163527 0.119145
0.064331 0.037109 0.082886 0.125078 0.072151 0.161154
0.031860 0.008545 0.091064 0.061946 0.016614 0.177056
0.024048 0.027588 0.095947 0.046756 0.053639 0.186549
0.018433 0.035522 0.102783 0.035838 0.069066 0.199841
0.000488 0.022339 0.101807 0.000949 0.043433 0.197942
-0.019287 -0.014404 0.102295 -0.037500 -0.028006 0.198891
-0.040527 -0.034302 0.098145 -0.078797 -0.066693 0.190822
-0.056152 -0.034302 0.088989 -0.109177 -0.066693 0.173021
-0.064941 -0.035400 0.083252 -0.126265 -0.068829 0.161866
-0.071045 -0.025269 0.075195 -0.138132 -0.049129 0.146202
