-0.241699 0.187744 -0.007080 -0.469934 0.365029 -0.013766
-0.201294 0.105957 0.018677 -0.391374 0.206011 0.036313
-0.230347 0.061279 0.021118 -0.447861 0.119145 0.041060
-0.261230 0.104370 -0.004028 -0.507908 0.202926 -0.007832
-0.263062 0.122803 -0.050293 -0.511468 0.238764 -0.097784
-0.267456 0.128418 -0.104126 -0.520013 0.249682 -0.202451
-0.295166 0.133911 -0.177612 -0.573889 0.260362 -0.345330
-0.253418 0.145630 -0.210693 -0.492718 0.283147 -0.409649
-0.177490 0.149658 -0.178833 -0.345093 0.290979 -0.347704
-0.108521 0.128784 -0.122681 -0.210996 0.250394 -0.238527
-0.065796 0.141602 -0.072510 -0.127926 0.275315 -0.140980
-0.052734 0.193604 -0.034546 -0.102531 0.376422 -0.067167
-0.054077 0.223633 -0.018066 -0.105142 0.434807 -0.035126
-0.058716 0.224976 -0.012939 -0.114161 0.437418 -0.025158
-0.057373 0.196167 -0.011230 -0.111550 0.381406 -0.021835
-0.043823 0.173462 -0.010254 -0.085205 0.337261 -0.019937
-0.020630 0.165405 -0.002441 -0.040111 0.321596 -0.004747
0.003784 0.167725 0.021973 0.007358 0.326106 0.042721
0.018799 0.197876 0.049194 0.036550 0.384729 0.095648
0.033447 0.251831 0.061401 0.065031 0.489633 0.119382
0.057495 0.332153 0.064087 0.111787 0.645803 0.124604
0.081665 0.393555 0.076172 0.158781 0.765185 0.148100
0.125122 0.409790 0.100098 0.243274 0.796751 0.194619
0.192749 0.433594 0.129761 0.374760 0.843033 0.252293
0.269287 0.469971 0.153809 0.523573 0.913760 0.299049
0.336060 0.487549 0.161621 0.653398 0.947937 0.314239
0.376709 0.516968 0.164063 0.732432 1.005136 0.318985
0.386230 0.624634 0.177124 0.750945 1.214470 0.344381
0.381592 0.771729 0.192871 0.741926 1.500465 0.374998
0.385010 0.911011 0.206909 0.748571 1.771271 0.402292
0.405640 1.046875 0.206421 0.788682 2.035430 0.401342
0.420532 1.047119 0.202271 0.817637 2.035905 0.393273
0.437500 1.066528 0.215820 0.850628 2.073642 0.419618
0.462158 0.971924 0.230225 0.898570 1.889703 0.447624
0.487305 0.953491 0.230103 0.947462 1.853865 0.447386
0.490967 0.966797 0.228394 0.954583 1.879735 0.444064
0.455078 0.972534 0.229248 0.884805 1.890890 0.445725
0.447998 0.984619 0.238037 0.871039 1.914387 0.462814
0.468994 1.008789 0.271118 0.911861 1.961380 0.527133
0.500366 1.098145 0.300781 0.972858 2.135113 0.584806
0.522827 1.214478 0.313843 1.016528 2.361299 0.610202
0.546631 1.321533 0.329956 1.062810 2.569446 0.641531
0.572754 1.439209 0.350708 1.113601 2.798242 0.681879
0.553345 1.497803 0.401489 1.075863 2.912165 0.780612
0.510010 1.448975 0.447021 0.991608 2.817229 0.869140
0.453491 1.366577 0.471924 0.881719 2.657024 0.917558
0.436157 1.314941 0.484131 0.848017 2.556630 0.941292
0.441650 1.249512 0.482056 0.858697 2.429415 0.937257
0.434082 1.247070 0.445435 0.843982 2.424668 0.866055
0.443848 1.274902 0.418701 0.862969 2.478782 0.814077
0.449951 1.258545 0.426758 0.874836 2.446978 0.829742
0.461182 1.285400 0.447266 0.896672 2.499193 0.869615
0.470825 1.325073 0.437866 0.915421 2.576329 0.851340
0.488281 1.334717 0.436279 0.949361 2.595079 0.848254
0.482788 1.240479 0.437988 0.938681 2.411852 0.851577
0.452026 1.094849 0.434692 0.878871 2.128705 0.845169
0.391357 1.013184 0.465820 0.760913 1.969924 0.905691
0.348145 0.966309 0.504395 0.676894 1.878786 0.980690
0.322876 0.946655 0.536987 0.627765 1.840574 1.044060
0.307861 0.929688 0.516846 0.598572 1.807584 1.004899
0.291748 0.902710 0.475708 0.567243 1.755131 0.924915
0.281616 0.860718 0.426025 0.547544 1.673486 0.828318
0.257568 0.811279 0.381958 0.500788 1.577363 0.742638
0.230347 0.747559 0.342041 0.447861 1.453472 0.665027
0.209839 0.672974 0.268433 0.407988 1.308457 0.521911
0.184448 0.647949 0.177368 0.358621 1.259802 0.344855
0.150391 0.594238 0.091431 0.292403 1.155373 0.177768
0.135010 0.489624 0.033569 0.262498 0.951972 0.065269
0.142822 0.432251 -0.031494 0.277688 0.840422 -0.061234
0.138306 0.331909 -0.086426 0.268907 0.645328 -0.168037
0.136841 0.241577 -0.105835 0.266058 0.469696 -0.205774
0.121948 0.285522 -0.122681 0.237103 0.555139 -0.238527
0.057739 0.360474 -0.167603 0.112262 0.700866 -0.325868
0.029053 0.454346 -0.238892 0.056487 0.883381 -0.464475
0.010864 0.542480 -0.333130 0.021123 1.054740 -0.647702
-0.002808 0.616211 -0.401489 -0.005459 1.198094 -0.780612
-0.004395 0.657104 -0.446899 -0.008544 1.277603 -0.868903
-0.006470 0.676147 -0.503540 -0.012579 1.314628 -0.979029
-0.020752 0.702637 -0.585083 -0.040348 1.366131 -1.137572
-0.055420 0.721191 -0.666382 -0.107752 1.402206 -1.295641
-0.088501 0.676880 -0.727051 -0.172072 1.316052 -1.413599
-0.090332 0.595337 -0.766968 -0.175632 1.157509 -1.491209
-0.100952 0.486084 -0.784546 -0.196280 0.945089 -1.525386
-0.111084 0.387573 -0.775879 -0.215980 0.753555 -1.508535
-0.100464 0.284424 -0.777954 -0.195331 0.553003 -1.512570
-0.080811 0.256958 -0.788818 -0.157119 0.499601 -1.533693
-0.091919 0.313232 -0.805176 -0.178717 0.609015 -1.565497
-0.090088 0.344849 -0.828125 -0.175157 0.670486 -1.610116
-0.094849 0.366943 -0.852539 -0.184413 0.713445 -1.657585
-0.106934 0.414917 -0.856079 -0.207910 0.806720 -1.664467
-0.099121 0.405273 -0.845093 -0.192720 0.787970 -1.643107
-0.076904 0.365723 -0.834961 -0.149524 0.711071 -1.623408
-0.050171 0.343018 -0.840332 -0.097547 0.666926 -1.633851
-0.036743 0.321289 -0.866211 -0.071439 0.624680 -1.684167
-0.039063 0.295044 -0.883911 -0.075949 0.573651 -1.718581
-0.026733 0.252563 -0.883179 -0.051978 0.491057 -1.717157
0.009277 0.221313 -0.869629 0.018038 0.430298 -1.690812
0.016724 0.228027 -0.865723 0.032516 0.443352 -1.683217
0.036499 0.262085 -0.881226 0.070965 0.509570 -1.713359
0.069458 0.289795 -0.908691 0.135047 0.563446 -1.766761
0.090454 0.259644 -0.921021 0.175869 0.504823 -1.790733
0.090576 0.229370 -0.933716 0.176106 0.445962 -1.815416
0.077881 0.184570 -0.955444 0.151423 0.358858 -1.857662
0.076172 0.127930 -0.967163 0.148100 0.248733 -1.880447
0.078857 0.097290 -0.989990 0.153322 0.189160 -1.924830
0.070923 0.098999 -0.997192 0.137895 0.192483 -1.938833
0.078247 0.135986 -0.982178 0.152135 0.264397 -1.909640
0.101685 0.204224 -0.911255 0.197704 0.397070 -1.771745
0.085571 0.223145 -0.867065 0.166376 0.433858 -1.685828
0.092163 0.224609 -0.847046 0.179192 0.436706 -1.646904
0.123657 0.247803 -0.806885 0.240426 0.481801 -1.568819
0.117920 0.234375 -0.754150 0.229271 0.455693 -1.466288
0.104004 0.197876 -0.727051 0.202214 0.384729 -1.413599
0.117065 0.154175 -0.716187 0.227609 0.299761 -1.392475
0.121582 0.088013 -0.660767 0.236391 0.171122 -1.284723
0.150146 0.050415 -0.591064 0.291929 0.098022 -1.149202
0.160522 -0.000854 -0.548828 0.312102 -0.001661 -1.067082
0.140381 0.043701 -0.487305 0.272941 0.084968 -0.947462
0.122681 0.065796 -0.425415 0.238527 0.127926 -0.827131
0.110107 0.046875 -0.321655 0.214081 0.091139 -0.625392
0.116455 0.018066 -0.204224 0.226423 0.035126 -0.397070
0.120117 -0.008301 -0.083130 0.233543 -0.016139 -0.161629
0.104736 -0.012207 0.011475 0.203638 -0.023734 0.022310
0.065063 0.026489 0.094604 0.126502 0.051503 0.183939
0.020752 0.066772 0.189697 0.040348 0.129825 0.368827
-0.010132 0.086182 0.294067 -0.019699 0.167562 0.571753
-0.029175 0.098633 0.389771 -0.056724 0.191771 0.757828
-0.039795 0.107910 0.469116 -0.077373 0.209809 0.912099
-0.052856 0.110229 0.539917 -0.102768 0.214318 1.049756
-0.050903 0.094238 0.617065 -0.098971 0.183227 1.199755
-0.032593 0.062744 0.698853 -0.063370 0.121993 1.358773
-0.018066 0.030884 0.772827 -0.035126 0.060047 1.502601
-0.010254 0.020508 0.834595 -0.019937 0.039873 1.622696
-0.021729 0.009277 0.890381 -0.042247 0.018038 1.731160
-0.053345 0.006348 0.921875 -0.103718 0.012342 1.792394
-0.088257 0.010864 0.959106 -0.171597 0.021123 1.864783
-0.106689 0.005493 1.028076 -0.207435 0.010680 1.998880
-0.102173 -0.008301 1.116577 -0.198654 -0.016139 2.170952
-0.139893 -0.005127 1.170288 -0.271992 -0.009968 2.275381
-0.215210 0.053833 1.183594 -0.418431 0.104667 2.301251
-0.292358 0.071655 1.135620 -0.568430 0.139319 2.207977
-0.326660 0.046387 1.103271 -0.635123 0.090189 2.145082
-0.331299 -0.014526 1.079468 -0.644142 -0.028243 2.098800
-0.329956 -0.073120 1.091553 -0.641531 -0.142167 2.122297
-0.320923 -0.136108 1.120361 -0.623968 -0.264634 2.178309
-0.319580 -0.158081 1.088135 -0.621357 -0.307356 2.115651
-0.339600 -0.126343 1.014893 -0.660281 -0.245647 1.973247
-0.379028 -0.057251 0.895752 -0.736942 -0.111313 1.741603
-0.416870 0.031494 0.776733 -0.810517 0.061234 1.510196
-0.429810 0.075562 0.711670 -0.835675 0.146914 1.383694
