-0.436035 0.122681 -0.187744 -0.847780 0.238527 -0.365029
-0.353760 0.065063 -0.139160 -0.687812 0.126502 -0.270568
-0.273560 -0.035034 -0.016846 -0.531880 -0.068117 -0.032753
-0.249268 -0.107056 0.013062 -0.484649 -0.208147 0.025395
-0.254395 -0.083618 -0.002075 -0.494617 -0.162578 -0.004035
-0.309204 -0.038208 -0.027222 -0.601183 -0.074288 -0.052927
-0.361084 -0.110962 -0.088745 -0.702053 -0.215742 -0.172546
-0.335938 -0.113159 -0.105469 -0.653160 -0.220014 -0.205062
-0.336182 -0.076172 -0.091553 -0.653635 -0.148100 -0.178005
-0.350952 -0.069580 -0.093872 -0.682353 -0.135284 -0.182515
-0.375122 -0.056152 -0.067139 -0.729347 -0.109177 -0.130537
-0.389404 -0.024536 -0.052368 -0.757115 -0.047705 -0.101819
-0.407349 0.002930 -0.045166 -0.792005 0.005696 -0.087816
-0.424316 -0.002075 -0.052979 -0.824995 -0.004035 -0.103006
-0.447876 -0.012451 -0.086670 -0.870802 -0.024209 -0.168512
-0.466553 -0.038940 -0.126343 -0.907115 -0.075712 -0.245647
-0.481567 -0.078369 -0.157837 -0.936307 -0.152372 -0.306881
-0.499146 -0.117920 -0.166382 -0.970484 -0.229271 -0.323495
-0.514893 -0.121094 -0.146729 -1.001101 -0.235442 -0.285283
-0.527100 -0.100220 -0.112549 -1.024835 -0.194856 -0.218828
-0.544312 -0.080444 -0.091675 -1.058300 -0.156407 -0.178243
-0.548828 -0.078247 -0.088501 -1.067082 -0.152135 -0.172072
-0.548828 -0.091919 -0.095703 -1.067082 -0.178717 -0.186075
-0.554932 -0.100342 -0.118896 -1.078949 -0.195094 -0.231169
-0.554443 -0.108765 -0.147339 -1.078000 -0.211470 -0.286470
-0.541992 -0.098145 -0.159180 -1.053791 -0.190822 -0.309492
-0.520142 -0.089111 -0.139893 -1.011307 -0.173258 -0.271992
-0.511353 -0.058594 -0.116943 -0.994218 -0.113923 -0.227372
-0.543457 -0.040771 -0.116943 -1.056639 -0.079272 -0.227372
-0.562500 -0.058838 -0.124268 -1.093664 -0.114398 -0.241612
-0.588501 -0.038940 -0.132324 -1.144217 -0.075712 -0.257277
-0.588623 -0.096436 -0.140869 -1.144455 -0.187499 -0.273891
-0.563232 -0.110840 -0.129150 -1.095088 -0.215505 -0.251106
-0.543335 -0.077637 -0.110474 -1.056402 -0.150948 -0.214793
-0.522949 -0.065796 -0.086914 -1.016766 -0.127926 -0.168986
-0.510376 -0.058594 -0.063110 -0.992320 -0.113923 -0.122705
-0.516113 -0.038330 -0.074463 -1.003475 -0.074525 -0.144778
-0.539185 -0.006714 -0.118652 -1.048332 -0.013054 -0.230695
-0.569336 -0.029541 -0.162720 -1.106955 -0.057436 -0.316375
-0.570801 -0.112061 -0.183105 -1.109803 -0.217878 -0.356010
-0.562622 -0.123291 -0.164307 -1.093901 -0.239714 -0.319460
-0.544800 -0.116333 -0.125732 -1.059250 -0.226185 -0.244460
-0.520142 -0.096191 -0.087158 -1.011307 -0.187024 -0.169461
-0.504883 -0.048340 -0.070313 -0.981639 -0.093987 -0.136708
-0.493652 -0.017456 -0.077637 -0.959804 -0.033940 -0.150948
-0.491577 -0.033813 -0.115112 -0.955769 -0.065743 -0.223812
-0.494019 -0.059692 -0.153931 -0.960516 -0.116059 -0.299286
-0.492310 -0.048096 -0.172363 -0.957193 -0.093512 -0.335124
-0.489380 -0.059937 -0.139526 -0.951497 -0.116534 -0.271280
-0.495483 -0.127808 -0.128540 -0.963364 -0.248495 -0.249919
-0.462891 -0.074097 -0.082397 -0.899994 -0.144066 -0.160205
-0.439819 -0.072266 -0.051758 -0.855137 -0.140505 -0.100632
-0.443604 -0.071045 -0.058594 -0.862495 -0.138132 -0.113923
-0.465088 -0.093750 -0.078979 -0.904266 -0.182277 -0.153559
-0.459106 -0.129639 -0.112183 -0.892637 -0.252055 -0.218116
-0.419067 -0.107300 -0.132080 -0.814789 -0.208622 -0.256802
-0.370972 -0.062622 -0.117310 -0.721277 -0.121756 -0.228084
-0.332275 -0.008789 -0.085815 -0.646040 -0.017089 -0.166850
-0.301025 0.037354 -0.051758 -0.585281 0.072626 -0.100632
-0.282593 0.066895 -0.035278 -0.549443 0.130062 -0.068591
-0.283325 0.055786 -0.036499 -0.550867 0.108465 -0.070965
-0.297119 0.025757 -0.069702 -0.577686 0.050079 -0.135521
-0.325562 -0.008789 -0.114746 -0.632987 -0.017089 -0.223100
-0.354004 -0.056641 -0.156494 -0.688287 -0.110126 -0.304270
-0.355469 -0.088257 -0.188354 -0.691135 -0.171597 -0.366216
-0.323608 -0.106201 -0.189453 -0.629189 -0.206486 -0.368352
-0.284912 -0.090576 -0.161011 -0.553952 -0.176106 -0.313052
-0.250610 -0.059326 -0.113037 -0.487260 -0.115347 -0.219777
-0.211670 -0.024170 -0.057007 -0.411548 -0.046993 -0.110838
-0.185059 0.002563 -0.023804 -0.359808 0.004984 -0.046281
-0.180420 0.028564 -0.024536 -0.350789 0.055538 -0.047705
-0.192871 0.031250 -0.062988 -0.374998 0.060759 -0.122468
-0.207764 0.000488 -0.122437 -0.403953 0.000949 -0.238052
-0.204834 -0.022461 -0.169189 -0.398257 -0.043671 -0.328954
-0.194702 -0.037598 -0.190063 -0.378558 -0.073101 -0.369539
-0.185303 -0.024902 -0.178711 -0.360283 -0.048417 -0.347466
-0.172363 -0.023560 -0.141724 -0.335124 -0.045807 -0.275552
-0.158447 -0.024170 -0.091431 -0.308068 -0.046993 -0.177768
-0.144043 -0.014526 -0.058594 -0.280062 -0.028243 -0.113923
-0.136963 -0.000366 -0.054688 -0.266296 -0.000712 -0.106328
-0.123047 0.000610 -0.058228 -0.239239 0.001187 -0.113211
-0.117188 -0.001587 -0.089722 -0.227847 -0.003085 -0.174445
-0.106079 -0.002686 -0.109375 -0.206249 -0.005221 -0.212657
-0.091064 0.000244 -0.107056 -0.177056 0.000475 -0.208147
-0.079956 0.005737 -0.101440 -0.155458 0.011155 -0.197230
-0.072144 -0.009888 -0.089478 -0.140268 -0.019225 -0.173970
-0.067261 -0.016113 -0.077393 -0.130774 -0.031329 -0.150474
-0.052368 -0.023315 -0.063599 -0.101819 -0.045332 -0.123654
-0.029541 -0.015869 -0.048218 -0.057436 -0.030854 -0.093749
-0.007568 -0.002686 -0.030273 -0.014715 -0.005221 -0.058860
0.012085 0.017212 -0.009766 0.023497 0.033465 -0.018987
0.029663 0.032593 0.007813 0.057674 0.063370 0.015190
0.049927 0.041992 0.019531 0.097072 0.081645 0.037974
0.066772 0.035645 0.022583 0.129825 0.069303 0.043908
0.082520 0.032227 0.017212 0.160442 0.062658 0.033465
0.097290 0.038086 0.011719 0.189160 0.074050 0.022785
0.118286 0.038574 0.014526 0.229983 0.075000 0.028243
0.140503 0.049316 0.030884 0.273179 0.095885 0.060047
0.159790 0.067261 0.050659 0.310678 0.130774 0.098496
0.182007 0.091675 0.067261 0.353874 0.178243 0.130774
0.196411 0.093506 0.075684 0.381881 0.181803 0.147151
0.199585 0.082153 0.070435 0.388051 0.159730 0.136945
0.201660 0.071533 0.057251 0.392086 0.139081 0.111313
0.208618 0.059937 0.050781 0.405615 0.116534 0.098734
0.211182 0.037109 0.051392 0.410599 0.072151 0.099920
0.216187 0.026733 0.047729 0.420330 0.051978 0.092800
0.219727 0.034180 0.054077 0.427213 0.066455 0.105142
0.228149 0.042847 0.059082 0.443589 0.083306 0.114873
0.237549 0.053345 0.059448 0.461864 0.103718 0.115585
0.242920 0.056519 0.055786 0.472307 0.109889 0.108465
0.238892 0.057983 0.042603 0.464475 0.112737 0.082832
0.241455 0.061523 0.028442 0.469459 0.119620 0.055300
0.246216 0.065430 0.015869 0.478715 0.127214 0.030854
0.254272 0.061523 0.015015 0.494380 0.119620 0.029193
0.265503 0.054199 0.029785 0.516215 0.105379 0.057911
0.269287 0.054443 0.046997 0.523573 0.105854 0.091376
0.270264 0.053467 0.063721 0.525471 0.103955 0.123892
0.278442 0.057739 0.076660 0.541373 0.112262 0.149050
0.287842 0.067871 0.078247 0.559648 0.131961 0.152135
0.293091 0.066406 0.068970 0.569854 0.129113 0.134097
0.291992 0.055176 0.056519 0.567718 0.107278 0.109889
0.290771 0.045898 0.046021 0.565345 0.089240 0.089477
0.295654 0.029907 0.047607 0.574838 0.058148 0.092563
0.303589 0.022949 0.059937 0.590265 0.044620 0.116534
0.309570 0.047485 0.071777 0.601895 0.092325 0.139556
0.309082 0.079224 0.076416 0.600946 0.154034 0.148575
0.307983 0.089844 0.072510 0.598810 0.174682 0.140980
0.305542 0.079956 0.059937 0.594063 0.155458 0.116534
0.303345 0.064575 0.045410 0.589791 0.125553 0.088291
0.298218 0.067505 0.037231 0.579822 0.131249 0.072389
0.297729 0.050171 0.036377 0.578873 0.097547 0.070727
0.296875 0.041260 0.046631 0.577212 0.080221 0.090664
0.289063 0.056152 0.056274 0.562022 0.109177 0.109414
0.283325 0.066895 0.057007 0.550867 0.130062 0.110838
0.281250 0.063843 0.053467 0.546832 0.124129 0.103955
0.279907 0.058350 0.042725 0.544221 0.113449 0.083069
0.276123 0.046875 0.035278 0.536864 0.091139 0.068591
0.275146 0.028931 0.046265 0.534965 0.056250 0.089952
0.276245 0.028687 0.071899 0.537101 0.055775 0.139793
0.277344 0.042236 0.095825 0.539237 0.082120 0.186312
0.275024 0.056763 0.111816 0.534728 0.110363 0.217404
0.272217 0.061279 0.120239 0.529269 0.119145 0.233780
0.279419 0.067627 0.127319 0.543272 0.131487 0.247546
0.271729 0.049561 0.130981 0.528319 0.096360 0.254666
0.260132 0.018555 0.120117 0.505772 0.036076 0.233543
0.242310 0.008423 0.112183 0.471120 0.016376 0.218116
0.234863 0.000122 0.126343 0.456643 0.000237 0.245647
0.238770 0.009033 0.151367 0.464238 0.017563 0.294302
0.239502 0.033813 0.171875 0.465662 0.065743 0.334175
0.235718 0.052979 0.178955 0.458304 0.103006 0.347941
