-0.556519 0.007446 -0.105591 -1.082034 0.014478 -0.205299
-0.651978 0.052246 -0.165771 -1.267635 0.101582 -0.322308
-0.762451 0.047119 -0.218140 -1.482427 0.091613 -0.424127
-0.769287 0.065063 -0.248047 -1.495718 0.126502 -0.482275
-0.707153 -0.074951 -0.283203 -1.374912 -0.145727 -0.550629
-0.665161 -0.151245 -0.318481 -1.293267 -0.294065 -0.619221
-0.695801 -0.111694 -0.347900 -1.352840 -0.217166 -0.676420
-0.736694 -0.060913 -0.359009 -1.432349 -0.118433 -0.698018
-0.776367 -0.029053 -0.326660 -1.509484 -0.056487 -0.635123
-0.821167 0.006470 -0.283325 -1.596588 0.012579 -0.550867
-0.856323 0.042358 -0.265869 -1.664942 0.082357 -0.516927
-0.874512 0.071655 -0.270630 -1.700306 0.139319 -0.526183
-0.876099 0.095459 -0.288940 -1.703391 0.185600 -0.561784
-0.885254 0.122192 -0.319336 -1.721192 0.237578 -0.620882
-0.916870 0.167725 -0.331421 -1.782663 0.326106 -0.644379
-0.958862 0.211182 -0.338501 -1.864308 0.410599 -0.658145
-1.013428 0.269409 -0.366211 -1.970399 0.523810 -0.712021
-1.055908 0.168213 -0.399536 -2.052994 0.327055 -0.776815
-1.109375 0.114746 -0.507080 -2.156949 0.223100 -0.985912
-1.157593 0.012085 -0.642334 -2.250698 0.023497 -1.248885
-1.198486 -0.085327 -0.717773 -2.330207 -0.165901 -1.395561
-1.201660 -0.196533 -0.731323 -2.336378 -0.382118 -1.421906
-1.165039 -0.239990 -0.655884 -2.265176 -0.466611 -1.275229
-1.173462 -0.308228 -0.561646 -2.281552 -0.599284 -1.092003
-1.153442 -0.206055 -0.492310 -2.242628 -0.400630 -0.957193
-1.081909 -0.074829 -0.403198 -2.103547 -0.145490 -0.783935
-0.996582 0.001465 -0.390137 -1.937646 0.002848 -0.758540
-0.918701 0.075195 -0.401489 -1.786223 0.146202 -0.780612
-0.835571 0.095459 -0.367432 -1.624594 0.185600 -0.714394
-0.762329 0.020752 -0.357056 -1.482190 0.040348 -0.694220
-0.701782 -0.052124 -0.350952 -1.364469 -0.101344 -0.682353
-0.626709 -0.098267 -0.323120 -1.218505 -0.191059 -0.628240
-0.540039 -0.108887 -0.284912 -1.049993 -0.211708 -0.553952
-0.444336 -0.107788 -0.258301 -0.863919 -0.209571 -0.502212
-0.330688 -0.100220 -0.230103 -0.642955 -0.194856 -0.447386
-0.212036 -0.073120 -0.215210 -0.412260 -0.142167 -0.418431
-0.095093 -0.057739 -0.188599 -0.184888 -0.112262 -0.366691
0.042236 -0.064697 -0.130493 0.082120 -0.125790 -0.253717
0.179932 -0.019409 -0.057373 0.349840 -0.037737 -0.111550
0.315796 0.033813 0.027344 0.613999 0.065743 0.053164
0.436157 0.061646 0.119629 0.848017 0.119857 0.232593
0.530762 0.107910 0.204102 1.031956 0.209809 0.396833
0.609375 0.146118 0.278320 1.184803 0.284096 0.541136
0.685059 0.174316 0.335938 1.331954 0.338922 0.653160
0.744263 0.185303 0.367188 1.447064 0.360283 0.713920
0.789063 0.193237 0.376465 1.534168 0.375710 0.731957
0.813477 0.197632 0.378418 1.581636 0.384254 0.735755
0.821533 0.156128 0.367188 1.597300 0.303558 0.713920
0.830078 0.108643 0.347168 1.613914 0.211233 0.674996
0.849731 0.067627 0.341675 1.652126 0.131487 0.664315
0.839355 0.033569 0.333740 1.631952 0.065269 0.648888
0.804077 0.030762 0.326416 1.563360 0.059810 0.634648
0.770020 0.025269 0.325195 1.497143 0.049129 0.632275
0.760498 0.002075 0.346680 1.478630 0.004035 0.674046
0.745239 -0.011108 0.382080 1.448962 -0.021598 0.742875
0.728760 0.014160 0.415771 1.416921 0.027531 0.808381
0.707275 -0.004395 0.446045 1.375150 -0.008544 0.867241
0.700806 0.006104 0.486816 1.362571 0.011867 0.946513
0.687622 0.036865 0.540894 1.336938 0.071677 1.051655
0.662964 0.081177 0.586914 1.288995 0.157831 1.141132
0.622437 0.097290 0.609009 1.210198 0.189160 1.184091
0.574707 0.089111 0.608521 1.117398 0.173258 1.183141
0.527954 0.071167 0.601196 1.026497 0.138369 1.168901
0.484985 0.047607 0.601440 0.942953 0.092563 1.169376
0.439209 0.037354 0.603271 0.853950 0.072626 1.172936
0.378906 0.047607 0.603149 0.736704 0.092563 1.172698
0.314087 0.059814 0.608398 0.610677 0.116297 1.182904
0.246338 0.061035 0.615234 0.478953 0.118670 1.196195
0.180908 0.051025 0.615234 0.351738 0.099208 1.196195
0.122681 0.074097 0.612671 0.238527 0.144066 1.191211
0.051392 0.120605 0.604980 0.099920 0.234492 1.176258
-0.018066 0.149048 0.587524 -0.035126 0.289792 1.142319
-0.066284 0.171387 0.561890 -0.128876 0.333226 1.092477
-0.124878 0.182007 0.528564 -0.242799 0.353874 1.027683
-0.201782 0.164795 0.480103 -0.392323 0.320409 0.933459
-0.282837 0.150513 0.430298 -0.549917 0.292641 0.836625
-0.377808 0.145996 0.377808 -0.734568 0.283859 0.734568
-0.462158 0.142822 0.325317 -0.898570 0.277688 0.632512
-0.536743 0.139160 0.279785 -1.043585 0.270568 0.543984
-0.622070 0.123535 0.228760 -1.209486 0.240188 0.444776
-0.719482 0.120850 0.160889 -1.398884 0.234967 0.312815
-0.807739 0.130005 0.078857 -1.570481 0.252767 0.153322
-0.872681 0.121948 0.000366 -1.696746 0.237103 0.000712
-0.915161 0.107178 -0.075562 -1.779340 0.208385 -0.146914
-0.942505 0.048828 -0.169556 -1.832504 0.094936 -0.329666
-0.988403 -0.085083 -0.215210 -1.921744 -0.165426 -0.418431
-1.067627 -0.305176 -0.262695 -2.075778 -0.593351 -0.510756
-1.070313 -0.373291 -0.291870 -2.081000 -0.725787 -0.567481
-1.061157 -0.371582 -0.281738 -2.063199 -0.722464 -0.547781
-1.032837 -0.349121 -0.277954 -2.008136 -0.678793 -0.540424
-0.997192 -0.286499 -0.249634 -1.938833 -0.557038 -0.485361
-0.959351 -0.194336 -0.231323 -1.865257 -0.377846 -0.449760
-0.870728 -0.086792 -0.268677 -1.692948 -0.168749 -0.522386
-0.753418 0.007690 -0.339111 -1.464864 0.014952 -0.659331
-0.662964 -0.016235 -0.380493 -1.288995 -0.031566 -0.739790
-0.618530 -0.115723 -0.426270 -1.202603 -0.224999 -0.828792
-0.563232 -0.100098 -0.440674 -1.095088 -0.194619 -0.856798
-0.506714 -0.056641 -0.448364 -0.985200 -0.110126 -0.871751
-0.437744 0.005249 -0.450195 -0.851102 0.010206 -0.875311
-0.383911 0.039551 -0.480103 -0.746435 0.076898 -0.933459
-0.351440 0.052856 -0.534790 -0.683303 0.102768 -1.039788
-0.312134 0.070679 -0.600098 -0.606879 0.137420 -1.166765
-0.271240 0.069092 -0.659790 -0.527370 0.134335 -1.282824
-0.233032 0.055786 -0.724243 -0.453083 0.108465 -1.408140
-0.191650 0.064819 -0.754150 -0.372624 0.126028 -1.466288
-0.150024 0.055664 -0.753418 -0.291691 0.108227 -1.464864
-0.124390 0.062744 -0.743164 -0.241850 0.121993 -1.444928
-0.106934 0.080322 -0.720337 -0.207910 0.156170 -1.400545
-0.090698 0.088379 -0.688965 -0.176344 0.171834 -1.339549
-0.070679 0.091919 -0.673218 -0.137420 0.178717 -1.308932
-0.041382 0.079346 -0.671875 -0.080458 0.154271 -1.306321
-0.008301 0.077393 -0.662964 -0.016139 0.150474 -1.288995
0.025024 0.045166 -0.638550 0.048655 0.087816 -1.241527
0.050293 0.041016 -0.605347 0.097784 0.079746 -1.176970
0.067871 0.039551 -0.550659 0.131961 0.076898 -1.070642
0.075806 0.035156 -0.492432 0.147388 0.068354 -0.957431
0.089722 0.016724 -0.426880 0.174445 0.032516 -0.829979
0.113892 0.006836 -0.353516 0.221438 0.013291 -0.687337
0.125366 0.009277 -0.291138 0.243748 0.018038 -0.566057
0.127563 0.030518 -0.245117 0.248021 0.059335 -0.476579
0.135132 0.056641 -0.212280 0.262736 0.110126 -0.412735
0.146362 0.077148 -0.183594 0.284571 0.149999 -0.356960
0.157227 0.090942 -0.156616 0.305694 0.176819 -0.304508
0.159058 0.090576 -0.126343 0.309254 0.176106 -0.245647
0.158813 0.067749 -0.098145 0.308780 0.131724 -0.190822
0.148804 0.064087 -0.076294 0.289318 0.124604 -0.148338
0.133789 0.051514 -0.051147 0.260125 0.100158 -0.099446
0.118896 0.040039 -0.025146 0.231169 0.077848 -0.048892
0.102417 0.037842 -0.004395 0.199128 0.073575 -0.008544
0.087769 0.030762 0.010376 0.170648 0.059810 0.020174
0.074951 0.020508 0.016113 0.145727 0.039873 0.031329
0.063477 0.000488 0.017090 0.123417 0.000949 0.033228
0.057739 -0.020142 0.018433 0.112262 -0.039161 0.035838
0.055908 -0.037598 0.017944 0.108702 -0.073101 0.034889
0.055420 -0.036743 0.018677 0.107752 -0.071439 0.036313
0.060547 -0.035156 0.025513 0.117721 -0.068354 0.049604
0.064087 -0.041382 0.031982 0.124604 -0.080458 0.062183
0.063110 -0.049438 0.036987 0.122705 -0.096123 0.071914
0.059570 -0.064331 0.042725 0.115822 -0.125078 0.083069
0.051147 -0.077515 0.044800 0.099446 -0.150711 0.087104
0.044067 -0.093018 0.045654 0.085680 -0.180853 0.088765
0.038452 -0.102051 0.046631 0.074762 -0.198416 0.090664
0.033936 -0.110352 0.046021 0.065981 -0.214556 0.089477
0.029541 -0.120728 0.045776 0.057436 -0.234730 0.089003
0.008301 -0.145874 0.032959 0.016139 -0.283622 0.064082
0.012451 -0.145752 0.026978 0.024209 -0.283384 0.052452
0.008545 -0.156616 0.034668 0.016614 -0.304508 0.067405
0.008789 -0.176392 0.034546 0.017089 -0.342957 0.067167
0.007446 -0.183105 0.031982 0.014478 -0.356010 0.062183
0.008301 -0.180664 0.026001 0.016139 -0.351264 0.050553
