0.063965 0.033203 0.169067 0.124366 0.064557 0.328716
0.016846 0.078979 0.170410 0.032753 0.153559 0.331327
-0.009644 -0.061157 0.146973 -0.018750 -0.118907 0.285758
-0.070068 -0.076294 0.115356 -0.136233 -0.148338 0.224287
-0.093140 -0.089478 -0.013062 -0.181091 -0.173970 -0.025395
-0.098022 -0.114868 -0.087524 -0.190584 -0.223337 -0.170173
-0.108521 -0.072510 0.018188 -0.210996 -0.140980 0.035364
-0.067139 -0.016724 0.098755 -0.130537 -0.032516 0.192008
-0.040039 0.027222 0.106567 -0.077848 0.052927 0.207198
-0.036743 0.095459 0.072144 -0.071439 0.185600 0.140268
-0.057129 0.130371 0.044922 -0.111075 0.253479 0.087341
-0.106323 0.158936 0.032715 -0.206723 0.309017 0.063607
-0.207031 0.225586 0.021973 -0.402529 0.438605 0.042721
-0.333740 0.324463 -0.010498 -0.648888 0.630850 -0.020411
-0.453735 0.400757 -0.032471 -0.882194 0.779188 -0.063133
-0.491699 0.444458 -0.031128 -0.956007 0.864156 -0.060522
-0.472290 0.456299 -0.027954 -0.918270 0.887178 -0.054351
-0.417603 0.497070 -0.028076 -0.811941 0.966450 -0.054588
-0.381348 0.568115 -0.031006 -0.741451 1.104582 -0.060284
-0.419434 0.665771 -0.007813 -0.815501 1.294454 -0.015190
-0.555298 0.699341 0.017578 -1.079661 1.359722 0.034177
-0.731812 0.696289 0.018311 -1.422855 1.353789 0.035601
-0.871826 0.656372 0.014282 -1.695084 1.276179 0.027769
-0.979126 0.577271 0.027100 -1.903706 1.122382 0.052690
-1.040649 0.560669 0.036621 -2.023326 1.090104 0.071202
-1.002930 0.610718 0.031982 -1.949988 1.187413 0.062183
-0.872803 0.680664 0.033325 -1.696983 1.323409 0.064794
-0.713135 0.686768 0.031860 -1.386542 1.335276 0.061946
-0.603027 0.763184 0.036255 -1.172461 1.483851 0.070490
-0.586182 0.847046 0.048218 -1.139708 1.646904 0.093749
-0.676758 0.813110 0.055664 -1.315814 1.580924 0.108227
-0.790894 0.765503 0.034790 -1.537728 1.488361 0.067642
-0.884399 0.673218 -0.008667 -1.719530 1.308932 -0.016851
-0.954956 0.594238 -0.046509 -1.856713 1.155373 -0.090427
-0.972412 0.579102 -0.072144 -1.890653 1.125942 -0.140268
-0.928711 0.574097 -0.109619 -1.805685 1.116211 -0.213132
-0.861450 0.574097 -0.165161 -1.674910 1.116211 -0.321121
-0.780151 0.572266 -0.173950 -1.516842 1.112651 -0.338210
-0.732422 0.501099 -0.136475 -1.424042 0.974282 -0.265346
-0.739380 0.458252 -0.150513 -1.437570 0.890975 -0.292641
-0.741211 0.463379 -0.159302 -1.441130 0.900944 -0.309729
-0.693604 0.367798 -0.166260 -1.348567 0.715106 -0.323257
-0.611450 0.293091 -0.190552 -1.188838 0.569854 -0.370488
-0.558960 0.309814 -0.217896 -1.086781 0.602370 -0.423652
-0.444946 0.313232 -0.200684 -0.865105 0.609015 -0.390187
-0.302490 0.266479 -0.139282 -0.588129 0.518114 -0.270805
-0.183350 0.224976 -0.115967 -0.356485 0.437418 -0.225473
-0.103516 0.179443 -0.122925 -0.201265 0.348890 -0.239002
-0.048584 0.126953 -0.131348 -0.094461 0.246834 -0.255378
-0.022461 0.082275 -0.153687 -0.043671 0.159967 -0.298811
0.005005 0.034180 -0.177490 0.009731 0.066455 -0.345093
0.055542 -0.012695 -0.168091 0.107990 -0.024683 -0.326818
0.132935 -0.046509 -0.140747 0.258464 -0.090427 -0.273653
0.240356 -0.068359 -0.115967 0.467323 -0.132911 -0.225473
0.342285 -0.075073 -0.099487 0.665502 -0.145964 -0.193432
0.420532 -0.085449 -0.081421 0.817637 -0.166138 -0.158306
0.490967 -0.099854 -0.041992 0.954583 -0.194144 -0.081645
0.566772 -0.109741 0.006714 1.101971 -0.213369 0.013054
0.624023 -0.138794 0.032593 1.213284 -0.269856 0.063370
0.643188 -0.189087 0.035889 1.250546 -0.367640 0.069778
0.644653 -0.236572 0.038086 1.253394 -0.459965 0.074050
0.646851 -0.262451 0.042358 1.257666 -0.510282 0.082357
0.654541 -0.292725 0.047241 1.272619 -0.569142 0.091851
0.670166 -0.325928 0.053101 1.302998 -0.633699 0.103243
0.674805 -0.356323 0.054077 1.312017 -0.692796 0.105142
0.688232 -0.372925 0.059204 1.338125 -0.725075 0.115110
0.710205 -0.360474 0.063110 1.380846 -0.700866 0.122705
0.735840 -0.355591 0.089966 1.430687 -0.691372 0.174920
0.767578 -0.395630 0.105957 1.492396 -0.769220 0.206011
0.797974 -0.333008 0.126343 1.551493 -0.647464 0.245647
0.796509 -0.363892 0.144653 1.548645 -0.707511 0.281248
0.763794 -0.460083 0.127930 1.485038 -0.894536 0.248733
0.738647 -0.411987 0.132446 1.436146 -0.801023 0.257514
0.729004 -0.404419 0.145264 1.417396 -0.786308 0.282435
0.721313 -0.405029 0.155273 1.402444 -0.787495 0.301897
0.695679 -0.363647 0.151978 1.352602 -0.707037 0.295489
0.680054 -0.331055 0.174927 1.322223 -0.643667 0.340109
0.659668 -0.308716 0.214600 1.282587 -0.600234 0.417244
0.642456 -0.300415 0.254883 1.249122 -0.584094 0.495567
0.625732 -0.259521 0.279907 1.216606 -0.504585 0.544221
0.591675 -0.243408 0.278320 1.150388 -0.473257 0.541136
0.546631 -0.241089 0.269287 1.062810 -0.468747 0.523573
0.492920 -0.211426 0.272461 0.958380 -0.411073 0.529743
0.430786 -0.191650 0.290283 0.837574 -0.372624 0.564395
0.364380 -0.154053 0.313721 0.708461 -0.299523 0.609965
0.303223 -0.111816 0.327148 0.589553 -0.217404 0.636072
0.255005 -0.073730 0.341553 0.495804 -0.143354 0.664078
0.193726 -0.050781 0.359375 0.376659 -0.098734 0.698730
0.124390 -0.018921 0.376587 0.241850 -0.036788 0.732195
0.053955 0.011230 0.390137 0.104904 0.021835 0.758540
-0.012695 0.017212 0.413452 -0.024683 0.033465 0.803872
-0.067993 0.026855 0.444336 -0.132199 0.052215 0.863919
-0.126831 0.059692 0.469116 -0.246597 0.116059 0.912099
-0.169678 0.082520 0.485352 -0.329903 0.160442 0.943665
-0.191040 0.096924 0.491089 -0.371438 0.188448 0.954820
-0.210938 0.118408 0.502319 -0.410124 0.230220 0.976655
-0.232910 0.175171 0.518677 -0.452845 0.340583 1.008459
-0.246582 0.232178 0.535889 -0.479427 0.451421 1.041924
-0.247192 0.286255 0.551147 -0.480614 0.556563 1.071591
-0.261108 0.335205 0.556885 -0.507671 0.651736 1.082746
-0.296143 0.370239 0.547119 -0.575788 0.719853 1.063759
-0.348511 0.412964 0.515503 -0.677607 0.802922 1.002288
-0.414673 0.365845 0.464844 -0.806245 0.711309 0.903792
-0.494141 0.336914 0.395142 -0.960754 0.655059 0.768270
-0.579346 0.373901 0.321045 -1.126417 0.726973 0.624205
-0.616699 0.380127 0.260986 -1.199043 0.739078 0.507434
-0.607666 0.410400 0.227539 -1.181480 0.797938 0.442402
-0.603882 0.471313 0.208862 -1.174122 0.916371 0.406089
-0.613281 0.511475 0.174927 -1.192398 0.994456 0.340109
-0.617920 0.513550 0.121216 -1.201416 0.998491 0.235679
-0.634399 0.487793 0.072754 -1.233457 0.948412 0.141455
-0.663452 0.479614 0.026367 -1.289944 0.932510 0.051266
-0.682373 0.468628 -0.035645 -1.326732 0.911149 -0.069303
-0.682739 0.471436 -0.099365 -1.327444 0.916608 -0.193195
-0.653320 0.503418 -0.150391 -1.270245 0.978791 -0.292403
-0.621704 0.519287 -0.195801 -1.208774 1.009646 -0.380694
-0.627930 0.511475 -0.245239 -1.220878 0.994456 -0.476817
-0.691040 0.421753 -0.283936 -1.343583 0.820011 -0.552054
-0.741821 0.407349 -0.361206 -1.442317 0.792005 -0.702290
-0.773560 0.403320 -0.457031 -1.504025 0.784172 -0.888602
-0.751953 0.382446 -0.529053 -1.462016 0.743587 -1.028633
-0.672607 0.386963 -0.546753 -1.307745 0.752369 -1.063047
-0.610229 0.415405 -0.574341 -1.186464 0.807669 -1.116686
-0.551514 0.395264 -0.618164 -1.072303 0.768508 -1.201891
-0.517212 0.369019 -0.672974 -1.005611 0.717480 -1.308457
-0.464233 0.350464 -0.699951 -0.902605 0.681404 -1.360909
-0.354126 0.338379 -0.673340 -0.688524 0.657907 -1.309169
-0.208984 0.332886 -0.619751 -0.406327 0.647227 -1.204977
-0.082886 0.317383 -0.569702 -0.161154 0.617085 -1.107667
0.011475 0.298218 -0.534546 0.022310 0.579822 -1.039313
0.081787 0.309814 -0.519409 0.159018 0.602370 -1.009883
0.105225 0.275635 -0.525024 0.204587 0.535914 -1.020801
0.088989 0.223389 -0.516968 0.173021 0.434333 -1.005136
0.055542 0.184570 -0.487183 0.107990 0.358858 -0.947225
0.008911 0.142090 -0.456543 0.017326 0.276264 -0.887653
-0.043335 0.116089 -0.443237 -0.084256 0.225711 -0.861783
-0.078735 0.118408 -0.431274 -0.153084 0.230220 -0.838523
-0.084717 0.114868 -0.419434 -0.164714 0.223337 -0.815501
-0.077637 0.095337 -0.412354 -0.150948 0.185363 -0.801735
-0.062988 0.091919 -0.389404 -0.122468 0.178717 -0.757115
-0.044556 0.058716 -0.349121 -0.086629 0.114161 -0.678793
-0.028687 0.031860 -0.295410 -0.055775 0.061946 -0.574363
-0.004395 0.041504 -0.231323 -0.008544 0.080696 -0.449760
0.033813 0.022949 -0.160522 0.065743 0.044620 -0.312102
0.067139 0.017212 -0.096680 0.130537 0.033465 -0.187973
0.087646 0.033325 -0.058838 0.170410 0.064794 -0.114398
0.089844 0.027222 -0.046997 0.174682 0.052927 -0.091376
0.074951 0.002197 -0.046753 0.145727 0.004272 -0.090901
0.046387 -0.008667 -0.053833 0.090189 -0.016851 -0.104667
0.023926 -0.023682 -0.051880 0.046519 -0.046044 -0.100870
