-0.050293 0.041260 0.139038 -0.097784 0.080221 0.270331
0.000977 -0.023071 0.026001 0.001899 -0.044857 0.050553
0.048950 -0.113037 -0.060791 0.095173 -0.219777 -0.118195
0.059570 -0.064819 -0.081909 0.115822 -0.126028 -0.159255
0.030396 -0.006836 -0.091553 0.059098 -0.013291 -0.178005
-0.028931 0.026733 -0.109985 -0.056250 0.051978 -0.213844
-0.071533 0.007690 -0.135498 -0.139081 0.014952 -0.263448
-0.095215 0.027100 -0.106323 -0.185125 0.052690 -0.206723
-0.118896 0.072754 -0.063599 -0.231169 0.141455 -0.123654
-0.133789 0.108765 -0.047363 -0.260125 0.211470 -0.092088
-0.144775 0.156982 -0.042847 -0.281486 0.305220 -0.083306
-0.160767 0.173462 -0.051514 -0.312577 0.337261 -0.100158
-0.170288 0.138794 -0.058105 -0.331090 0.269856 -0.112974
-0.192871 0.127075 -0.064331 -0.374998 0.247071 -0.125078
-0.229004 0.119263 -0.074585 -0.445250 0.231881 -0.145015
-0.279419 0.098511 -0.098877 -0.543272 0.191534 -0.192246
-0.326782 0.067627 -0.135742 -0.635360 0.131487 -0.263922
-0.359375 0.071167 -0.172607 -0.698730 0.138369 -0.335599
-0.392334 0.065918 -0.185059 -0.762812 0.128164 -0.359808
-0.417969 0.051758 -0.176758 -0.812653 0.100632 -0.343669
-0.432373 0.089111 -0.147339 -0.840659 0.173258 -0.286470
-0.431030 0.132690 -0.120850 -0.838049 0.257989 -0.234967
-0.437866 0.152100 -0.104736 -0.851340 0.295726 -0.203638
-0.451294 0.188843 -0.093262 -0.877447 0.367165 -0.181328
-0.483398 0.229492 -0.096680 -0.939868 0.446200 -0.187973
-0.543091 0.244385 -0.115479 -1.055927 0.475155 -0.224524
-0.611328 0.245117 -0.141846 -1.188600 0.476579 -0.275789
-0.666626 0.219849 -0.171875 -1.296115 0.427450 -0.334175
-0.711792 0.199585 -0.207397 -1.383931 0.388051 -0.403241
-0.751587 0.206299 -0.248901 -1.461304 0.401105 -0.483937
-0.779663 0.239624 -0.299438 -1.515892 0.465899 -0.582196
-0.814453 0.242554 -0.345337 -1.583534 0.471595 -0.671436
-0.869263 0.204590 -0.369019 -1.690100 0.397782 -0.717480
-0.920288 0.175415 -0.355469 -1.789308 0.341058 -0.691135
-0.928955 0.178345 -0.302734 -1.806160 0.346754 -0.588604
-0.907593 0.225586 -0.232300 -1.764625 0.438605 -0.451659
-0.874023 0.261475 -0.163696 -1.699356 0.508383 -0.318273
-0.848999 0.335083 -0.129639 -1.650702 0.651499 -0.252055
-0.857178 0.384399 -0.147583 -1.666603 0.747385 -0.286944
-0.900146 0.379028 -0.229248 -1.750147 0.736942 -0.445725
-0.952881 0.315918 -0.330200 -1.852678 0.614237 -0.642005
-1.012451 0.231689 -0.423340 -1.968500 0.450472 -0.823096
-1.058350 0.172607 -0.495605 -2.057740 0.335599 -0.963602
-1.075439 0.136597 -0.515259 -2.090968 0.265584 -1.001813
-1.058228 0.121582 -0.471558 -2.057503 0.236391 -0.916846
-1.030884 0.150879 -0.409302 -2.004339 0.293353 -0.795802
-1.009766 0.173096 -0.358887 -1.963279 0.336549 -0.697780
-1.028198 0.078003 -0.348511 -1.999117 0.151660 -0.677607
-1.054443 0.029541 -0.364014 -2.050145 0.057436 -0.707749
-1.042603 -0.006226 -0.420654 -2.027123 -0.012104 -0.817875
-0.986084 -0.020996 -0.458984 -1.917235 -0.040823 -0.892399
-0.873535 -0.008545 -0.456055 -1.698407 -0.016614 -0.886703
-0.745972 0.069214 -0.422363 -1.450387 0.134572 -0.821197
-0.619019 0.093994 -0.312378 -1.203553 0.182752 -0.607354
-0.541016 0.041382 -0.198730 -1.051892 0.080458 -0.386390
-0.492554 0.021484 -0.148193 -0.957668 0.041772 -0.288131
-0.431152 -0.002319 -0.131226 -0.838286 -0.004509 -0.255141
-0.342041 -0.040649 -0.138428 -0.665027 -0.079034 -0.269144
-0.268921 -0.075562 -0.134888 -0.522861 -0.146914 -0.262261
-0.206665 -0.073486 -0.142334 -0.401817 -0.142879 -0.276739
-0.146118 -0.067017 -0.132446 -0.284096 -0.130300 -0.257514
-0.078003 -0.073975 -0.116089 -0.151660 -0.143828 -0.225711
-0.010742 -0.075317 -0.107788 -0.020886 -0.146439 -0.209571
0.066406 -0.078613 -0.092651 0.129113 -0.152847 -0.180141
0.137817 -0.079834 -0.082642 0.267957 -0.155221 -0.160679
0.200806 -0.069092 -0.069214 0.390425 -0.134335 -0.134572
0.259766 -0.054321 -0.040527 0.505060 -0.105616 -0.078797
0.318970 -0.045410 -0.003662 0.620170 -0.088291 -0.007120
0.371826 -0.040894 0.024658 0.722938 -0.079509 0.047943
0.412354 -0.026978 0.040527 0.801735 -0.052452 0.078797
0.451172 -0.013062 0.046143 0.877210 -0.025395 0.089715
0.482056 -0.008423 0.046875 0.937257 -0.016376 0.091139
0.502808 -0.008789 0.046021 0.977605 -0.017089 0.089477
0.513550 -0.018188 0.039673 0.998491 -0.035364 0.077136
0.517700 -0.028442 0.028564 1.006560 -0.055300 0.055538
0.516235 -0.048462 0.016235 1.003712 -0.094224 0.031566
0.517700 -0.080200 0.009888 1.006560 -0.155933 0.019225
0.522095 -0.111450 0.021729 1.015104 -0.216692 0.042247
0.526733 -0.122070 0.045898 1.024123 -0.237340 0.089240
0.538818 -0.105103 0.072144 1.047620 -0.204350 0.140268
0.559204 -0.088623 0.099121 1.087256 -0.172309 0.192720
0.574341 -0.086914 0.119629 1.116686 -0.168986 0.232593
0.583374 -0.088989 0.136230 1.134249 -0.173021 0.264872
0.585815 -0.080322 0.146973 1.138996 -0.156170 0.285758
0.578369 -0.082153 0.156494 1.124518 -0.159730 0.304270
0.566040 -0.102661 0.167969 1.100547 -0.199603 0.326580
0.551514 -0.125244 0.178833 1.072303 -0.243511 0.347704
0.536865 -0.139038 0.188965 1.043823 -0.270331 0.367403
0.525757 -0.143555 0.198730 1.022225 -0.279112 0.386390
0.510132 -0.142212 0.205078 0.991845 -0.276501 0.398732
0.494385 -0.141968 0.210205 0.961228 -0.276027 0.408700
0.479126 -0.140137 0.215698 0.931561 -0.272467 0.419380
0.465454 -0.140137 0.227661 0.904979 -0.272467 0.442640
0.455322 -0.132202 0.247803 0.885279 -0.257040 0.481801
0.443726 -0.119141 0.268555 0.862732 -0.231644 0.522149
0.416260 -0.115479 0.288208 0.809330 -0.224524 0.560360
0.382202 -0.124390 0.303589 0.743112 -0.241850 0.590265
0.355347 -0.132568 0.313110 0.690898 -0.257752 0.608778
0.335327 -0.133179 0.323975 0.651974 -0.258938 0.629901
0.321045 -0.119751 0.341187 0.624205 -0.232831 0.663366
0.302002 -0.093994 0.359253 0.587180 -0.182752 0.698492
0.283203 -0.070313 0.365967 0.550629 -0.136708 0.711546
0.267090 -0.050415 0.362427 0.519301 -0.098022 0.704663
0.240967 -0.042114 0.351685 0.468510 -0.081882 0.683777
0.217285 -0.040771 0.341797 0.422466 -0.079272 0.664553
0.183350 -0.049561 0.346069 0.356485 -0.096360 0.672860
0.142822 -0.063843 0.370972 0.277688 -0.124129 0.721277
0.110962 -0.045044 0.411377 0.215742 -0.087579 0.799837
0.085083 -0.018799 0.447998 0.165426 -0.036550 0.871039
0.068848 0.007568 0.479370 0.133860 0.014715 0.932035
0.053833 0.042358 0.502441 0.104667 0.082357 0.976893
0.022705 0.066406 0.510742 0.044145 0.129113 0.993032
-0.013306 0.093140 0.505981 -0.025870 0.181091 0.983775
-0.049438 0.119263 0.496460 -0.096123 0.231881 0.965263
-0.081909 0.135254 0.492310 -0.159255 0.262973 0.957193
-0.114502 0.158325 0.492554 -0.222625 0.307830 0.957668
-0.138550 0.210815 0.494263 -0.269381 0.409887 0.960991
-0.167969 0.290649 0.484619 -0.326580 0.565107 0.942241
-0.211914 0.320190 0.458374 -0.412023 0.622544 0.891213
-0.240234 0.350952 0.427246 -0.467086 0.682353 0.830691
-0.268066 0.400879 0.397949 -0.521199 0.779426 0.773729
-0.320801 0.451050 0.359009 -0.623730 0.876972 0.698018
-0.400757 0.447998 0.308350 -0.779188 0.871039 0.599522
-0.497803 0.400879 0.250977 -0.967874 0.779426 0.487972
-0.585083 0.369263 0.180664 -1.137572 0.717954 0.351264
-0.683350 0.363892 0.082520 -1.328631 0.707511 0.160442
-0.767944 0.352661 -0.011719 -1.493108 0.685676 -0.022785
-0.798218 0.335205 -0.078613 -1.551968 0.651736 -0.152847
-0.817993 0.333130 -0.126099 -1.590417 0.647702 -0.245173
-0.845581 0.321655 -0.169312 -1.644056 0.625392 -0.329191
-0.861328 0.304443 -0.203613 -1.674673 0.591927 -0.395884
-0.884888 0.299927 -0.243042 -1.720480 0.583145 -0.472545
-0.911133 0.282104 -0.266968 -1.771508 0.548493 -0.519063
-0.900879 0.237915 -0.277222 -1.751571 0.462576 -0.539000
-0.892822 0.174683 -0.292969 -1.735907 0.339634 -0.569617
-0.923828 0.045654 -0.298706 -1.796191 0.088765 -0.580772
-0.945313 -0.019165 -0.348999 -1.837963 -0.037262 -0.678556
-0.917725 0.048462 -0.498901 -1.784324 0.094224 -0.970010
-0.856201 0.045410 -0.611450 -1.664705 0.088291 -1.188838
-0.741821 -0.011108 -0.633423 -1.442317 -0.021598 -1.231559
-0.647705 0.019043 -0.628418 -1.259328 0.037025 -1.221828
-0.608032 0.010376 -0.568115 -1.182192 0.020174 -1.104582
-0.553711 -0.051636 -0.491211 -1.076576 -0.100395 -0.955057
-0.494995 -0.015259 -0.482056 -0.962415 -0.029668 -0.937257
-0.403564 0.092163 -0.481445 -0.784647 0.179192 -0.936070
-0.273560 0.091919 -0.476196 -0.531880 0.178717 -0.925864
-0.214355 0.081543 -0.479736 -0.416770 0.158543 -0.932747
-0.197266 0.123413 -0.508301 -0.383542 0.239951 -0.988285
-0.182007 0.115601 -0.541870 -0.353874 0.224761 -1.053554
-0.163452 0.053955 -0.580322 -0.317799 0.104904 -1.128316
