-0.105591 -0.174561 0.006226 -0.205299 -0.339397 0.012104
-0.120972 -0.221680 -0.000854 -0.235204 -0.431010 -0.001661
-0.186523 -0.282715 -0.031006 -0.362656 -0.549680 -0.060284
-0.183228 -0.253052 -0.068848 -0.356248 -0.492006 -0.133860
-0.198120 -0.197998 -0.054810 -0.385203 -0.384966 -0.106566
-0.197754 -0.171631 -0.029419 -0.384491 -0.333700 -0.057199
-0.174805 -0.121826 -0.013062 -0.339871 -0.236866 -0.025395
-0.164551 -0.055176 -0.000732 -0.319935 -0.107278 -0.001424
-0.153442 -0.001221 0.006592 -0.298337 -0.002373 0.012816
-0.152832 0.029541 0.008789 -0.297150 0.057436 0.017089
-0.159180 0.067017 0.005371 -0.309492 0.130300 0.010443
-0.186279 0.041504 0.003296 -0.362181 0.080696 0.006408
-0.234863 0.030762 -0.004150 -0.456643 0.059810 -0.008070
-0.274292 0.058594 -0.026367 -0.533304 0.113923 -0.051266
-0.309204 0.084473 -0.060425 -0.601183 0.164239 -0.117483
-0.366089 0.104004 -0.089478 -0.711784 0.202214 -0.173970
-0.434570 0.108521 -0.121582 -0.844931 0.210996 -0.236391
-0.516724 0.089966 -0.158813 -1.004661 0.174920 -0.308780
-0.614014 0.055664 -0.203735 -1.193822 0.108227 -0.396121
-0.702637 0.046631 -0.259766 -1.366131 0.090664 -0.505060
-0.784546 0.048706 -0.318359 -1.525386 0.094699 -0.618983
-0.829956 0.102051 -0.367554 -1.613677 0.198416 -0.714632
-0.849976 0.155151 -0.381958 -1.652600 0.301659 -0.742638
-0.867432 0.203003 -0.373047 -1.686540 0.394697 -0.725312
-0.906616 0.233276 -0.365967 -1.762726 0.453557 -0.711546
-0.973022 0.224976 -0.360352 -1.891839 0.437418 -0.700629
-1.038452 0.224243 -0.362305 -2.019054 0.435994 -0.704426
-1.081909 0.223755 -0.382690 -2.103547 0.435045 -0.744062
-1.097656 0.224243 -0.419189 -2.134164 0.435994 -0.815027
-1.092407 0.262451 -0.460449 -2.123958 0.510282 -0.895248
-1.099731 0.254395 -0.515869 -2.138199 0.494617 -1.003000
-1.136841 0.281128 -0.566284 -2.210350 0.546595 -1.101022
-1.198608 0.248047 -0.591919 -2.330444 0.482275 -1.150863
-1.285278 0.207764 -0.623779 -2.498956 0.403953 -1.212809
-1.340210 0.161377 -0.625732 -2.605759 0.313764 -1.216606
-1.352661 0.110962 -0.610107 -2.629968 0.215742 -1.186227
-1.312500 0.082031 -0.582153 -2.551883 0.159493 -1.131876
-1.255615 0.080444 -0.526001 -2.441282 0.156407 -1.022699
-1.209473 0.021118 -0.467896 -2.351568 0.041060 -0.909725
-1.144165 0.074585 -0.454102 -2.224591 0.145015 -0.882906
-1.034546 0.223511 -0.484009 -2.011459 0.434570 -0.941054
-0.947754 0.272217 -0.510254 -1.842710 0.529269 -0.992082
-0.898438 0.188110 -0.512939 -1.746825 0.365741 -0.997304
-0.912842 0.106934 -0.539307 -1.774831 0.207910 -1.048569
-0.889648 0.016602 -0.524170 -1.729736 0.032278 -1.019139
-0.803833 -0.057495 -0.463501 -1.562886 -0.111787 -0.901181
-0.682373 -0.086060 -0.388062 -1.326732 -0.167325 -0.754505
-0.556152 -0.054443 -0.351196 -1.081322 -0.105854 -0.682828
-0.438232 -0.055054 -0.335449 -0.852052 -0.107040 -0.652211
-0.287842 -0.096680 -0.291260 -0.559648 -0.187973 -0.566294
-0.126221 -0.121094 -0.231323 -0.245410 -0.235442 -0.449760
0.037842 -0.091064 -0.151367 0.073575 -0.177056 -0.294302
0.232056 -0.047363 -0.031250 0.451184 -0.092088 -0.060759
0.438110 -0.006592 0.115845 0.851814 -0.012816 0.225236
0.606812 0.030640 0.252686 1.179819 0.059572 0.491294
0.731812 0.074341 0.349243 1.422855 0.144540 0.679031
0.832520 0.084961 0.416260 1.618661 0.165189 0.809330
0.909180 0.067505 0.436035 1.767710 0.131249 0.847780
0.929565 0.025879 0.410522 1.807346 0.050316 0.798175
0.919922 -0.037598 0.355225 1.788596 -0.073101 0.690660
0.924072 -0.065186 0.324219 1.796666 -0.126740 0.630376
0.938232 -0.091431 0.325073 1.824197 -0.177768 0.632037
0.962036 -0.103516 0.342529 1.870479 -0.201265 0.665977
0.981201 -0.111084 0.371582 1.907741 -0.215980 0.722464
0.989014 -0.115356 0.400879 1.922931 -0.224287 0.779426
0.986572 -0.097290 0.428101 1.918184 -0.189160 0.832352
0.984131 -0.066895 0.454834 1.913437 -0.130062 0.884330
0.983521 -0.054077 0.481567 1.912251 -0.105142 0.936307
0.973389 -0.016968 0.506104 1.892551 -0.032990 0.984013
0.955322 0.019287 0.526855 1.857425 0.037500 1.024361
0.920776 0.039185 0.537842 1.790258 0.076186 1.045721
0.866455 0.049438 0.528076 1.684641 0.096123 1.026734
0.798584 0.043823 0.504395 1.552680 0.085205 0.980690
0.713135 0.028687 0.458618 1.386542 0.055775 0.891687
0.624512 -0.022217 0.406006 1.214233 -0.043196 0.789394
0.556885 -0.077393 0.381104 1.082746 -0.150474 0.740976
0.495239 -0.093384 0.372925 0.962890 -0.181565 0.725075
0.441162 -0.077026 0.371704 0.857748 -0.149762 0.722701
0.394165 -0.045288 0.372314 0.766372 -0.088053 0.723888
0.351563 -0.026001 0.364502 0.683540 -0.050553 0.708698
0.312134 -0.010986 0.352173 0.606879 -0.021361 0.684727
0.266968 0.001953 0.335327 0.519063 0.003797 0.651974
0.217773 0.004150 0.330933 0.423415 0.008070 0.643430
0.163574 -0.000610 0.331665 0.318036 -0.001187 0.644854
0.108765 -0.028320 0.344971 0.211470 -0.055063 0.670724
0.061646 -0.036011 0.370361 0.119857 -0.070015 0.720090
0.017090 -0.029297 0.390991 0.033228 -0.056962 0.760201
-0.029053 -0.049194 0.391479 -0.056487 -0.095648 0.761150
-0.069580 -0.065186 0.372803 -0.135284 -0.126740 0.724837
-0.098145 -0.067261 0.348267 -0.190822 -0.130774 0.677132
-0.112793 -0.063965 0.328613 -0.219302 -0.124366 0.638920
-0.130493 -0.065063 0.319580 -0.253717 -0.126502 0.621357
-0.146240 -0.059692 0.323730 -0.284334 -0.116059 0.629426
-0.154907 -0.028809 0.337280 -0.301185 -0.056012 0.655771
-0.162720 -0.000366 0.345459 -0.316375 -0.000712 0.671673
-0.168945 0.007568 0.342163 -0.328479 0.014715 0.665265
-0.184326 0.012573 0.327393 -0.358384 0.024446 0.636547
-0.213257 0.017456 0.294678 -0.414633 0.033940 0.572939
-0.235352 0.014160 0.261475 -0.457592 0.027531 0.508383
-0.245239 -0.003662 0.250000 -0.476817 -0.007120 0.486073
-0.255615 0.002930 0.248901 -0.496991 0.005696 0.483937
-0.271973 0.040405 0.244385 -0.528794 0.078560 0.475155
-0.280884 0.079956 0.239868 -0.546120 0.155458 0.466374
-0.283203 0.106689 0.224854 -0.550629 0.207435 0.437181
-0.302124 0.105591 0.188354 -0.587417 0.205299 0.366216
-0.334839 0.082886 0.138672 -0.651024 0.161154 0.269619
-0.373291 0.057495 0.088623 -0.725787 0.111787 0.172309
-0.397827 0.037231 0.054321 -0.773492 0.072389 0.105616
-0.405029 0.007935 0.038208 -0.787495 0.015427 0.074288
-0.411987 -0.011963 0.028076 -0.801023 -0.023259 0.054588
-0.413696 -0.007568 0.020874 -0.804346 -0.014715 0.040585
-0.417114 0.002075 0.014526 -0.810992 0.004035 0.028243
-0.443115 0.014526 -0.014282 -0.861545 0.028243 -0.027769
-0.408936 0.062988 -0.014282 -0.795090 0.122468 -0.027769
-0.388916 0.049561 0.008423 -0.756166 0.096360 0.016376
-0.382080 0.046509 -0.001709 -0.742875 0.090427 -0.003323
-0.398438 0.057007 -0.021484 -0.774679 0.110838 -0.041772
-0.408569 0.046021 -0.040039 -0.794378 0.089477 -0.077848
-0.428467 0.022949 -0.057129 -0.833064 0.044620 -0.111075
-0.451416 0.001465 -0.079468 -0.877684 0.002848 -0.154509
-0.458008 -0.026367 -0.101440 -0.890501 -0.051266 -0.197230
-0.459106 -0.052002 -0.118042 -0.892637 -0.101107 -0.229508
-0.448608 -0.056885 -0.132935 -0.872226 -0.110601 -0.258464
-0.429810 -0.045410 -0.141724 -0.835675 -0.088291 -0.275552
-0.398926 -0.036621 -0.133545 -0.775628 -0.071202 -0.259650
-0.364258 -0.015625 -0.119019 -0.708223 -0.030380 -0.231407
-0.348389 0.015625 -0.119263 -0.677369 0.030380 -0.231881
-0.342773 0.017944 -0.128052 -0.666452 0.034889 -0.248970
-0.357788 -0.051880 -0.134399 -0.695644 -0.100870 -0.261312
-0.361938 -0.057739 -0.165283 -0.703714 -0.112262 -0.321359
-0.347412 -0.037109 -0.199585 -0.675470 -0.072151 -0.388051
-0.318970 -0.053467 -0.206909 -0.620170 -0.103955 -0.402292
-0.297485 -0.078735 -0.210449 -0.578398 -0.153084 -0.409175
-0.316040 -0.094849 -0.216553 -0.614474 -0.184413 -0.421042
-0.322144 -0.125366 -0.223145 -0.626341 -0.243748 -0.433858
-0.307617 -0.141724 -0.237549 -0.598098 -0.275552 -0.461864
-0.314087 -0.144165 -0.267578 -0.610677 -0.280299 -0.520250
-0.267578 -0.100220 -0.284668 -0.520250 -0.194856 -0.553478
-0.230713 -0.111694 -0.242188 -0.448573 -0.217166 -0.470883
-0.191284 -0.108765 -0.216675 -0.371912 -0.211470 -0.421279
-0.186646 -0.099976 -0.212280 -0.362893 -0.194382 -0.412735
-0.184082 -0.084473 -0.211670 -0.357909 -0.164239 -0.411548
-0.179443 -0.084839 -0.223022 -0.348890 -0.164952 -0.433621
-0.182251 -0.070068 -0.249146 -0.354349 -0.136233 -0.484412
-0.177856 -0.050049 -0.282104 -0.345805 -0.097310 -0.548493
-0.166260 -0.024414 -0.319580 -0.323257 -0.047468 -0.621357
-0.157349 0.003540 -0.348267 -0.305932 0.006883 -0.677132
-0.158936 0.025635 -0.370972 -0.309017 0.049841 -0.721277
-0.171021 0.028687 -0.387085 -0.332514 0.055775 -0.752606
-0.187256 0.020874 -0.403076 -0.364080 0.040585 -0.783698
