-0.100342 -0.096924 -0.013550 -0.195094 -0.188448 -0.026345
-0.180786 -0.055054 0.020630 -0.351501 -0.107040 0.040111
-0.147339 -0.098145 0.039551 -0.286470 -0.190822 0.076898
-0.146729 -0.051514 0.067505 -0.285283 -0.100158 0.131249
-0.166260 -0.037476 0.062988 -0.323257 -0.072863 0.122468
-0.189575 -0.025146 0.026489 -0.368589 -0.048892 0.051503
-0.209473 -0.007568 -0.009277 -0.407276 -0.014715 -0.018038
-0.226196 0.004028 -0.037964 -0.439792 0.007832 -0.073813
-0.232178 0.000732 -0.057251 -0.451421 0.001424 -0.111313
-0.236328 0.008301 -0.071289 -0.459491 0.016139 -0.138607
-0.239258 0.015137 -0.085938 -0.465187 0.029430 -0.167088
-0.243042 0.034668 -0.100464 -0.472545 0.067405 -0.195331
-0.246582 0.051025 -0.104370 -0.479427 0.099208 -0.202926
-0.250244 0.060303 -0.105347 -0.486548 0.117246 -0.204825
-0.255371 0.056030 -0.106567 -0.496516 0.108939 -0.207198
-0.279419 0.036377 -0.107056 -0.543272 0.070727 -0.208147
-0.304565 0.026733 -0.107788 -0.592164 0.051978 -0.209571
-0.316528 0.018066 -0.107666 -0.615423 0.035126 -0.209334
-0.316528 0.014771 -0.100708 -0.615423 0.028718 -0.195806
-0.311157 0.006836 -0.085083 -0.604980 0.013291 -0.165426
-0.310425 -0.003418 -0.066406 -0.603556 -0.006646 -0.129113
-0.313843 0.006470 -0.058350 -0.610202 0.012579 -0.113449
-0.323486 0.015015 -0.064087 -0.628952 0.029193 -0.124604
-0.330200 0.019897 -0.079102 -0.642005 0.038686 -0.153797
-0.343750 0.014526 -0.100586 -0.668350 0.028243 -0.195568
-0.364380 0.003174 -0.128662 -0.708461 0.006171 -0.250157
-0.382813 -0.028320 -0.154907 -0.744299 -0.055063 -0.301185
-0.401611 -0.072266 -0.166138 -0.780850 -0.140505 -0.323020
-0.423584 -0.095337 -0.170044 -0.823571 -0.185363 -0.330615
-0.430176 -0.093628 -0.166626 -0.836387 -0.182040 -0.323969
-0.411133 -0.084717 -0.149170 -0.799362 -0.164714 -0.290030
-0.387085 -0.076660 -0.126709 -0.752606 -0.149050 -0.246359
-0.376709 -0.055176 -0.115112 -0.732432 -0.107278 -0.223812
-0.372925 -0.029785 -0.109619 -0.725075 -0.057911 -0.213132
-0.372070 -0.013306 -0.108398 -0.723413 -0.025870 -0.210758
-0.369385 -0.007324 -0.109253 -0.718192 -0.014240 -0.212420
-0.369629 -0.001343 -0.111572 -0.718666 -0.002611 -0.216929
-0.364136 0.004639 -0.115479 -0.707986 0.009019 -0.224524
-0.367188 -0.013184 -0.111938 -0.713920 -0.025633 -0.217641
-0.381470 -0.026733 -0.112793 -0.741688 -0.051978 -0.219302
-0.400391 -0.027466 -0.121216 -0.778476 -0.053402 -0.235679
-0.412354 -0.022705 -0.133057 -0.801735 -0.044145 -0.258701
-0.407959 -0.032227 -0.143799 -0.793191 -0.062658 -0.279587
-0.400635 -0.023193 -0.151001 -0.778951 -0.045095 -0.293590
-0.397827 -0.030762 -0.149170 -0.773492 -0.059810 -0.290030
-0.391235 -0.011353 -0.150269 -0.760676 -0.022073 -0.292166
-0.384033 -0.000977 -0.139526 -0.746673 -0.001899 -0.271280
-0.377075 0.012695 -0.128296 -0.733144 0.024683 -0.249445
-0.386353 0.030640 -0.116211 -0.751182 0.059572 -0.225948
-0.392700 0.042480 -0.107178 -0.763524 0.082594 -0.208385
-0.397461 0.049927 -0.107788 -0.772780 0.097072 -0.209571
-0.406250 0.065796 -0.112061 -0.789868 0.127926 -0.217878
-0.404297 0.073364 -0.118286 -0.786071 0.142642 -0.229983
-0.396851 0.069336 -0.125244 -0.771593 0.134809 -0.243511
-0.411621 0.055908 -0.154175 -0.800311 0.108702 -0.299761
-0.455566 0.024780 -0.203979 -0.885754 0.048180 -0.396596
-0.474976 -0.026001 -0.251953 -0.923491 -0.050553 -0.489870
-0.476563 -0.076416 -0.264648 -0.926576 -0.148575 -0.514554
-0.457031 -0.068237 -0.247070 -0.888602 -0.132673 -0.480377
-0.417480 -0.017944 -0.208618 -0.811704 -0.034889 -0.405615
-0.367676 0.028076 -0.156250 -0.714869 0.054588 -0.303796
-0.322632 0.064087 -0.104248 -0.627290 0.124604 -0.202689
-0.295410 0.084595 -0.070190 -0.574363 0.164477 -0.136471
-0.305176 0.079956 -0.069824 -0.593351 0.155458 -0.135759
-0.321045 0.064819 -0.089478 -0.624205 0.126028 -0.173970
-0.330933 0.043579 -0.118896 -0.643430 0.084730 -0.231169
-0.342896 0.019409 -0.155273 -0.666689 0.037737 -0.301897
-0.354980 -0.000244 -0.184937 -0.690186 -0.000475 -0.359571
-0.351196 -0.004272 -0.194946 -0.682828 -0.008307 -0.379032
-0.333008 -0.020020 -0.174805 -0.647464 -0.038924 -0.339871
-0.311157 -0.033691 -0.142822 -0.604980 -0.065506 -0.277688
-0.294678 -0.015991 -0.114014 -0.572939 -0.031092 -0.221676
-0.279907 -0.003662 -0.091187 -0.544221 -0.007120 -0.177293
-0.271606 -0.004272 -0.078735 -0.528082 -0.008307 -0.153084
-0.275879 -0.002197 -0.081665 -0.536389 -0.004272 -0.158781
-0.296509 -0.034180 -0.094238 -0.576500 -0.066455 -0.183227
-0.304810 -0.031372 -0.116577 -0.592639 -0.060996 -0.226660
-0.292725 -0.024536 -0.127930 -0.569142 -0.047705 -0.248733
-0.270874 -0.030762 -0.113281 -0.526658 -0.059810 -0.220252
-0.266602 -0.027832 -0.100342 -0.518351 -0.054114 -0.195094
-0.273560 -0.009277 -0.084106 -0.531880 -0.018038 -0.163527
-0.279053 -0.020386 -0.075195 -0.542560 -0.039636 -0.146202
-0.283813 -0.026611 -0.079712 -0.551816 -0.051740 -0.154983
-0.292358 -0.019653 -0.090820 -0.568430 -0.038212 -0.176581
-0.299194 -0.014282 -0.092529 -0.581721 -0.027769 -0.179904
-0.296143 -0.010376 -0.104126 -0.575788 -0.020174 -0.202451
-0.281738 -0.001587 -0.100464 -0.547781 -0.003085 -0.195331
-0.266846 0.011230 -0.087402 -0.518826 0.021835 -0.169936
-0.261230 0.020508 -0.085327 -0.507908 0.039873 -0.165901
-0.270142 0.027222 -0.102295 -0.525234 0.052927 -0.198891
-0.283691 0.018066 -0.119019 -0.551579 0.035126 -0.231407
-0.298584 0.000854 -0.131348 -0.580534 0.001661 -0.255378
-0.297974 -0.007813 -0.130371 -0.579348 -0.015190 -0.253479
-0.296631 -0.021851 -0.112671 -0.576737 -0.042484 -0.219065
-0.287354 -0.034790 -0.101685 -0.558699 -0.067642 -0.197704
-0.268921 -0.014893 -0.083496 -0.522861 -0.028956 -0.162341
-0.245483 0.012695 -0.072266 -0.477291 0.024683 -0.140505
-0.230469 0.014282 -0.090332 -0.448098 0.027769 -0.175632
-0.220459 0.012817 -0.103394 -0.428637 0.024921 -0.201027
-0.218262 0.010376 -0.127686 -0.424364 0.020174 -0.248258
-0.206421 -0.008545 -0.137817 -0.401342 -0.016614 -0.267957
-0.196777 -0.021729 -0.135132 -0.382593 -0.042247 -0.262736
-0.181274 -0.011230 -0.119507 -0.352450 -0.021835 -0.232356
-0.159058 -0.012817 -0.101440 -0.309254 -0.024921 -0.197230
-0.135986 -0.013428 -0.076050 -0.264397 -0.026107 -0.147863
-0.112549 -0.008667 -0.057495 -0.218828 -0.016851 -0.111787
-0.087769 -0.008911 -0.050903 -0.170648 -0.017326 -0.098971
-0.060547 0.001953 -0.043457 -0.117721 0.003797 -0.084493
-0.022705 0.023193 -0.031616 -0.044145 0.045095 -0.061471
0.023315 0.036133 -0.013916 0.045332 0.070253 -0.027057
0.067017 0.056885 0.001465 0.130300 0.110601 0.002848
0.102417 0.071899 0.012329 0.199128 0.139793 0.023971
0.141968 0.078857 0.017456 0.276027 0.153322 0.033940
0.181641 0.066895 0.010620 0.353162 0.130062 0.020649
0.228760 0.055054 0.003784 0.444776 0.107040 0.007358
0.276978 0.056152 0.001465 0.538525 0.109177 0.002848
0.329346 0.065186 0.008179 0.640344 0.126740 0.015902
0.389160 0.076294 0.025024 0.756641 0.148338 0.048655
0.444092 0.099121 0.052002 0.863444 0.192720 0.101107
0.493408 0.124878 0.074951 0.959329 0.242799 0.145727
0.546143 0.141846 0.087646 1.061860 0.275789 0.170410
0.602295 0.152100 0.098267 1.171037 0.295726 0.191059
0.653076 0.139771 0.095215 1.269771 0.271755 0.185125
0.692017 0.115356 0.095947 1.345482 0.224287 0.186549
0.723511 0.081909 0.122803 1.406716 0.159255 0.238764
0.752319 0.079102 0.162109 1.462728 0.153797 0.315188
0.780273 0.084229 0.201538 1.517079 0.163765 0.391849
0.796875 0.082642 0.229004 1.549357 0.160679 0.445250
0.797363 0.047607 0.230103 1.550307 0.092563 0.447386
0.799438 0.015991 0.234009 1.554342 0.031092 0.454981
0.802734 0.005127 0.254395 1.560750 0.009968 0.494617
0.794556 0.010620 0.305786 1.544848 0.020649 0.594537
0.781250 0.032593 0.353760 1.518978 0.063370 0.687812
0.752808 0.051880 0.412354 1.463678 0.100870 0.801735
0.720337 0.051636 0.458496 1.400545 0.100395 0.891450
0.689209 0.028687 0.470093 1.340023 0.055775 0.913997
0.652100 0.007935 0.471069 1.267872 0.015427 0.915896
0.610474 -0.012695 0.472900 1.186939 -0.024683 0.919456
0.558960 -0.052612 0.476685 1.086781 -0.102294 0.926814
0.514893 -0.075684 0.494751 1.001101 -0.147151 0.961940
0.474487 -0.054321 0.537964 0.922542 -0.105616 1.045959
0.432251 -0.012085 0.578003 0.840422 -0.023497 1.123806
0.383423 0.021240 0.602661 0.745486 0.041297 1.171749
0.332153 0.048096 0.608765 0.645803 0.093512 1.183616
0.276855 0.081299 0.597046 0.538288 0.158069 1.160831
0.218384 0.112427 0.587036 0.424602 0.218590 1.141369
0.151855 0.123535 0.582153 0.295251 0.240188 1.131876
0.075439 0.121704 0.575562 0.146676 0.236628 1.119059
-0.029053 0.113037 0.550537 -0.056487 0.219777 1.070405
-0.146484 0.088867 0.504150 -0.284808 0.172784 0.980215
