-0.097534 -0.100708 -0.019043 -0.189635 -0.195806 -0.037025
-0.183228 -0.068726 -0.048584 -0.356248 -0.133623 -0.094461
-0.232178 -0.018311 -0.088989 -0.451421 -0.035601 -0.173021
-0.231201 -0.084229 -0.131104 -0.449522 -0.163765 -0.254903
-0.234863 -0.095459 -0.177002 -0.456643 -0.185600 -0.344143
-0.262573 -0.103271 -0.216431 -0.510519 -0.200790 -0.420804
-0.287231 -0.066650 -0.225952 -0.558462 -0.129588 -0.439317
-0.319092 -0.031982 -0.205688 -0.620408 -0.062183 -0.399918
-0.355103 -0.016846 -0.180420 -0.690423 -0.032753 -0.350789
-0.376953 -0.000854 -0.161133 -0.732907 -0.001661 -0.313289
-0.390137 0.025146 -0.156860 -0.758540 0.048892 -0.304982
-0.407959 0.035889 -0.166016 -0.793191 0.069778 -0.322783
-0.427490 0.045654 -0.181152 -0.831166 0.088765 -0.352213
-0.453979 0.048096 -0.186157 -0.882668 0.093512 -0.361944
-0.496826 0.064087 -0.186523 -0.965975 0.124604 -0.362656
-0.540527 0.088989 -0.186646 -1.050943 0.173021 -0.362893
-0.582886 0.122070 -0.194824 -1.133300 0.237340 -0.378795
-0.614258 0.140381 -0.219604 -1.194296 0.272941 -0.426975
-0.646606 0.146484 -0.260986 -1.257192 0.284808 -0.507434
-0.701782 0.145508 -0.322876 -1.364469 0.282910 -0.627765
-0.756348 0.149414 -0.379761 -1.470560 0.290505 -0.738366
-0.798950 0.121826 -0.403687 -1.553392 0.236866 -0.784884
-0.830444 0.088623 -0.409302 -1.614626 0.172309 -0.795802
-0.859863 0.095581 -0.413818 -1.671825 0.185837 -0.804584
-0.887573 0.155640 -0.414917 -1.725701 0.302609 -0.806720
-0.913574 0.168823 -0.411499 -1.776255 0.328242 -0.800074
-0.939453 0.172974 -0.421387 -1.826571 0.336311 -0.819299
-0.993896 0.176147 -0.471436 -1.932425 0.342482 -0.916608
-1.050171 0.152100 -0.525391 -2.041838 0.295726 -1.021513
-1.092773 0.108521 -0.587524 -2.124670 0.210996 -1.142319
-1.106567 0.050293 -0.619751 -2.151490 0.097784 -1.204977
-1.111450 0.032715 -0.608521 -2.160983 0.063607 -1.183141
-1.131714 -0.046143 -0.577148 -2.200382 -0.089715 -1.122145
-1.131958 -0.018677 -0.552856 -2.200856 -0.036313 -1.074914
-1.078979 0.032227 -0.518066 -2.097851 0.062658 -1.007272
-1.023193 0.080444 -0.507446 -1.989386 0.156407 -0.986624
-0.970337 0.147827 -0.542847 -1.886618 0.287419 -1.055452
-0.926514 0.209229 -0.564697 -1.801413 0.406801 -1.097936
-0.882935 0.122437 -0.506104 -1.716682 0.238052 -0.984013
-0.839722 0.004517 -0.478027 -1.632664 0.008782 -0.929425
-0.798828 -0.035400 -0.442627 -1.553155 -0.068829 -0.860596
-0.726074 -0.045898 -0.385620 -1.411700 -0.089240 -0.749758
-0.623535 -0.041992 -0.335449 -1.212334 -0.081645 -0.652211
-0.530396 -0.061035 -0.254761 -1.031244 -0.118670 -0.495329
-0.425171 -0.036743 -0.214722 -0.826656 -0.071439 -0.417482
-0.310791 -0.017822 -0.198120 -0.604268 -0.034652 -0.385203
-0.205200 -0.057617 -0.194702 -0.398969 -0.112025 -0.378558
-0.097412 -0.064697 -0.173218 -0.189398 -0.125790 -0.336786
0.013916 -0.090088 -0.126465 0.027057 -0.175157 -0.245885
0.119385 -0.093262 -0.078979 0.232119 -0.181328 -0.153559
0.213135 -0.067627 -0.027344 0.414396 -0.131487 -0.053164
0.299805 -0.084595 0.026245 0.582908 -0.164477 0.051028
0.398804 -0.070801 0.088013 0.775391 -0.137657 0.171122
0.493774 -0.057739 0.164795 0.960041 -0.112262 0.320409
0.574585 -0.020996 0.236450 1.117161 -0.040823 0.459728
0.635986 0.003418 0.306885 1.236543 0.006646 0.596673
0.693115 0.023071 0.367188 1.347618 0.044857 0.713920
0.731934 0.027222 0.414063 1.423092 0.052927 0.805058
0.756226 0.003296 0.453369 1.470323 0.006408 0.881482
0.768677 -0.027588 0.479004 1.494532 -0.053639 0.931323
0.761475 -0.075562 0.469971 1.480529 -0.146914 0.913760
0.759399 -0.102539 0.463257 1.476494 -0.199366 0.900706
0.747314 -0.105713 0.473999 1.452997 -0.205537 0.921592
0.733276 -0.110474 0.491089 1.425703 -0.214793 0.954820
0.722412 -0.092896 0.510132 1.404580 -0.180616 0.991845
0.709229 -0.070679 0.517700 1.378947 -0.137420 1.006560
0.693604 -0.053223 0.518433 1.348567 -0.103480 1.007984
0.668213 -0.045288 0.513184 1.299201 -0.088053 0.997779
0.634155 -0.049316 0.499634 1.232983 -0.095885 0.971434
0.602783 -0.060303 0.488892 1.171986 -0.117246 0.950548
0.574951 -0.084595 0.490601 1.117873 -0.164477 0.953871
0.547241 -0.098389 0.514771 1.063997 -0.191296 1.000864
0.521606 -0.084717 0.554443 1.014155 -0.164714 1.078000
0.485596 -0.064941 0.588623 0.944140 -0.126265 1.144455
0.450928 -0.048462 0.613525 0.876735 -0.094224 1.192872
0.423828 -0.013672 0.632446 0.824045 -0.026582 1.229660
0.394043 0.033691 0.651123 0.766134 0.065506 1.265973
0.353027 0.073853 0.674805 0.686388 0.143591 1.312017
0.306519 0.122925 0.700684 0.595961 0.239002 1.362333
0.258911 0.174072 0.725708 0.503399 0.338447 1.410988
0.210571 0.222168 0.726685 0.409412 0.431959 1.412887
0.160645 0.252930 0.712402 0.312340 0.491769 1.385118
0.108276 0.248901 0.682617 0.210521 0.483937 1.327207
0.047363 0.229980 0.627930 0.092088 0.447149 1.220878
-0.018799 0.206787 0.570801 -0.036550 0.402054 1.109803
-0.083008 0.198364 0.518921 -0.161391 0.385678 1.008934
-0.154175 0.186279 0.473755 -0.299761 0.362181 0.921118
-0.220581 0.182739 0.431396 -0.428874 0.355298 0.838761
-0.286987 0.183838 0.388550 -0.557987 0.357434 0.755454
-0.368896 0.141357 0.331787 -0.717242 0.274840 0.645091
-0.437134 0.109253 0.295044 -0.849916 0.212420 0.573651
-0.506226 0.093628 0.220703 -0.984250 0.182040 0.429111
-0.570190 0.109863 0.137329 -1.108616 0.213606 0.267008
-0.625854 0.107544 0.061768 -1.216844 0.209097 0.120094
-0.669312 0.106812 -0.011963 -1.301337 0.207673 -0.023259
-0.701782 0.083740 -0.087524 -1.364469 0.162815 -0.170173
-0.740356 0.050171 -0.183838 -1.439469 0.097547 -0.357434
-0.779419 -0.019897 -0.278442 -1.515418 -0.038686 -0.541373
-0.814575 -0.088013 -0.357178 -1.583772 -0.171122 -0.694458
-0.854126 -0.138672 -0.429810 -1.660670 -0.269619 -0.835675
-0.887207 -0.184448 -0.489746 -1.724989 -0.358621 -0.952209
-0.885864 -0.189575 -0.521606 -1.722378 -0.368589 -1.014155
-0.851440 -0.191528 -0.506592 -1.655448 -0.372387 -0.984962
-0.813110 -0.159912 -0.513306 -1.580924 -0.310916 -0.998016
-0.769043 -0.115723 -0.523193 -1.495244 -0.224999 -1.017240
-0.719849 -0.072754 -0.609741 -1.399596 -0.141455 -1.185515
-0.648682 -0.055664 -0.678223 -1.261226 -0.108227 -1.318663
-0.586548 -0.093384 -0.735352 -1.140420 -0.181565 -1.429738
-0.548218 -0.118286 -0.773926 -1.065895 -0.229983 -1.504737
-0.509644 -0.140869 -0.767090 -0.990896 -0.273891 -1.491446
-0.464478 -0.141479 -0.734253 -0.903080 -0.275077 -1.427602
-0.421753 -0.106812 -0.695801 -0.820011 -0.207673 -1.352840
-0.376831 -0.067383 -0.686523 -0.732669 -0.131012 -1.334802
-0.317993 -0.046509 -0.690063 -0.618271 -0.090427 -1.341685
-0.254883 -0.023926 -0.694336 -0.495567 -0.046519 -1.349992
-0.201538 -0.023438 -0.698364 -0.391849 -0.045569 -1.357824
-0.156738 0.007935 -0.682373 -0.304745 0.015427 -1.326732
-0.113037 0.034424 -0.637329 -0.219777 0.066930 -1.239154
-0.079346 0.051270 -0.593994 -0.154271 0.099683 -1.154898
-0.063599 0.064819 -0.562134 -0.123654 0.126028 -1.092952
-0.048706 0.047852 -0.540405 -0.094699 0.093037 -1.050705
-0.029297 0.020630 -0.528320 -0.056962 0.040111 -1.027209
-0.012329 -0.001709 -0.535400 -0.023971 -0.003323 -1.040974
0.004395 -0.014771 -0.532471 0.008544 -0.028718 -1.035278
0.040039 -0.010864 -0.489990 0.077848 -0.021123 -0.952684
0.081909 0.007568 -0.426514 0.159255 0.014715 -0.829267
0.109619 0.052368 -0.356323 0.213132 0.101819 -0.692796
0.128418 0.077637 -0.293213 0.249682 0.150948 -0.570091
0.142334 0.099976 -0.246948 0.276739 0.194382 -0.480139
0.146362 0.125488 -0.230591 0.284571 0.243986 -0.448336
0.142822 0.119141 -0.234253 0.277688 0.231644 -0.455456
0.137939 0.073364 -0.239746 0.268195 0.142642 -0.466136
0.129395 0.021973 -0.237061 0.251581 0.042721 -0.460915
0.122192 -0.004517 -0.221313 0.237578 -0.008782 -0.430298
0.121460 -0.004272 -0.186768 0.236154 -0.008307 -0.363131
0.116699 0.005249 -0.141113 0.226897 0.010206 -0.274365
0.114502 0.014893 -0.090454 0.222625 0.028956 -0.175869
0.115601 0.026611 -0.044800 0.224761 0.051740 -0.087104
0.115112 0.045166 -0.016602 0.223812 0.087816 -0.032278
0.112793 0.054199 -0.004028 0.219302 0.105379 -0.007832
0.111572 0.045410 0.002686 0.216929 0.088291 0.005221
0.105347 0.036011 0.003052 0.204825 0.070015 0.005934
0.086548 0.023438 0.001709 0.168274 0.045569 0.003323
0.066650 0.003418 0.008667 0.129588 0.006646 0.016851
0.050659 -0.013672 0.016479 0.098496 -0.026582 0.032041
0.032593 -0.024780 0.019165 0.063370 -0.048180 0.037262
0.016602 -0.033936 0.020996 0.032278 -0.065981 0.040823
0.002930 -0.040649 0.019897 0.005696 -0.079034 0.038686
-0.004517 -0.035767 0.015381 -0.008782 -0.069541 0.029905
-0.009277 -0.022583 0.011230 -0.018038 -0.043908 0.021835
