-0.071045 0.025513 -0.088501 -0.138132 0.049604 -0.172072
-0.147095 0.048096 -0.092529 -0.285995 0.093512 -0.179904
-0.168701 0.015259 -0.110352 -0.328004 0.029668 -0.214556
-0.079224 0.065308 -0.117798 -0.154034 0.126977 -0.229033
-0.040527 0.076782 -0.112305 -0.078797 0.149287 -0.218353
-0.018066 0.087402 -0.108154 -0.035126 0.169936 -0.210283
-0.001953 0.106079 -0.110352 -0.003797 0.206249 -0.214556
-0.001221 0.098145 -0.099854 -0.002373 0.190822 -0.194144
-0.024414 0.062866 -0.078003 -0.047468 0.122230 -0.151660
-0.063110 0.025391 -0.056152 -0.122705 0.049367 -0.109177
-0.087769 0.005371 -0.034790 -0.170648 0.010443 -0.067642
-0.087280 0.003906 -0.006714 -0.169698 0.007595 -0.013054
-0.071045 0.015869 0.025635 -0.138132 0.030854 0.049841
-0.061035 0.022339 0.041138 -0.118670 0.043433 0.079984
-0.057129 0.021484 0.039551 -0.111075 0.041772 0.076898
-0.044556 0.022217 0.029785 -0.086629 0.043196 0.057911
-0.028687 0.028076 0.013428 -0.055775 0.054588 0.026107
-0.023438 0.033691 -0.004883 -0.045569 0.065506 -0.009494
-0.035522 0.028320 -0.020508 -0.069066 0.055063 -0.039873
-0.050903 0.013672 -0.026367 -0.098971 0.026582 -0.051266
-0.051514 0.011597 -0.027710 -0.100158 0.022547 -0.053876
-0.039185 0.021729 -0.023682 -0.076186 0.042247 -0.046044
-0.032227 0.026489 -0.017090 -0.062658 0.051503 -0.033228
-0.034180 0.012695 -0.007690 -0.066455 0.024683 -0.014952
-0.034424 -0.000366 -0.004883 -0.066930 -0.000712 -0.009494
-0.026245 -0.001099 -0.004761 -0.051028 -0.002136 -0.009256
-0.018799 0.003418 -0.002930 -0.036550 0.006646 -0.005696
-0.017334 0.008423 -0.003662 -0.033702 0.016376 -0.007120
-0.023193 0.012695 -0.010498 -0.045095 0.024683 -0.020411
-0.031494 0.011108 -0.018433 -0.061234 0.021598 -0.035838
-0.041870 0.002930 -0.022217 -0.081408 0.005696 -0.043196
-0.046021 -0.001587 -0.022705 -0.089477 -0.003085 -0.044145
-0.045654 -0.005981 -0.016235 -0.088765 -0.011630 -0.031566
-0.050781 -0.006958 -0.012451 -0.098734 -0.013528 -0.024209
-0.048340 0.002930 -0.014526 -0.093987 0.005696 -0.028243
-0.037231 0.013916 -0.018677 -0.072389 0.027057 -0.036313
-0.026489 0.015991 -0.022705 -0.051503 0.031092 -0.044145
-0.019409 0.008301 -0.021484 -0.037737 0.016139 -0.041772
-0.015259 -0.001099 -0.018188 -0.029668 -0.002136 -0.035364
-0.015015 -0.006836 -0.017578 -0.029193 -0.013291 -0.034177
-0.015869 -0.011230 -0.018555 -0.030854 -0.021835 -0.036076
-0.012451 -0.011841 -0.017456 -0.024209 -0.023022 -0.033940
-0.012695 -0.014160 -0.021973 -0.024683 -0.027531 -0.042721
-0.015869 -0.006104 -0.026489 -0.030854 -0.011867 -0.051503
-0.015259 -0.004639 -0.023193 -0.029668 -0.009019 -0.045095
-0.013916 -0.005859 -0.024902 -0.027057 -0.011392 -0.048417
-0.013428 -0.001953 -0.023315 -0.026107 -0.003797 -0.045332
-0.016724 0.000122 -0.018677 -0.032516 0.000237 -0.036313
-0.018799 0.005249 -0.014771 -0.036550 0.010206 -0.028718
-0.019531 0.013428 -0.010254 -0.037974 0.026107 -0.019937
-0.021729 0.012817 -0.010010 -0.042247 0.024921 -0.019462
-0.020996 0.005615 -0.019653 -0.040823 0.010918 -0.038212
-0.021851 -0.002197 -0.027954 -0.042484 -0.004272 -0.054351
-0.024902 -0.012085 -0.030640 -0.048417 -0.023497 -0.059572
-0.028564 -0.021973 -0.029907 -0.055538 -0.042721 -0.058148
-0.034668 -0.019165 -0.033569 -0.067405 -0.037262 -0.065269
-0.038208 -0.014648 -0.039063 -0.074288 -0.028481 -0.075949
-0.036011 -0.015137 -0.044434 -0.070015 -0.029430 -0.086392
-0.029785 -0.017578 -0.042847 -0.057911 -0.034177 -0.083306
-0.020386 -0.011719 -0.039185 -0.039636 -0.022785 -0.076186
-0.014160 0.006226 -0.034180 -0.027531 0.012104 -0.066455
-0.015259 0.014526 -0.026123 -0.029668 0.028243 -0.050791
-0.015747 0.005371 -0.021606 -0.030617 0.010443 -0.042009
-0.017212 -0.001343 -0.024902 -0.033465 -0.002611 -0.048417
-0.015869 -0.002075 -0.029907 -0.030854 -0.004035 -0.058148
-0.012207 -0.007202 -0.034668 -0.023734 -0.014003 -0.067405
-0.007446 -0.007568 -0.034790 -0.014478 -0.014715 -0.067642
-0.006226 -0.002563 -0.027588 -0.012104 -0.004984 -0.053639
-0.009644 -0.002075 -0.020142 -0.018750 -0.004035 -0.039161
-0.016846 -0.010742 -0.015991 -0.032753 -0.020886 -0.031092
-0.019897 -0.007813 -0.019043 -0.038686 -0.015190 -0.037025
-0.015381 0.003052 -0.026123 -0.029905 0.005934 -0.050791
-0.010498 0.005249 -0.028809 -0.020411 0.010206 -0.056012
-0.016846 -0.003906 -0.035645 -0.032753 -0.007595 -0.069303
-0.032104 -0.008789 -0.046997 -0.062420 -0.017089 -0.091376
-0.043701 -0.011230 -0.047485 -0.084968 -0.021835 -0.092325
-0.044556 -0.011597 -0.046997 -0.086629 -0.022547 -0.091376
-0.038452 -0.005615 -0.043701 -0.074762 -0.010918 -0.084968
-0.040161 0.000610 -0.041992 -0.078085 0.001187 -0.081645
-0.045532 -0.000977 -0.042114 -0.088528 -0.001899 -0.081882
-0.046387 0.003906 -0.041504 -0.090189 0.007595 -0.080696
-0.047363 0.010010 -0.043823 -0.092088 0.019462 -0.085205
-0.048340 0.007446 -0.046509 -0.093987 0.014478 -0.090427
-0.050293 0.005981 -0.046997 -0.097784 0.011630 -0.091376
-0.054810 0.005371 -0.047852 -0.106566 0.010443 -0.093037
-0.058105 0.002319 -0.047241 -0.112974 0.004509 -0.091851
-0.059570 0.000000 -0.047729 -0.115822 0.000000 -0.092800
-0.063110 -0.006958 -0.051270 -0.122705 -0.013528 -0.099683
-0.071655 -0.017212 -0.052979 -0.139319 -0.033465 -0.103006
-0.086304 -0.031494 -0.056641 -0.167800 -0.061234 -0.110126
-0.098999 -0.044434 -0.063599 -0.192483 -0.086392 -0.123654
-0.103760 -0.054443 -0.066650 -0.201739 -0.105854 -0.129588
-0.108398 -0.056396 -0.066650 -0.210758 -0.109651 -0.129588
-0.114746 -0.046021 -0.072876 -0.223100 -0.089477 -0.141692
-0.117065 -0.034058 -0.081665 -0.227609 -0.066218 -0.158781
-0.119263 -0.026245 -0.088623 -0.231881 -0.051028 -0.172309
-0.120850 -0.010010 -0.093994 -0.234967 -0.019462 -0.182752
-0.123169 0.007568 -0.093262 -0.239476 0.014715 -0.181328
-0.136719 0.011230 -0.087891 -0.265821 0.021835 -0.170885
-0.160767 0.002075 -0.086182 -0.312577 0.004035 -0.167562
-0.185791 -0.010010 -0.091431 -0.361232 -0.019462 -0.177768
-0.204224 -0.022583 -0.106201 -0.397070 -0.043908 -0.206486
-0.204834 -0.024902 -0.119385 -0.398257 -0.048417 -0.232119
-0.206543 -0.025146 -0.114136 -0.401580 -0.048892 -0.221913
-0.232422 -0.034058 -0.106323 -0.451896 -0.066218 -0.206723
-0.249634 -0.037109 -0.115601 -0.485361 -0.072151 -0.224761
-0.260498 -0.029297 -0.124878 -0.506484 -0.056962 -0.242799
-0.284424 -0.038940 -0.141724 -0.553003 -0.075712 -0.275552
-0.295654 -0.046021 -0.169800 -0.574838 -0.089477 -0.330140
-0.290894 -0.034668 -0.201294 -0.565582 -0.067405 -0.391374
-0.278931 -0.016479 -0.227295 -0.542323 -0.032041 -0.441928
-0.277344 -0.012939 -0.226807 -0.539237 -0.025158 -0.440978
-0.293823 -0.030518 -0.201416 -0.571278 -0.059335 -0.391611
-0.329956 -0.048584 -0.168945 -0.641531 -0.094461 -0.328479
-0.367310 -0.068604 -0.148315 -0.714157 -0.133385 -0.288368
-0.394531 -0.090454 -0.144775 -0.767084 -0.175869 -0.281486
-0.407227 -0.100098 -0.161133 -0.791767 -0.194619 -0.313289
-0.416504 -0.118774 -0.175659 -0.809805 -0.230932 -0.341533
-0.420532 -0.125732 -0.162109 -0.817637 -0.244460 -0.315188
-0.418701 -0.096069 -0.134155 -0.814077 -0.186787 -0.260837
-0.405396 -0.035156 -0.119751 -0.788207 -0.068354 -0.232831
-0.380493 0.025635 -0.121826 -0.739790 0.049841 -0.236866
-0.364746 0.037476 -0.148804 -0.709173 0.072863 -0.289318
-0.362671 -0.005005 -0.183838 -0.705138 -0.009731 -0.357434
-0.377075 -0.073486 -0.218872 -0.733144 -0.142879 -0.425551
-0.403564 -0.154297 -0.238037 -0.784647 -0.299998 -0.462814
-0.437622 -0.227295 -0.217285 -0.850865 -0.441928 -0.422466
-0.474487 -0.275146 -0.165039 -0.922542 -0.534965 -0.320884
-0.508179 -0.287842 -0.099121 -0.988048 -0.559648 -0.192720
-0.523682 -0.269531 -0.035278 -1.018190 -0.524047 -0.068591
-0.526367 -0.241455 -0.010498 -1.023411 -0.469459 -0.020411
-0.515381 -0.232544 -0.030273 -1.002051 -0.452133 -0.058860
-0.453247 -0.226196 -0.074097 -0.881244 -0.439792 -0.144066
-0.462280 -0.312378 -0.136963 -0.898808 -0.607354 -0.266296
-0.606689 -0.463989 -0.193726 -1.179581 -0.902130 -0.376659
-0.645630 -0.454224 -0.223389 -1.255293 -0.883143 -0.434333
-0.605347 -0.379761 -0.221924 -1.176970 -0.738366 -0.431485
-0.592896 -0.330200 -0.174194 -1.152762 -0.642005 -0.338685
-0.604004 -0.283325 -0.118042 -1.174360 -0.550867 -0.229508
-0.557129 -0.239380 -0.088501 -1.083221 -0.465424 -0.172072
-0.604614 -0.322266 -0.085938 -1.175546 -0.626578 -0.167088
-0.615112 -0.348267 -0.099365 -1.195958 -0.677132 -0.193195
-0.469604 -0.196167 -0.150879 -0.913048 -0.381406 -0.293353
-0.352905 -0.106201 -0.167725 -0.686151 -0.206486 -0.326106
-0.322998 -0.118774 -0.136353 -0.628002 -0.230932 -0.265109
-0.308960 -0.119263 -0.078979 -0.600708 -0.231881 -0.153559
-0.309937 -0.090698 -0.013306 -0.602607 -0.176344 -0.025870
-0.331909 -0.036377 0.018799 -0.645328 -0.070727 0.036550
-0.335815 0.019409 0.012451 -0.652923 0.037737 0.024209
-0.328735 0.046509 -0.021851 -0.639157 0.090427 -0.042484
