-0.080688 0.094971 -0.081055 -0.156882 0.184651 -0.157594
-0.191284 0.127319 -0.118164 -0.371912 0.247546 -0.229745
-0.233276 0.089966 -0.176514 -0.453557 0.174920 -0.343194
-0.333496 0.079834 -0.248047 -0.648414 0.155221 -0.482275
-0.285645 0.017090 -0.203003 -0.555376 0.033228 -0.394697
-0.179199 0.014160 -0.059204 -0.348416 0.027531 -0.115110
-0.117676 -0.001953 0.025391 -0.228796 -0.003797 0.049367
-0.098389 -0.013062 0.039307 -0.191296 -0.025395 0.076424
-0.105347 -0.029419 0.021851 -0.204825 -0.057199 0.042484
-0.119385 -0.046509 0.010376 -0.232119 -0.090427 0.020174
-0.109985 -0.061890 0.014648 -0.213844 -0.120332 0.028481
-0.096802 -0.059692 0.018799 -0.188211 -0.116059 0.036550
-0.098755 -0.042358 0.027954 -0.192008 -0.082357 0.054351
-0.093872 -0.050415 0.048340 -0.182515 -0.098022 0.093987
-0.076660 -0.054565 0.060913 -0.149050 -0.106091 0.118433
-0.053955 -0.040649 0.058838 -0.104904 -0.079034 0.114398
-0.034912 -0.023438 0.043335 -0.067879 -0.045569 0.084256
-0.028320 -0.015259 0.025757 -0.055063 -0.029668 0.050079
-0.011597 -0.003662 0.019531 -0.022547 -0.007120 0.037974
0.005127 0.009888 0.017456 0.009968 0.019225 0.033940
0.033691 0.016357 0.024658 0.065506 0.031804 0.047943
0.053223 0.021606 0.028320 0.103480 0.042009 0.055063
0.066284 0.025879 0.030273 0.128876 0.050316 0.058860
0.070435 0.024902 0.027466 0.136945 0.048417 0.053402
0.069946 0.032104 0.016968 0.135996 0.062420 0.032990
0.070557 0.037964 0.005981 0.137183 0.073813 0.011630
0.072021 0.039185 -0.000854 0.140031 0.076186 -0.001661
0.077026 0.042725 -0.008667 0.149762 0.083069 -0.016851
0.079834 0.042480 -0.017944 0.155221 0.082594 -0.034889
0.078247 0.044678 -0.028076 0.152135 0.086867 -0.054588
0.076904 0.052979 -0.032227 0.149524 0.103006 -0.062658
0.069946 0.061523 -0.029663 0.135996 0.119620 -0.057674
0.056519 0.067993 -0.024414 0.109889 0.132199 -0.047468
0.042114 0.071045 -0.019775 0.081882 0.138132 -0.038449
0.033813 0.078857 -0.018921 0.065743 0.153322 -0.036788
0.026367 0.082642 -0.022949 0.051266 0.160679 -0.044620
0.008301 0.070435 -0.026978 0.016139 0.136945 -0.052452
-0.021973 0.054199 -0.032715 -0.042721 0.105379 -0.063607
-0.054688 0.045410 -0.041992 -0.106328 0.088291 -0.081645
-0.079956 0.035645 -0.050293 -0.155458 0.069303 -0.097784
-0.090576 0.026611 -0.057373 -0.176106 0.051740 -0.111550
-0.102539 0.024658 -0.068848 -0.199366 0.047943 -0.133860
-0.120728 0.024048 -0.078857 -0.234730 0.046756 -0.153322
-0.138794 0.021240 -0.081421 -0.269856 0.041297 -0.158306
-0.154541 0.029419 -0.080078 -0.300473 0.057199 -0.155695
-0.164795 0.036987 -0.074951 -0.320409 0.071914 -0.145727
-0.170410 0.040405 -0.068359 -0.331327 0.078560 -0.132911
-0.176025 0.041504 -0.063110 -0.342245 0.080696 -0.122705
-0.186890 0.035400 -0.058228 -0.363368 0.068829 -0.113211
-0.201050 0.024902 -0.049561 -0.390899 0.048417 -0.096360
-0.206543 0.028320 -0.042847 -0.401580 0.055063 -0.083306
-0.208862 0.046387 -0.040039 -0.406089 0.090189 -0.077848
-0.212769 0.058960 -0.035156 -0.413684 0.114635 -0.068354
-0.222168 0.063477 -0.036255 -0.431959 0.123417 -0.070490
-0.235229 0.070557 -0.053223 -0.457355 0.137183 -0.103480
-0.250366 0.069946 -0.079956 -0.486785 0.135996 -0.155458
-0.269043 0.060669 -0.109131 -0.523098 0.117958 -0.212182
-0.279663 0.061401 -0.133545 -0.543747 0.119382 -0.259650
-0.283325 0.070068 -0.138550 -0.550867 0.136233 -0.269381
-0.286987 0.067139 -0.125122 -0.557987 0.130537 -0.243274
-0.288940 0.065063 -0.111206 -0.561784 0.126502 -0.216217
-0.295532 0.071411 -0.106201 -0.574601 0.138844 -0.206486
-0.302490 0.079102 -0.104370 -0.588129 0.153797 -0.202926
-0.312134 0.074829 -0.106445 -0.606879 0.145490 -0.206961
-0.330444 0.052734 -0.104126 -0.642480 0.102531 -0.202451
-0.346680 0.033691 -0.099365 -0.674046 0.065506 -0.193195
-0.351440 0.028931 -0.099121 -0.683303 0.056250 -0.192720
-0.351074 0.032593 -0.098022 -0.682591 0.063370 -0.190584
-0.352051 0.033325 -0.097412 -0.684489 0.064794 -0.189398
-0.354126 0.045288 -0.103638 -0.688524 0.088053 -0.201502
-0.356323 0.060913 -0.123535 -0.692796 0.118433 -0.240188
-0.359131 0.060791 -0.139771 -0.698255 0.118195 -0.271755
-0.375000 0.015015 -0.146729 -0.729109 0.029193 -0.285283
-0.438354 -0.048096 -0.159912 -0.852289 -0.093512 -0.310916
-0.452393 -0.042236 -0.169678 -0.879583 -0.082120 -0.329903
-0.401367 -0.012329 -0.161499 -0.780375 -0.023971 -0.314001
-0.372192 0.012451 -0.141602 -0.723651 0.024209 -0.275315
-0.372192 0.028320 -0.115234 -0.723651 0.055063 -0.224049
-0.373169 0.039429 -0.095337 -0.725549 0.076661 -0.185363
-0.349731 0.050903 -0.088013 -0.679980 0.098971 -0.171122
-0.332886 0.064087 -0.092773 -0.647227 0.124604 -0.180379
-0.323120 0.074707 -0.098633 -0.628240 0.145252 -0.191771
-0.310181 0.085693 -0.102783 -0.603082 0.166613 -0.199841
-0.298584 0.087646 -0.097778 -0.580534 0.170410 -0.190110
-0.285278 0.087158 -0.086426 -0.554664 0.169461 -0.168037
-0.283569 0.073608 -0.078003 -0.551341 0.143116 -0.151660
-0.292480 0.074097 -0.072266 -0.568667 0.144066 -0.140505
-0.279541 0.111084 -0.071045 -0.543509 0.215980 -0.138132
-0.264282 0.131592 -0.078247 -0.513842 0.255853 -0.152135
-0.275269 0.124146 -0.089111 -0.535202 0.241375 -0.173258
-0.290405 0.103882 -0.092651 -0.564633 0.201977 -0.180141
-0.284912 0.102173 -0.099487 -0.553952 0.198654 -0.193432
-0.269531 0.098633 -0.102539 -0.524047 0.191771 -0.199366
-0.242432 0.124756 -0.092773 -0.471358 0.242562 -0.180379
-0.209473 0.170776 -0.078613 -0.407276 0.332039 -0.152847
-0.181030 0.203491 -0.062256 -0.351976 0.395646 -0.121044
-0.168213 0.222656 -0.043945 -0.327055 0.432909 -0.085443
-0.169556 0.228638 -0.037231 -0.329666 0.444538 -0.072389
-0.166504 0.222778 -0.047119 -0.323732 0.433146 -0.091613
-0.166748 0.183594 -0.066528 -0.324207 0.356960 -0.129350
-0.193481 0.132813 -0.088623 -0.376184 0.258226 -0.172309
-0.226074 0.081177 -0.107910 -0.439554 0.157831 -0.209809
-0.227417 0.061035 -0.125488 -0.442165 0.118670 -0.243986
-0.208862 0.055298 -0.132080 -0.406089 0.107515 -0.256802
-0.204590 0.040771 -0.122437 -0.397782 0.079272 -0.238052
-0.202759 0.036865 -0.103760 -0.394222 0.071677 -0.201739
-0.184570 0.045410 -0.087280 -0.358858 0.088291 -0.169698
-0.166260 0.073364 -0.077759 -0.323257 0.142642 -0.151186
-0.148926 0.103516 -0.082764 -0.289555 0.201265 -0.160917
-0.136841 0.108765 -0.094849 -0.266058 0.211470 -0.184413
-0.127686 0.096191 -0.104736 -0.248258 0.187024 -0.203638
-0.130005 0.073242 -0.102173 -0.252767 0.142404 -0.198654
-0.132080 0.049316 -0.091553 -0.256802 0.095885 -0.178005
-0.125854 0.043701 -0.073608 -0.244698 0.084968 -0.143116
-0.114868 0.056641 -0.051514 -0.223337 0.110126 -0.100158
-0.109985 0.071655 -0.036255 -0.213844 0.139319 -0.070490
-0.119751 0.076660 -0.034058 -0.232831 0.149050 -0.066218
-0.123169 0.073853 -0.037231 -0.239476 0.143591 -0.072389
-0.117065 0.067871 -0.052490 -0.227609 0.131961 -0.102056
-0.103882 0.069458 -0.066772 -0.201977 0.135047 -0.129825
-0.094971 0.073486 -0.070068 -0.184651 0.142879 -0.136233
-0.086548 0.076172 -0.059692 -0.168274 0.148100 -0.116059
-0.071289 0.087280 -0.042603 -0.138607 0.169698 -0.082832
-0.057861 0.100342 -0.020874 -0.112499 0.195094 -0.040585
-0.054810 0.114258 -0.001953 -0.106566 0.222151 -0.003797
-0.056396 0.122925 0.007568 -0.109651 0.239002 0.014715
-0.054199 0.123169 0.008179 -0.105379 0.239476 0.015902
-0.045776 0.114868 0.000977 -0.089003 0.223337 0.001899
-0.029053 0.108765 -0.013672 -0.056487 0.211470 -0.026582
-0.016113 0.115845 -0.024780 -0.031329 0.225236 -0.048180
-0.010864 0.127441 -0.028809 -0.021123 0.247783 -0.056012
-0.004150 0.130249 -0.019287 -0.008070 0.253242 -0.037500
0.000610 0.143555 -0.002441 0.001187 0.279112 -0.004747
0.004028 0.155762 0.010498 0.007832 0.302846 0.020411
0.002563 0.164795 0.011841 0.004984 0.320409 0.023022
-0.000244 0.160645 -0.000244 -0.000475 0.312340 -0.000475
-0.003906 0.140869 -0.017944 -0.007595 0.273891 -0.034889
-0.012695 0.114624 -0.034790 -0.024683 0.222863 -0.067642
-0.028564 0.083130 -0.050415 -0.055538 0.161629 -0.098022
-0.040283 0.051758 -0.057251 -0.078322 0.100632 -0.111313
-0.048584 0.025146 -0.056030 -0.094461 0.048892 -0.108939
-0.055542 0.012939 -0.052856 -0.107990 0.025158 -0.102768
-0.058105 0.009766 -0.049683 -0.112974 0.018987 -0.096597
-0.069946 -0.005371 -0.059204 -0.135996 -0.010443 -0.115110
-0.088257 -0.024414 -0.065674 -0.171597 -0.047468 -0.127689
-0.100708 -0.024414 -0.074951 -0.195806 -0.047468 -0.145727
-0.111206 -0.018311 -0.086792 -0.216217 -0.035601 -0.168749
-0.117432 -0.013794 -0.093872 -0.228321 -0.026819 -0.182515
-0.121460 -0.014893 -0.088501 -0.236154 -0.028956 -0.172072
-0.125122 -0.032959 -0.066406 -0.243274 -0.064082 -0.129113
