-0.012695 -0.009155 -0.021973 -0.024683 -0.017801 -0.042721
-0.027466 -0.012695 0.002686 -0.053402 -0.024683 0.005221
-0.096069 0.019165 0.024536 -0.186787 0.037262 0.047705
-0.069092 -0.010010 0.035278 -0.134335 -0.019462 0.068591
-0.033203 0.049561 0.032959 -0.064557 0.096360 0.064082
-0.037354 0.073364 0.027100 -0.072626 0.142642 0.052690
-0.060303 0.077515 0.013794 -0.117246 0.150711 0.026819
-0.085083 0.082764 -0.014038 -0.165426 0.160917 -0.027294
-0.073486 0.072021 -0.039063 -0.142879 0.140031 -0.075949
-0.038452 0.107422 -0.063721 -0.074762 0.208859 -0.123892
-0.033569 0.069458 -0.060669 -0.065269 0.135047 -0.117958
-0.057007 0.038086 -0.062988 -0.110838 0.074050 -0.122468
-0.075562 0.025513 -0.067627 -0.146914 0.049604 -0.131487
-0.084717 0.029297 -0.065918 -0.164714 0.056962 -0.128164
-0.075439 0.039795 -0.049683 -0.146676 0.077373 -0.096597
-0.064209 0.046875 -0.036987 -0.124841 0.091139 -0.071914
-0.062866 0.045288 -0.034058 -0.122230 0.088053 -0.066218
-0.070557 0.039429 -0.036743 -0.137183 0.076661 -0.071439
-0.083008 0.032227 -0.033813 -0.161391 0.062658 -0.065743
-0.085693 0.032104 -0.029297 -0.166613 0.062420 -0.056962
-0.080444 0.032227 -0.032959 -0.156407 0.062658 -0.064082
-0.080688 0.024780 -0.050049 -0.156882 0.048180 -0.097310
-0.081909 0.027222 -0.069946 -0.159255 0.052927 -0.135996
-0.094482 0.003052 -0.084229 -0.183701 0.005934 -0.163765
-0.123535 -0.024658 -0.098145 -0.240188 -0.047943 -0.190822
-0.139038 -0.037842 -0.104736 -0.270331 -0.073575 -0.203638
-0.137817 -0.039063 -0.111572 -0.267957 -0.075949 -0.216929
-0.122192 -0.009033 -0.112915 -0.237578 -0.017563 -0.219540
-0.132080 -0.004883 -0.119019 -0.256802 -0.009494 -0.231407
-0.143677 0.000000 -0.131470 -0.279350 0.000000 -0.255615
-0.140137 0.000732 -0.138428 -0.272467 0.001424 -0.269144
-0.133423 0.003418 -0.145874 -0.259413 0.006646 -0.283622
-0.131470 0.000244 -0.152832 -0.255615 0.000475 -0.297150
-0.136719 -0.013550 -0.158569 -0.265821 -0.026345 -0.308305
-0.142090 -0.030884 -0.161987 -0.276264 -0.060047 -0.314951
-0.147705 -0.043823 -0.155029 -0.287182 -0.085205 -0.301422
-0.157593 -0.051880 -0.153809 -0.306406 -0.100870 -0.299049
-0.175659 -0.056763 -0.168945 -0.341533 -0.110363 -0.328479
-0.185303 -0.052856 -0.186890 -0.360283 -0.102768 -0.363368
-0.175415 -0.049072 -0.194458 -0.341058 -0.095411 -0.378083
-0.172119 -0.052002 -0.195923 -0.334650 -0.101107 -0.380931
-0.182007 -0.055420 -0.198242 -0.353874 -0.107752 -0.385441
-0.188354 -0.064209 -0.197998 -0.366216 -0.124841 -0.384966
-0.191406 -0.079834 -0.188354 -0.372150 -0.155221 -0.366216
-0.189087 -0.089966 -0.179077 -0.367640 -0.174920 -0.348178
-0.189453 -0.080078 -0.175049 -0.368352 -0.155695 -0.340346
-0.189575 -0.063110 -0.166870 -0.368589 -0.122705 -0.324444
-0.191772 -0.059937 -0.156738 -0.372862 -0.116534 -0.304745
-0.205688 -0.072998 -0.146729 -0.399918 -0.141929 -0.285283
-0.211426 -0.070801 -0.148193 -0.411073 -0.137657 -0.288131
-0.204834 -0.053711 -0.158569 -0.398257 -0.104430 -0.308305
-0.198608 -0.049316 -0.161987 -0.386153 -0.095885 -0.314951
-0.201782 -0.053101 -0.159912 -0.392323 -0.103243 -0.310916
-0.211792 -0.056763 -0.158325 -0.411785 -0.110363 -0.307830
-0.219482 -0.059692 -0.158447 -0.426738 -0.116059 -0.308068
-0.221191 -0.052734 -0.154175 -0.430061 -0.102531 -0.299761
-0.218506 -0.044067 -0.147461 -0.424839 -0.085680 -0.286707
-0.213745 -0.039185 -0.136597 -0.415583 -0.076186 -0.265584
-0.211060 -0.040649 -0.128174 -0.410361 -0.079034 -0.249207
-0.214600 -0.039917 -0.129028 -0.417244 -0.077610 -0.250869
-0.201538 -0.024170 -0.138428 -0.391849 -0.046993 -0.269144
-0.183960 -0.013916 -0.143311 -0.357672 -0.027057 -0.278637
-0.188110 -0.017578 -0.135498 -0.365741 -0.034177 -0.263448
-0.211548 -0.038208 -0.125854 -0.411311 -0.074288 -0.244698
-0.225708 -0.036133 -0.125610 -0.438842 -0.070253 -0.244223
-0.217651 -0.014160 -0.120605 -0.423178 -0.027531 -0.234492
-0.212891 -0.007813 -0.106079 -0.413921 -0.015190 -0.206249
-0.213745 0.000732 -0.093628 -0.415583 0.001424 -0.182040
-0.215454 0.016602 -0.084351 -0.418906 0.032278 -0.164002
-0.220459 0.026001 -0.083740 -0.428637 0.050553 -0.162815
-0.213623 0.054810 -0.107422 -0.415345 0.106566 -0.208859
-0.196045 0.066895 -0.127075 -0.381168 0.130062 -0.247071
-0.191650 0.047485 -0.133057 -0.372624 0.092325 -0.258701
-0.206421 0.005127 -0.135864 -0.401342 0.009968 -0.264160
-0.217041 -0.024414 -0.134155 -0.421991 -0.047468 -0.260837
-0.216187 -0.041626 -0.133057 -0.420330 -0.080933 -0.258701
-0.215088 -0.048096 -0.129028 -0.418194 -0.093512 -0.250869
-0.220947 -0.051514 -0.131836 -0.429586 -0.100158 -0.256328
-0.230469 -0.059814 -0.136108 -0.448098 -0.116297 -0.264634
-0.236084 -0.073975 -0.131592 -0.459016 -0.143828 -0.255853
-0.235718 -0.078003 -0.128296 -0.458304 -0.151660 -0.249445
-0.227539 -0.058594 -0.133911 -0.442402 -0.113923 -0.260362
-0.212280 -0.033447 -0.133789 -0.412735 -0.065031 -0.260125
-0.205078 -0.018433 -0.128296 -0.398732 -0.035838 -0.249445
-0.205811 -0.011230 -0.121460 -0.400156 -0.021835 -0.236154
-0.206787 0.002563 -0.114136 -0.402054 0.004984 -0.221913
-0.201050 0.027710 -0.115479 -0.390899 0.053876 -0.224524
-0.176392 0.057251 -0.120605 -0.342957 0.111313 -0.234492
-0.157471 0.068604 -0.121094 -0.306169 0.133385 -0.235442
-0.160645 0.055542 -0.118774 -0.312340 0.107990 -0.230932
-0.173584 0.027954 -0.116211 -0.337498 0.054351 -0.225948
-0.188110 0.000000 -0.115479 -0.365741 0.000000 -0.224524
-0.187744 -0.006836 -0.106689 -0.365029 -0.013291 -0.207435
-0.180420 0.001953 -0.098389 -0.350789 0.003797 -0.191296
-0.173706 -0.003174 -0.102661 -0.337735 -0.006171 -0.199603
-0.213867 -0.059448 -0.118164 -0.415820 -0.115585 -0.229745
-0.210083 -0.086304 -0.111572 -0.408463 -0.167800 -0.216929
-0.178589 -0.050537 -0.116333 -0.347229 -0.098259 -0.226185
-0.151611 -0.013916 -0.115356 -0.294777 -0.027057 -0.224287
-0.146118 0.009766 -0.093262 -0.284096 0.018987 -0.181328
-0.164673 0.021362 -0.072876 -0.320172 0.041535 -0.141692
-0.181396 0.034180 -0.070679 -0.352688 0.066455 -0.137420
-0.185425 0.032349 -0.074219 -0.360520 0.062895 -0.144303
-0.188477 0.023315 -0.085205 -0.366453 0.045332 -0.165664
-0.191406 0.001221 -0.099121 -0.372150 0.002373 -0.192720
-0.200073 -0.032349 -0.104736 -0.389001 -0.062895 -0.203638
-0.203369 -0.051270 -0.111694 -0.395409 -0.099683 -0.217166
-0.199585 -0.065063 -0.115845 -0.388051 -0.126502 -0.225236
-0.194702 -0.073364 -0.112305 -0.378558 -0.142642 -0.218353
-0.189209 -0.056641 -0.113403 -0.367877 -0.110126 -0.220489
-0.181885 -0.020264 -0.117554 -0.353637 -0.039398 -0.228559
-0.179443 0.001465 -0.114868 -0.348890 0.002848 -0.223337
-0.178223 0.015381 -0.107178 -0.346517 0.029905 -0.208385
-0.181030 0.025635 -0.101440 -0.351976 0.049841 -0.197230
-0.185303 0.033691 -0.099487 -0.360283 0.065506 -0.193432
-0.185791 0.036377 -0.101440 -0.361232 0.070727 -0.197230
-0.189087 0.019531 -0.108398 -0.367640 0.037974 -0.210758
-0.206909 -0.017700 -0.108643 -0.402292 -0.034414 -0.211233
-0.216553 -0.040039 -0.107910 -0.421042 -0.077848 -0.209809
-0.212769 -0.032471 -0.122437 -0.413684 -0.063133 -0.238052
-0.208496 -0.037354 -0.139648 -0.405377 -0.072626 -0.271517
-0.209717 -0.066650 -0.153809 -0.407751 -0.129588 -0.299049
-0.209961 -0.097534 -0.157471 -0.408225 -0.189635 -0.306169
-0.208984 -0.116333 -0.149902 -0.406327 -0.226185 -0.291454
-0.211304 -0.119751 -0.135376 -0.410836 -0.232831 -0.263210
-0.205322 -0.109985 -0.119141 -0.399206 -0.213844 -0.231644
-0.194946 -0.101074 -0.099854 -0.379032 -0.196518 -0.194144
-0.196777 -0.094849 -0.079834 -0.382593 -0.184413 -0.155221
-0.201050 -0.073364 -0.068481 -0.390899 -0.142642 -0.133148
-0.196289 -0.045776 -0.070068 -0.381643 -0.089003 -0.136233
-0.176392 -0.026367 -0.076660 -0.342957 -0.051266 -0.149050
-0.159180 -0.022095 -0.086548 -0.309492 -0.042959 -0.168274
-0.163452 -0.040894 -0.098633 -0.317799 -0.079509 -0.191771
-0.174927 -0.067749 -0.099487 -0.340109 -0.131724 -0.193432
-0.177612 -0.077271 -0.097656 -0.345330 -0.150236 -0.189872
-0.171143 -0.070435 -0.092651 -0.332751 -0.136945 -0.180141
-0.167969 -0.070801 -0.077881 -0.326580 -0.137657 -0.151423
-0.171387 -0.071411 -0.055786 -0.333226 -0.138844 -0.108465
-0.178467 -0.065552 -0.035767 -0.346992 -0.127452 -0.069541
-0.180176 -0.040527 -0.023315 -0.350314 -0.078797 -0.045332
-0.167725 -0.010376 -0.013428 -0.326106 -0.020174 -0.026107
-0.159302 -0.002441 -0.001953 -0.309729 -0.004747 -0.003797
-0.154297 0.011963 -0.001831 -0.299998 0.023259 -0.003560
-0.141968 0.035400 -0.008423 -0.276027 0.068829 -0.016376
-0.124268 0.058228 -0.006836 -0.241612 0.113211 -0.013291
-0.121704 0.077515 -0.007080 -0.236628 0.150711 -0.013766
-0.125244 0.096069 -0.010620 -0.243511 0.186787 -0.020649
-0.126343 0.100952 -0.018188 -0.245647 0.196280 -0.035364
-0.121460 0.102295 -0.027344 -0.236154 0.198891 -0.053164
-0.109253 0.100708 -0.033203 -0.212420 0.195806 -0.064557
