-0.201782 -0.015747 -0.010376 -0.392323 -0.030617 -0.020174
-0.313477 0.033936 -0.009155 -0.609490 0.065981 -0.017801
-0.531982 0.042480 -0.040771 -1.034329 0.082594 -0.079272
-0.702515 0.037720 -0.103882 -1.365893 0.073338 -0.201977
-0.646240 0.006226 -0.134277 -1.256480 0.012104 -0.261074
-0.281860 0.030151 -0.079102 -0.548019 0.058623 -0.153797
0.013916 0.138550 -0.059570 0.027057 0.269381 -0.115822
0.100342 0.175781 -0.080200 0.195094 0.341770 -0.155933
0.093872 0.161377 -0.083374 0.182515 0.313764 -0.162103
0.050171 0.117676 -0.070068 0.097547 0.228796 -0.136233
-0.004028 0.059814 -0.051880 -0.007832 0.116297 -0.100870
-0.021729 0.002563 -0.040771 -0.042247 0.004984 -0.079272
-0.032593 -0.033081 -0.040405 -0.063370 -0.064319 -0.078560
-0.042725 -0.043945 -0.041870 -0.083069 -0.085443 -0.081408
-0.044067 -0.038452 -0.037231 -0.085680 -0.074762 -0.072389
-0.048584 -0.034180 -0.036499 -0.094461 -0.066455 -0.070965
-0.065063 -0.040527 -0.040405 -0.126502 -0.078797 -0.078560
-0.082275 -0.051025 -0.041260 -0.159967 -0.099208 -0.080221
-0.100098 -0.059937 -0.046265 -0.194619 -0.116534 -0.089952
-0.117188 -0.074707 -0.047363 -0.227847 -0.145252 -0.092088
-0.130493 -0.087036 -0.039917 -0.253717 -0.169224 -0.077610
-0.141846 -0.090942 -0.024780 -0.275789 -0.176819 -0.048180
-0.141846 -0.076416 -0.017090 -0.275789 -0.148575 -0.033228
-0.139282 -0.057495 -0.020264 -0.270805 -0.111787 -0.039398
-0.139526 -0.056885 -0.025024 -0.271280 -0.110601 -0.048655
-0.142822 -0.069336 -0.043701 -0.277688 -0.134809 -0.084968
-0.159912 -0.071045 -0.079468 -0.310916 -0.138132 -0.154509
-0.136841 -0.101440 -0.067871 -0.266058 -0.197230 -0.131961
-0.105591 -0.089111 -0.062256 -0.205299 -0.173258 -0.121044
-0.098145 -0.072388 -0.060059 -0.190822 -0.140743 -0.116771
-0.116577 -0.083008 -0.068115 -0.226660 -0.161391 -0.132436
-0.127197 -0.099976 -0.084717 -0.247309 -0.194382 -0.164714
-0.130127 -0.112915 -0.095703 -0.253005 -0.219540 -0.186075
-0.138428 -0.115479 -0.094971 -0.269144 -0.224524 -0.184651
-0.158569 -0.128296 -0.101685 -0.308305 -0.249445 -0.197704
-0.177246 -0.133301 -0.125366 -0.344618 -0.259176 -0.243748
-0.171997 -0.130981 -0.152710 -0.334412 -0.254666 -0.296913
-0.129517 -0.090332 -0.156494 -0.251818 -0.175632 -0.304270
-0.111938 -0.046509 -0.123169 -0.217641 -0.090427 -0.239476
-0.106934 -0.027710 -0.106812 -0.207910 -0.053876 -0.207673
-0.122681 -0.051392 -0.105835 -0.238527 -0.099920 -0.205774
-0.137695 -0.072021 -0.111938 -0.267720 -0.140031 -0.217641
-0.127930 -0.073486 -0.112793 -0.248733 -0.142879 -0.219302
-0.111694 -0.064697 -0.104248 -0.217166 -0.125790 -0.202689
-0.136963 -0.051025 -0.119019 -0.266296 -0.099208 -0.231407
-0.149658 -0.041138 -0.128906 -0.290979 -0.079984 -0.250631
-0.160889 -0.056152 -0.120117 -0.312815 -0.109177 -0.233543
-0.172729 -0.069580 -0.113525 -0.335836 -0.135284 -0.220726
-0.174316 -0.070557 -0.119629 -0.338922 -0.137183 -0.232593
-0.183960 -0.068115 -0.128418 -0.357672 -0.132436 -0.249682
-0.189331 -0.072144 -0.136963 -0.368115 -0.140268 -0.266296
-0.187988 -0.080566 -0.135620 -0.365504 -0.156645 -0.263685
-0.199951 -0.103882 -0.127563 -0.388763 -0.201977 -0.248021
-0.204468 -0.107544 -0.106567 -0.397545 -0.209097 -0.207198
-0.201050 -0.082153 -0.092163 -0.390899 -0.159730 -0.179192
-0.192871 -0.057495 -0.094482 -0.374998 -0.111787 -0.183701
-0.183594 -0.033936 -0.102417 -0.356960 -0.065981 -0.199128
-0.179321 -0.018677 -0.113770 -0.348653 -0.036313 -0.221201
-0.178101 -0.011108 -0.118530 -0.346279 -0.021598 -0.230457
-0.177856 -0.025391 -0.113159 -0.345805 -0.049367 -0.220014
-0.175293 -0.035034 -0.116211 -0.340821 -0.068117 -0.225948
-0.168091 -0.040283 -0.118164 -0.326818 -0.078322 -0.229745
-0.163330 -0.041870 -0.110718 -0.317561 -0.081408 -0.215268
-0.165405 -0.048950 -0.099243 -0.321596 -0.095173 -0.192958
-0.173462 -0.051758 -0.093628 -0.337261 -0.100632 -0.182040
-0.175781 -0.039917 -0.093140 -0.341770 -0.077610 -0.181091
-0.168213 -0.027100 -0.093262 -0.327055 -0.052690 -0.181328
-0.155273 -0.010498 -0.102173 -0.301897 -0.020411 -0.198654
-0.142090 0.005127 -0.115845 -0.276264 0.009968 -0.225236
-0.138550 0.011719 -0.122681 -0.269381 0.022785 -0.238527
-0.146484 -0.000732 -0.113403 -0.284808 -0.001424 -0.220489
-0.157104 -0.018677 -0.094849 -0.305457 -0.036313 -0.184413
-0.169434 -0.019653 -0.073730 -0.329428 -0.038212 -0.143354
-0.170166 -0.010986 -0.058228 -0.330852 -0.021361 -0.113211
-0.162354 -0.001221 -0.061401 -0.315663 -0.002373 -0.119382
-0.163818 0.003784 -0.069702 -0.318511 0.007358 -0.135521
-0.167480 0.007202 -0.076904 -0.325631 0.014003 -0.149524
-0.158081 0.011963 -0.082397 -0.307356 0.023259 -0.160205
-0.145752 0.021362 -0.086426 -0.283384 0.041535 -0.168037
-0.141724 0.022217 -0.084229 -0.275552 0.043196 -0.163765
-0.145630 0.031250 -0.071655 -0.283147 0.060759 -0.139319
-0.157593 0.029663 -0.056641 -0.306406 0.057674 -0.110126
-0.167358 0.016235 -0.053223 -0.325394 0.031566 -0.103480
-0.158081 0.008911 -0.065918 -0.307356 0.017326 -0.128164
-0.145874 0.007935 -0.078125 -0.283622 0.015427 -0.151898
-0.144287 0.002686 -0.078003 -0.280536 0.005221 -0.151660
-0.143188 0.003906 -0.076904 -0.278400 0.007595 -0.149524
-0.135742 0.012939 -0.078125 -0.263922 0.025158 -0.151898
-0.119507 0.023438 -0.078125 -0.232356 0.045569 -0.151898
-0.108521 0.031982 -0.069580 -0.210996 0.062183 -0.135284
-0.108765 0.040161 -0.048218 -0.211470 0.078085 -0.093749
-0.115112 0.052856 -0.018433 -0.223812 0.102768 -0.035838
-0.117310 0.067505 0.006836 -0.228084 0.131249 0.013291
-0.103149 0.081665 0.022949 -0.200553 0.158781 0.044620
-0.081421 0.102295 0.032837 -0.158306 0.198891 0.063845
-0.060181 0.124878 0.025513 -0.117009 0.242799 0.049604
-0.054810 0.130005 -0.002686 -0.106566 0.252767 -0.005221
-0.072266 0.099365 -0.036987 -0.140505 0.193195 -0.071914
-0.098877 0.050537 -0.062134 -0.192246 0.098259 -0.120806
-0.122803 0.018921 -0.064819 -0.238764 0.036788 -0.126028
-0.139771 -0.007568 -0.054443 -0.271755 -0.014715 -0.105854
-0.145386 -0.032959 -0.054688 -0.282672 -0.064082 -0.106328
-0.156128 -0.038696 -0.060791 -0.303558 -0.075237 -0.118195
-0.166016 -0.029785 -0.061035 -0.322783 -0.057911 -0.118670
-0.155396 -0.014404 -0.060913 -0.302134 -0.028006 -0.118433
-0.130493 0.006592 -0.062500 -0.253717 0.012816 -0.121518
-0.117310 0.020630 -0.063721 -0.228084 0.040111 -0.123892
-0.118896 0.021851 -0.068359 -0.231169 0.042484 -0.132911
-0.123535 0.013794 -0.069458 -0.240188 0.026819 -0.135047
-0.128296 0.006348 -0.064819 -0.249445 0.012342 -0.126028
-0.129395 -0.000610 -0.065186 -0.251581 -0.001187 -0.126740
-0.128174 -0.003540 -0.065674 -0.249207 -0.006883 -0.127689
-0.128174 0.004150 -0.068848 -0.249207 0.008070 -0.133860
-0.131226 0.012817 -0.076782 -0.255141 0.024921 -0.149287
-0.122559 0.023926 -0.092896 -0.238290 0.046519 -0.180616
-0.114746 0.026978 -0.108521 -0.223100 0.052452 -0.210996
-0.121094 0.016113 -0.109131 -0.235442 0.031329 -0.212182
-0.131470 0.008057 -0.105469 -0.255615 0.015664 -0.205062
-0.138916 -0.008423 -0.100952 -0.270093 -0.016376 -0.196280
-0.184326 -0.039551 -0.091553 -0.358384 -0.076898 -0.178005
-0.180908 -0.017578 -0.093384 -0.351738 -0.034177 -0.181565
-0.134644 0.022583 -0.094238 -0.261786 0.043908 -0.183227
-0.120483 0.015991 -0.086060 -0.234255 0.031092 -0.167325
-0.143188 -0.020874 -0.088623 -0.278400 -0.040585 -0.172309
-0.170898 -0.043701 -0.092529 -0.332276 -0.084968 -0.179904
-0.183960 -0.057251 -0.087280 -0.357672 -0.111313 -0.169698
-0.182251 -0.062256 -0.073364 -0.354349 -0.121044 -0.142642
-0.171997 -0.054688 -0.064087 -0.334412 -0.106328 -0.124604
-0.161499 -0.041992 -0.062500 -0.314001 -0.081645 -0.121518
-0.152588 -0.030762 -0.060913 -0.296675 -0.059810 -0.118433
-0.144531 -0.023438 -0.061646 -0.281011 -0.045569 -0.119857
-0.135742 -0.018188 -0.069336 -0.263922 -0.035364 -0.134809
-0.126831 -0.017334 -0.071655 -0.246597 -0.033702 -0.139319
-0.120972 -0.020874 -0.065552 -0.235204 -0.040585 -0.127452
-0.119385 -0.022949 -0.060059 -0.232119 -0.044620 -0.116771
-0.122192 -0.022949 -0.058594 -0.237578 -0.044620 -0.113923
-0.130615 -0.026123 -0.056274 -0.253954 -0.050791 -0.109414
-0.129761 -0.023071 -0.050659 -0.252293 -0.044857 -0.098496
-0.118896 -0.016357 -0.052734 -0.231169 -0.031804 -0.102531
-0.109375 -0.008423 -0.061523 -0.212657 -0.016376 -0.119620
-0.102905 0.002563 -0.072144 -0.200078 0.004984 -0.140268
-0.100830 0.009521 -0.076538 -0.196043 0.018513 -0.148812
-0.104004 0.011230 -0.072510 -0.202214 0.021835 -0.140980
-0.108154 0.015259 -0.069458 -0.210283 0.029668 -0.135047
-0.117432 0.012939 -0.074463 -0.228321 0.025158 -0.144778
-0.121460 0.012085 -0.079102 -0.236154 0.023497 -0.153797
-0.119507 0.020142 -0.082275 -0.232356 0.039161 -0.159967
-0.115479 0.025391 -0.084717 -0.224524 0.049367 -0.164714
-0.116089 0.022461 -0.085327 -0.225711 0.043671 -0.165901
-0.119507 0.012329 -0.088013 -0.232356 0.023971 -0.171122
