-0.019165 0.148682 -0.025757 -0.037262 0.289080 -0.050079
-0.029175 0.171631 -0.050537 -0.056724 0.333700 -0.098259
-0.083130 0.200562 -0.062134 -0.161629 0.389950 -0.120806
-0.152710 0.148682 -0.088257 -0.296913 0.289080 -0.171597
-0.181030 0.096802 -0.169800 -0.351976 0.188211 -0.330140
-0.177612 0.105103 -0.218018 -0.345330 0.204350 -0.423890
-0.158813 0.084961 -0.185669 -0.308780 0.165189 -0.360995
-0.137817 0.072510 -0.146484 -0.267957 0.140980 -0.284808
-0.122681 0.061401 -0.119751 -0.238527 0.119382 -0.232831
-0.136841 0.040771 -0.097412 -0.266058 0.079272 -0.189398
-0.138794 0.010620 -0.067749 -0.269856 0.020649 -0.131724
-0.113403 0.006226 -0.041748 -0.220489 0.012104 -0.081170
-0.086426 0.021484 -0.028076 -0.168037 0.041772 -0.054588
-0.066772 0.041382 -0.017090 -0.129825 0.080458 -0.033228
-0.057739 0.055176 -0.008911 -0.112262 0.107278 -0.017326
-0.052612 0.060303 -0.010254 -0.102294 0.117246 -0.019937
-0.046509 0.070679 -0.017944 -0.090427 0.137420 -0.034889
-0.051025 0.078491 -0.026855 -0.099208 0.152610 -0.052215
-0.061768 0.086060 -0.030518 -0.120094 0.167325 -0.059335
-0.070923 0.083984 -0.033569 -0.137895 0.163290 -0.065269
-0.081055 0.071289 -0.029053 -0.157594 0.138607 -0.056487
-0.092773 0.058228 -0.024170 -0.180379 0.113211 -0.046993
-0.101074 0.040283 -0.022217 -0.196518 0.078322 -0.043196
-0.107788 0.017700 -0.024780 -0.209571 0.034414 -0.048180
-0.110229 0.016113 -0.037720 -0.214318 0.031329 -0.073338
-0.112671 0.020142 -0.048096 -0.219065 0.039161 -0.093512
-0.120972 0.021240 -0.056641 -0.235204 0.041297 -0.110126
-0.126709 0.035156 -0.064819 -0.246359 0.068354 -0.126028
-0.133057 0.047729 -0.075073 -0.258701 0.092800 -0.145964
-0.142456 0.053955 -0.077271 -0.276976 0.104904 -0.150236
-0.159790 0.046021 -0.075195 -0.310678 0.089477 -0.146202
-0.169434 0.047119 -0.078125 -0.329428 0.091613 -0.151898
-0.173828 0.052856 -0.085449 -0.337973 0.102768 -0.166138
-0.184692 0.048340 -0.084961 -0.359096 0.093987 -0.165189
-0.193726 0.043457 -0.079224 -0.376659 0.084493 -0.154034
-0.206055 0.039063 -0.081177 -0.400630 0.075949 -0.157831
-0.219360 0.037720 -0.088989 -0.426500 0.073338 -0.173021
-0.227295 0.044556 -0.095703 -0.441928 0.086629 -0.186075
-0.231201 0.050415 -0.099976 -0.449522 0.098022 -0.194382
-0.230347 0.040039 -0.099854 -0.447861 0.077848 -0.194144
-0.232056 0.030396 -0.094849 -0.451184 0.059098 -0.184413
-0.235474 0.029785 -0.083496 -0.457829 0.057911 -0.162341
-0.233887 0.036621 -0.071899 -0.454744 0.071202 -0.139793
-0.228149 0.049194 -0.064331 -0.443589 0.095648 -0.125078
-0.227905 0.054199 -0.057739 -0.443114 0.105379 -0.112262
-0.229736 0.061035 -0.053223 -0.446674 0.118670 -0.103480
-0.232056 0.072876 -0.056641 -0.451184 0.141692 -0.110126
-0.246582 0.094238 -0.068237 -0.479427 0.183227 -0.132673
-0.254883 0.072876 -0.078613 -0.495567 0.141692 -0.152847
-0.251221 0.059204 -0.091064 -0.488446 0.115110 -0.177056
-0.255371 0.051880 -0.097412 -0.496516 0.100870 -0.189398
-0.266602 0.039917 -0.093872 -0.518351 0.077610 -0.182515
-0.264038 0.029175 -0.085693 -0.513367 0.056724 -0.166613
-0.256348 0.024536 -0.076538 -0.498415 0.047705 -0.148812
-0.248657 0.034546 -0.067871 -0.483462 0.067167 -0.131961
-0.235596 0.047119 -0.063110 -0.458067 0.091613 -0.122705
-0.219849 0.055298 -0.060181 -0.427450 0.107515 -0.117009
-0.206055 0.066772 -0.060425 -0.400630 0.129825 -0.117483
-0.193359 0.081665 -0.064819 -0.375947 0.158781 -0.126028
-0.182007 0.097290 -0.061279 -0.353874 0.189160 -0.119145
-0.174805 0.106079 -0.048828 -0.339871 0.206249 -0.094936
-0.194092 0.082642 -0.043579 -0.377371 0.160679 -0.084730
-0.230957 0.057373 -0.044312 -0.449048 0.111550 -0.086155
-0.250122 0.078491 -0.059692 -0.486310 0.152610 -0.116059
-0.242798 0.085693 -0.081177 -0.472070 0.166613 -0.157831
-0.238281 0.073608 -0.108032 -0.463288 0.143116 -0.210046
-0.253296 0.046387 -0.129883 -0.492481 0.090189 -0.252530
-0.263184 0.015625 -0.150024 -0.511706 0.030380 -0.291691
-0.265137 -0.008667 -0.153687 -0.515503 -0.016851 -0.298811
-0.261353 -0.007324 -0.148926 -0.508146 -0.014240 -0.289555
-0.261841 0.006348 -0.130371 -0.509095 0.012342 -0.253479
-0.262451 0.023926 -0.104370 -0.510282 0.046519 -0.202926
-0.257568 0.037964 -0.081543 -0.500788 0.073813 -0.158543
-0.249512 0.056396 -0.068726 -0.485124 0.109651 -0.133623
-0.247559 0.077515 -0.075439 -0.481326 0.150711 -0.146676
-0.256714 0.068848 -0.092773 -0.499127 0.133860 -0.180379
-0.260132 0.020874 -0.114258 -0.505772 0.040585 -0.222151
-0.266968 -0.007324 -0.121582 -0.519063 -0.014240 -0.236391
-0.245972 0.011841 -0.105591 -0.478241 0.023022 -0.205299
-0.216431 0.032837 -0.092896 -0.420804 0.063845 -0.180616
-0.211548 0.032837 -0.069946 -0.411311 0.063845 -0.135996
-0.211060 0.047974 -0.050049 -0.410361 0.093275 -0.097310
-0.201416 0.078857 -0.051880 -0.391611 0.153322 -0.100870
-0.188721 0.085327 -0.066406 -0.366928 0.165901 -0.129113
-0.182251 0.072510 -0.086060 -0.354349 0.140980 -0.167325
-0.176636 0.050659 -0.111816 -0.343431 0.098496 -0.217404
-0.172852 0.040649 -0.127808 -0.336074 0.079034 -0.248495
-0.168457 0.043945 -0.128906 -0.327530 0.085443 -0.250631
-0.166748 0.057983 -0.113525 -0.324207 0.112737 -0.220726
-0.172607 0.081177 -0.087769 -0.335599 0.157831 -0.170648
-0.177979 0.098755 -0.064941 -0.346042 0.192008 -0.126265
-0.172607 0.113892 -0.053589 -0.335599 0.221438 -0.104192
-0.163818 0.136475 -0.061768 -0.318511 0.265346 -0.120094
-0.154297 0.154663 -0.080200 -0.299998 0.300710 -0.155933
-0.153442 0.137329 -0.109131 -0.298337 0.267008 -0.212182
-0.171875 0.094849 -0.127686 -0.334175 0.184413 -0.248258
-0.180054 0.067505 -0.138062 -0.350077 0.131249 -0.268432
-0.178833 0.049561 -0.135620 -0.347704 0.096360 -0.263685
-0.177490 0.024048 -0.123169 -0.345093 0.046756 -0.239476
-0.181152 0.002319 -0.106567 -0.352213 0.004509 -0.207198
-0.178101 -0.006470 -0.090088 -0.346279 -0.012579 -0.175157
-0.166870 -0.001343 -0.080566 -0.324444 -0.002611 -0.156645
-0.153320 -0.000366 -0.085205 -0.298099 -0.000712 -0.165664
-0.141357 0.012573 -0.078979 -0.274840 0.024446 -0.153559
-0.125000 0.031006 -0.067383 -0.243036 0.060284 -0.131012
-0.112549 0.052002 -0.056885 -0.218828 0.101107 -0.110601
-0.111206 0.071655 -0.046753 -0.216217 0.139319 -0.090901
-0.105713 0.103516 -0.036011 -0.205537 0.201265 -0.070015
-0.091187 0.132080 -0.026855 -0.177293 0.256802 -0.052215
-0.081909 0.150757 -0.018799 -0.159255 0.293115 -0.036550
-0.079834 0.164307 -0.018799 -0.155221 0.319460 -0.036550
-0.084229 0.168823 -0.025635 -0.163765 0.328242 -0.049841
-0.091064 0.166870 -0.039185 -0.177056 0.324444 -0.076186
-0.105957 0.156128 -0.053955 -0.206011 0.303558 -0.104904
-0.127441 0.128540 -0.065796 -0.247783 0.249919 -0.127926
-0.143799 0.094727 -0.075073 -0.279587 0.184176 -0.145964
-0.153809 0.059204 -0.081177 -0.299049 0.115110 -0.157831
-0.161621 0.034424 -0.080566 -0.314239 0.066930 -0.156645
-0.162598 0.024414 -0.081177 -0.316137 0.047468 -0.157831
-0.156860 0.022461 -0.082886 -0.304982 0.043671 -0.161154
-0.151489 0.023071 -0.084473 -0.294539 0.044857 -0.164239
-0.144775 0.022949 -0.081787 -0.281486 0.044620 -0.159018
-0.135132 0.026611 -0.074585 -0.262736 0.051740 -0.145015
-0.126831 0.028931 -0.066406 -0.246597 0.056250 -0.129113
-0.115967 0.026001 -0.054932 -0.225473 0.050553 -0.106803
-0.106079 0.020386 -0.039185 -0.206249 0.039636 -0.076186
-0.101563 0.021851 -0.030884 -0.197467 0.042484 -0.060047
-0.094238 0.027954 -0.028198 -0.183227 0.054351 -0.054826
-0.094238 0.029785 -0.028564 -0.183227 0.057911 -0.055538
-0.099976 0.020630 -0.031738 -0.194382 0.040111 -0.061708
-0.107178 0.005127 -0.037842 -0.208385 0.009968 -0.073575
-0.107300 -0.005371 -0.043335 -0.208622 -0.010443 -0.084256
-0.100952 -0.008911 -0.041382 -0.196280 -0.017326 -0.080458
-0.094971 -0.005981 -0.033081 -0.184651 -0.011630 -0.064319
-0.094727 -0.002686 -0.025269 -0.184176 -0.005221 -0.049129
-0.083862 0.004272 -0.020508 -0.163053 0.008307 -0.039873
-0.073486 0.007202 -0.018555 -0.142879 0.014003 -0.036076
-0.070313 0.008301 -0.022217 -0.136708 0.016139 -0.043196
-0.071655 0.009888 -0.030029 -0.139319 0.019225 -0.058386
-0.075684 0.011841 -0.039795 -0.147151 0.023022 -0.077373
-0.077148 0.008911 -0.044434 -0.149999 0.017326 -0.086392
-0.082642 -0.000244 -0.048462 -0.160679 -0.000475 -0.094224
-0.085938 -0.009888 -0.054077 -0.167088 -0.019225 -0.105142
-0.076172 -0.010010 -0.054932 -0.148100 -0.019462 -0.106803
-0.061523 -0.002197 -0.052124 -0.119620 -0.004272 -0.101344
-0.053467 0.000610 -0.045532 -0.103955 0.001187 -0.088528
-0.049927 0.004395 -0.037842 -0.097072 0.008544 -0.073575
-0.049072 0.009766 -0.032593 -0.095411 0.018987 -0.063370
-0.054932 0.011230 -0.031616 -0.106803 0.021835 -0.061471
-0.064209 0.004517 -0.030518 -0.124841 0.008782 -0.059335
