0.112549 0.092651 -0.055908 0.218828 0.180141 -0.108702
-0.104492 0.075806 -0.152710 -0.203163 0.147388 -0.296913
-0.365479 0.027100 -0.196167 -0.710597 0.052690 -0.381406
-0.386841 -0.075684 -0.192749 -0.752131 -0.147151 -0.374760
-0.244141 -0.041382 -0.182373 -0.474681 -0.080458 -0.354586
-0.124634 -0.020996 -0.184448 -0.242324 -0.040823 -0.358621
-0.011230 0.034546 -0.178833 -0.021835 0.067167 -0.347704
-0.013672 0.063599 -0.208252 -0.026582 0.123654 -0.404903
-0.093750 0.051758 -0.236694 -0.182277 0.100632 -0.460203
-0.139160 0.008789 -0.212280 -0.270568 0.017089 -0.412735
-0.087158 0.095703 -0.190063 -0.169461 0.186075 -0.369539
0.006348 0.080322 -0.261108 0.012342 0.156170 -0.507671
0.134521 0.012207 -0.161499 0.261549 0.023734 -0.314001
0.143066 0.013184 -0.037720 0.278163 0.025633 -0.073338
0.073120 0.011963 0.016235 0.142167 0.023259 0.031566
0.010376 -0.000488 0.055786 0.020174 -0.000949 0.108465
-0.001709 0.002319 0.067871 -0.003323 0.004509 0.131961
0.040405 0.022705 0.074951 0.078560 0.044145 0.145727
0.119263 0.026123 0.078369 0.231881 0.050791 0.152372
0.175659 0.031738 0.059448 0.341533 0.061708 0.115585
0.118286 0.061768 -0.007935 0.229983 0.120094 -0.015427
-0.011230 0.070190 -0.089600 -0.021835 0.136471 -0.174208
-0.161255 0.045776 -0.153198 -0.313527 0.089003 -0.297862
-0.317139 -0.025146 -0.189697 -0.616610 -0.048892 -0.368827
-0.460327 -0.113159 -0.218384 -0.895010 -0.220014 -0.424602
-0.554810 -0.209717 -0.267456 -1.078712 -0.407751 -0.520013
-0.617065 -0.291626 -0.314941 -1.199755 -0.567006 -0.612338
-0.678711 -0.322632 -0.335693 -1.319612 -0.627290 -0.652686
-0.726563 -0.312500 -0.335205 -1.412649 -0.607591 -0.651736
-0.742188 -0.266235 -0.315430 -1.443029 -0.517639 -0.613287
-0.716675 -0.180298 -0.270752 -1.393425 -0.350552 -0.526421
-0.699585 -0.095703 -0.191528 -1.360197 -0.186075 -0.372387
-0.757690 -0.049927 -0.092041 -1.473171 -0.097072 -0.178955
-0.904663 -0.078125 -0.039063 -1.758929 -0.151898 -0.075949
-1.062866 -0.160156 -0.084717 -2.066522 -0.311390 -0.164714
-1.168335 -0.259033 -0.238159 -2.271584 -0.503636 -0.463051
-1.194336 -0.312378 -0.426392 -2.322137 -0.607354 -0.829030
-1.136475 -0.372070 -0.552490 -2.209638 -0.723413 -1.074202
-1.094727 -0.397095 -0.564697 -2.128468 -0.772068 -1.097936
-1.118286 -0.308228 -0.484741 -2.174274 -0.599284 -0.942478
-1.180542 -0.404663 -0.491089 -2.295318 -0.786783 -0.954820
-1.645508 -0.706299 -0.571289 -3.199347 -1.373251 -1.110753
-2.214233 -0.718628 -0.562500 -4.305115 -1.397222 -1.093664
-2.434082 -0.658569 -0.563110 -4.732565 -1.280451 -1.094851
-1.850220 -0.677002 -0.301025 -3.597367 -1.316289 -0.585281
-1.058716 -0.252197 -0.061890 -2.058452 -0.490345 -0.120332
-0.664917 -0.037476 -0.070923 -1.292793 -0.072863 -0.137895
-0.662964 -0.122070 -0.076660 -1.288995 -0.237340 -0.149050
-0.740845 -0.283081 -0.108398 -1.440418 -0.550392 -0.210758
-0.754761 -0.416138 -0.142212 -1.467475 -0.809093 -0.276501
-0.675171 -0.461182 -0.157471 -1.312729 -0.896672 -0.306169
-0.504028 -0.399292 -0.145996 -0.979978 -0.776340 -0.283859
-0.312744 -0.266479 -0.117310 -0.608066 -0.518114 -0.228084
-0.168945 -0.126465 -0.053223 -0.328479 -0.245885 -0.103480
-0.043823 0.023193 -0.016357 -0.085205 0.045095 -0.031804
0.008667 0.135498 0.001587 0.016851 0.263448 0.003085
0.004395 0.190308 0.029419 0.008544 0.370014 0.057199
0.002930 0.239258 0.029541 0.005696 0.465187 0.057436
0.039307 0.311279 0.012329 0.076424 0.605218 0.023971
0.046997 0.370728 0.011841 0.091376 0.720802 0.023022
0.030884 0.370972 0.008423 0.060047 0.721277 0.016376
-0.092041 0.204712 -0.002075 -0.178955 0.398020 -0.004035
-0.282959 -0.096558 0.005981 -0.550155 -0.187736 0.011630
-0.323853 -0.193970 -0.001587 -0.629664 -0.377134 -0.003085
-0.232300 -0.097656 -0.067017 -0.451659 -0.189872 -0.130300
-0.127319 0.036987 -0.123169 -0.247546 0.071914 -0.239476
-0.032227 0.150513 -0.121216 -0.062658 0.292641 -0.235679
0.038208 0.232544 -0.069336 0.074288 0.452133 -0.134809
0.081665 0.288940 -0.003296 0.158781 0.561784 -0.006408
0.124634 0.351196 0.051880 0.242324 0.682828 0.100870
0.153809 0.405396 0.071899 0.299049 0.788207 0.139793
0.164673 0.419556 0.062500 0.320172 0.815739 0.121518
0.150757 0.375854 0.048218 0.293115 0.730771 0.093749
0.105591 0.276733 0.018555 0.205299 0.538050 0.036076
0.038208 0.204590 -0.018433 0.074288 0.397782 -0.035838
-0.063354 0.119751 -0.001465 -0.123180 0.232831 -0.002848
-0.056274 0.054321 0.037720 -0.109414 0.105616 0.073338
0.067139 0.092041 0.074707 0.130537 0.178955 0.145252
0.188354 0.155396 0.113892 0.366216 0.302134 0.221438
0.215454 0.178833 0.130615 0.418906 0.347704 0.253954
0.193604 0.187012 0.137451 0.376422 0.363605 0.267245
0.155151 0.221680 0.130493 0.301659 0.431010 0.253717
0.098022 0.242310 0.099365 0.190584 0.471120 0.193195
0.049316 0.220337 0.046753 0.095885 0.428399 0.090901
0.016602 0.162720 -0.002930 0.032278 0.316375 -0.005696
-0.000977 0.104370 -0.041626 -0.001899 0.202926 -0.080933
-0.003662 0.079956 -0.076416 -0.007120 0.155458 -0.148575
0.002930 0.080811 -0.091919 0.005696 0.157119 -0.178717
0.011719 0.078735 -0.079224 0.022785 0.153084 -0.154034
0.026733 0.086548 -0.038452 0.051978 0.168274 -0.074762
0.045410 0.109497 0.004761 0.088291 0.212894 0.009256
0.063843 0.147827 0.031982 0.124129 0.287419 0.062183
0.075806 0.179932 0.044434 0.147388 0.349840 0.086392
0.078125 0.190308 0.047485 0.151898 0.370014 0.092325
0.061768 0.170288 0.041016 0.120094 0.331090 0.079746
0.035034 0.120483 0.012451 0.068117 0.234255 0.024209
-0.003174 0.046387 -0.020386 -0.006171 0.090189 -0.039636
-0.034790 -0.035400 -0.044800 -0.067642 -0.068829 -0.087104
-0.040649 -0.087646 -0.051880 -0.079034 -0.170410 -0.100870
-0.029053 -0.116821 -0.043579 -0.056487 -0.227135 -0.084730
-0.011230 -0.125000 -0.027710 -0.021835 -0.243036 -0.053876
-0.006226 -0.111206 -0.014404 -0.012104 -0.216217 -0.028006
-0.017578 -0.091553 -0.010498 -0.034177 -0.178005 -0.020411
-0.032959 -0.077637 -0.001709 -0.064082 -0.150948 -0.003323
-0.036987 -0.060303 0.009277 -0.071914 -0.117246 0.018038
-0.029907 -0.038452 0.010620 -0.058148 -0.074762 0.020649
-0.026733 -0.022095 0.004028 -0.051978 -0.042959 0.007832
-0.028076 -0.023071 -0.006836 -0.054588 -0.044857 -0.013291
-0.029785 -0.027710 -0.014404 -0.057911 -0.053876 -0.028006
-0.034546 -0.033203 -0.019775 -0.067167 -0.064557 -0.038449
-0.033691 -0.038330 -0.029541 -0.065506 -0.074525 -0.057436
-0.021729 -0.044922 -0.033936 -0.042247 -0.087341 -0.065981
-0.008911 -0.042725 -0.027832 -0.017326 -0.083069 -0.054114
-0.005981 -0.031006 -0.020630 -0.011630 -0.060284 -0.040111
-0.011963 -0.026733 -0.017578 -0.023259 -0.051978 -0.034177
-0.018433 -0.028198 -0.013916 -0.035838 -0.054826 -0.027057
-0.024414 -0.033203 -0.011108 -0.047468 -0.064557 -0.021598
-0.023315 -0.033447 -0.013062 -0.045332 -0.065031 -0.025395
-0.017822 -0.037109 -0.020508 -0.034652 -0.072151 -0.039873
-0.015991 -0.042358 -0.029419 -0.031092 -0.082357 -0.057199
-0.017700 -0.052246 -0.035767 -0.034414 -0.101582 -0.069541
-0.022095 -0.054565 -0.037720 -0.042959 -0.106091 -0.073338
-0.024658 -0.051636 -0.032837 -0.047943 -0.100395 -0.063845
-0.025391 -0.047974 -0.026489 -0.049367 -0.093275 -0.051503
-0.026123 -0.039063 -0.024780 -0.050791 -0.075949 -0.048180
-0.028320 -0.035400 -0.021606 -0.055063 -0.068829 -0.042009
-0.023560 -0.027222 -0.021729 -0.045807 -0.052927 -0.042247
-0.020508 -0.021973 -0.018921 -0.039873 -0.042721 -0.036788
-0.022705 -0.024780 -0.014404 -0.044145 -0.048180 -0.028006
-0.025391 -0.024658 -0.018066 -0.049367 -0.047943 -0.035126
-0.021484 -0.023315 -0.026611 -0.041772 -0.045332 -0.051740
-0.016479 -0.023071 -0.032349 -0.032041 -0.044857 -0.062895
-0.013428 -0.025513 -0.032959 -0.026107 -0.049604 -0.064082
-0.012451 -0.024292 -0.030884 -0.024209 -0.047231 -0.060047
-0.011230 -0.021606 -0.028442 -0.021835 -0.042009 -0.055300
-0.011841 -0.020996 -0.032227 -0.023022 -0.040823 -0.062658
-0.018677 -0.021851 -0.037476 -0.036313 -0.042484 -0.072863
-0.025024 -0.022705 -0.036865 -0.048655 -0.044145 -0.071677
-0.023193 -0.022461 -0.032837 -0.045095 -0.043671 -0.063845
-0.015747 -0.021851 -0.028809 -0.030617 -0.042484 -0.056012
-0.015869 -0.023926 -0.027832 -0.030854 -0.046519 -0.054114
-0.025024 -0.030151 -0.028809 -0.048655 -0.058623 -0.056012
-0.033691 -0.042114 -0.030029 -0.065506 -0.081882 -0.058386
-0.035645 -0.047974 -0.026001 -0.069303 -0.093275 -0.050553
-0.025635 -0.041870 -0.020386 -0.049841 -0.081408 -0.039636
-0.018799 -0.035522 -0.016724 -0.036550 -0.069066 -0.032516
-0.031250 -0.039795 -0.017578 -0.060759 -0.077373 -0.034177
-0.049805 -0.053223 -0.020142 -0.096835 -0.103480 -0.039161
-0.056763 -0.061279 -0.022827 -0.110363 -0.119145 -0.044383
-0.051392 -0.057129 -0.024902 -0.099920 -0.111075 -0.048417
