-0.396606 -0.130737 0.116821 -0.771119 -0.254191 0.227135
-0.330933 -0.056152 0.045776 -0.643430 -0.109177 0.089003
-0.267334 0.043335 -0.010376 -0.519775 0.084256 -0.020174
-0.223877 0.060669 -0.039185 -0.435282 0.117958 -0.076186
-0.120728 0.087158 -0.063477 -0.234730 0.169461 -0.123417
-0.069580 0.097534 -0.068359 -0.135284 0.189635 -0.132911
-0.050171 0.106079 -0.066895 -0.097547 0.206249 -0.130062
-0.051270 0.107056 -0.066528 -0.099683 0.208147 -0.129350
-0.063721 0.091797 -0.060547 -0.123892 0.178480 -0.117721
-0.062866 0.093506 -0.052246 -0.122230 0.181803 -0.101582
-0.049683 0.098755 -0.044189 -0.096597 0.192008 -0.085917
-0.045166 0.083496 -0.036743 -0.087816 0.162341 -0.071439
-0.047607 0.057373 -0.039673 -0.092563 0.111550 -0.077136
-0.056641 0.037720 -0.048096 -0.110126 0.073338 -0.093512
-0.067749 0.030273 -0.058472 -0.131724 0.058860 -0.113686
-0.074585 0.023804 -0.064697 -0.145015 0.046281 -0.125790
-0.078491 0.011108 -0.066772 -0.152610 0.021598 -0.129825
-0.082764 0.000000 -0.067139 -0.160917 0.000000 -0.130537
-0.091797 -0.002808 -0.071289 -0.178480 -0.005459 -0.138607
-0.097046 0.000488 -0.071899 -0.188686 0.000949 -0.139793
-0.098877 0.007446 -0.066284 -0.192246 0.014478 -0.128876
-0.105103 0.006348 -0.060791 -0.204350 0.012342 -0.118195
-0.101563 -0.003662 -0.052856 -0.197467 -0.007120 -0.102768
-0.099365 -0.002319 -0.051636 -0.193195 -0.004509 -0.100395
-0.097412 0.001953 -0.055786 -0.189398 0.003797 -0.108465
-0.089722 0.010010 -0.056152 -0.174445 0.019462 -0.109177
-0.087036 0.022217 -0.054321 -0.169224 0.043196 -0.105616
-0.090332 0.024536 -0.054443 -0.175632 0.047705 -0.105854
-0.104248 0.010376 -0.062500 -0.202689 0.020174 -0.121518
-0.123169 -0.004517 -0.069946 -0.239476 -0.008782 -0.135996
-0.126221 -0.007324 -0.076294 -0.245410 -0.014240 -0.148338
-0.118652 0.003784 -0.081421 -0.230695 0.007358 -0.158306
-0.121338 0.004150 -0.078735 -0.235916 0.008070 -0.153084
-0.136963 -0.022705 -0.071289 -0.266296 -0.044145 -0.138607
-0.152222 -0.048706 -0.074707 -0.295963 -0.094699 -0.145252
-0.159912 -0.050659 -0.083008 -0.310916 -0.098496 -0.161391
-0.157593 -0.038696 -0.087524 -0.306406 -0.075237 -0.170173
-0.156860 -0.033936 -0.095825 -0.304982 -0.065981 -0.186312
-0.159790 -0.039673 -0.104736 -0.310678 -0.077136 -0.203638
-0.161865 -0.039795 -0.117310 -0.314713 -0.077373 -0.228084
-0.153687 -0.019531 -0.127808 -0.298811 -0.037974 -0.248495
-0.139160 0.000977 -0.141235 -0.270568 0.001899 -0.274603
-0.136230 0.002930 -0.144165 -0.264872 0.005696 -0.280299
-0.138794 0.000854 -0.141968 -0.269856 0.001661 -0.276027
-0.150146 -0.012451 -0.135864 -0.291929 -0.024209 -0.264160
-0.160522 -0.035522 -0.123169 -0.312102 -0.069066 -0.239476
-0.173828 -0.058716 -0.121582 -0.337973 -0.114161 -0.236391
-0.185669 -0.075928 -0.125732 -0.360995 -0.147626 -0.244460
-0.189819 -0.078613 -0.124878 -0.369064 -0.152847 -0.242799
-0.187500 -0.075928 -0.125000 -0.364555 -0.147626 -0.243036
-0.181885 -0.073608 -0.127319 -0.353637 -0.143116 -0.247546
-0.170776 -0.068970 -0.138672 -0.332039 -0.134097 -0.269619
-0.160767 -0.059204 -0.142334 -0.312577 -0.115110 -0.276739
-0.151489 -0.056519 -0.139282 -0.294539 -0.109889 -0.270805
-0.147461 -0.051636 -0.127930 -0.286707 -0.100395 -0.248733
-0.149658 -0.048828 -0.116577 -0.290979 -0.094936 -0.226660
-0.153931 -0.050659 -0.103394 -0.299286 -0.098496 -0.201027
-0.153198 -0.041504 -0.094849 -0.297862 -0.080696 -0.184413
-0.148682 -0.021973 -0.093140 -0.289080 -0.042721 -0.181091
-0.141968 -0.005859 -0.100098 -0.276027 -0.011392 -0.194619
-0.133667 0.003418 -0.110840 -0.259888 0.006646 -0.215505
-0.138794 -0.001953 -0.118164 -0.269856 -0.003797 -0.229745
-0.147583 -0.017456 -0.121582 -0.286944 -0.033940 -0.236391
-0.149902 -0.043213 -0.124268 -0.291454 -0.084018 -0.241612
-0.152588 -0.067017 -0.124390 -0.296675 -0.130300 -0.241850
-0.156006 -0.073486 -0.114136 -0.303321 -0.142879 -0.221913
-0.164673 -0.068970 -0.101685 -0.320172 -0.134097 -0.197704
-0.169312 -0.060059 -0.088135 -0.329191 -0.116771 -0.171360
-0.167480 -0.048218 -0.074829 -0.325631 -0.093749 -0.145490
-0.154053 -0.026489 -0.071655 -0.299523 -0.051503 -0.139319
-0.143188 -0.013184 -0.077881 -0.278400 -0.025633 -0.151423
-0.145874 -0.010498 -0.079224 -0.283622 -0.020411 -0.154034
-0.157593 -0.017456 -0.083252 -0.306406 -0.033940 -0.161866
-0.166992 -0.028564 -0.097290 -0.324682 -0.055538 -0.189160
-0.168091 -0.028320 -0.105591 -0.326818 -0.055063 -0.205299
-0.170044 -0.027222 -0.104370 -0.330615 -0.052927 -0.202926
-0.174072 -0.032837 -0.101563 -0.338447 -0.063845 -0.197467
-0.178467 -0.035156 -0.101685 -0.346992 -0.068354 -0.197704
-0.183594 -0.037842 -0.111694 -0.356960 -0.073575 -0.217166
-0.183594 -0.032593 -0.119019 -0.356960 -0.063370 -0.231407
-0.174683 -0.015869 -0.122192 -0.339634 -0.030854 -0.237578
-0.167480 0.000244 -0.122070 -0.325631 0.000475 -0.237340
-0.168701 0.016235 -0.117188 -0.328004 0.031566 -0.227847
-0.169556 0.026489 -0.118530 -0.329666 0.051503 -0.230457
-0.171387 0.024048 -0.119507 -0.333226 0.046756 -0.232356
-0.172363 0.011963 -0.131592 -0.335124 0.023259 -0.255853
-0.179199 -0.001221 -0.145020 -0.348416 -0.002373 -0.281960
-0.188843 -0.010010 -0.147461 -0.367165 -0.019462 -0.286707
-0.194580 -0.009399 -0.140015 -0.378320 -0.018275 -0.272229
-0.195557 -0.011108 -0.129639 -0.380219 -0.021598 -0.252055
-0.195190 -0.016602 -0.119507 -0.379507 -0.032278 -0.232356
-0.193726 -0.015137 -0.102173 -0.376659 -0.029430 -0.198654
-0.187866 -0.008789 -0.092529 -0.365267 -0.017089 -0.179904
-0.176514 0.000854 -0.094360 -0.343194 0.001661 -0.183464
-0.171997 0.002808 -0.094482 -0.334412 0.005459 -0.183701
-0.180420 -0.000122 -0.095337 -0.350789 -0.000237 -0.185363
-0.185059 0.007080 -0.097656 -0.359808 0.013766 -0.189872
-0.183838 0.021606 -0.105591 -0.357434 0.042009 -0.205299
-0.175171 0.034058 -0.122559 -0.340583 0.066218 -0.238290
-0.163940 0.042603 -0.136719 -0.318748 0.082832 -0.265821
-0.161865 0.035400 -0.145630 -0.314713 0.068829 -0.283147
-0.168579 0.015503 -0.138550 -0.327767 0.030142 -0.269381
-0.176147 -0.009155 -0.124390 -0.342482 -0.017801 -0.241850
-0.181396 -0.022949 -0.102783 -0.352688 -0.044620 -0.199841
-0.179932 -0.022583 -0.075073 -0.349840 -0.043908 -0.145964
-0.168945 -0.006104 -0.058105 -0.328479 -0.011867 -0.112974
-0.152954 0.017456 -0.054443 -0.297387 0.033940 -0.105854
-0.142090 0.036987 -0.060791 -0.276264 0.071914 -0.118195
-0.139160 0.056030 -0.083252 -0.270568 0.108939 -0.161866
-0.134644 0.058228 -0.112915 -0.261786 0.113211 -0.219540
-0.128174 0.046021 -0.124146 -0.249207 0.089477 -0.241375
-0.123657 0.031738 -0.122070 -0.240426 0.061708 -0.237340
-0.128906 0.019043 -0.114258 -0.250631 0.037025 -0.222151
-0.148560 -0.010254 -0.094971 -0.288843 -0.019937 -0.184651
-0.192017 -0.042236 -0.085938 -0.373336 -0.082120 -0.167088
-0.179688 -0.020752 -0.083130 -0.349365 -0.040348 -0.161629
-0.143799 0.007935 -0.066528 -0.279587 0.015427 -0.129350
-0.141602 0.010620 -0.055298 -0.275315 0.020649 -0.107515
-0.166016 0.004883 -0.055786 -0.322783 0.009494 -0.108465
-0.169922 0.008545 -0.072266 -0.330378 0.016614 -0.140505
-0.155396 0.008545 -0.095337 -0.302134 0.016614 -0.185363
-0.144653 -0.002075 -0.106689 -0.281248 -0.004035 -0.207435
-0.144653 -0.015259 -0.097412 -0.281248 -0.029668 -0.189398
-0.157959 -0.023560 -0.080078 -0.307118 -0.045807 -0.155695
-0.172119 -0.026489 -0.062622 -0.334650 -0.051503 -0.121756
-0.173828 -0.024292 -0.052246 -0.337973 -0.047231 -0.101582
-0.173828 -0.014771 -0.051514 -0.337973 -0.028718 -0.100158
-0.169434 -0.004517 -0.067017 -0.329428 -0.008782 -0.130300
-0.161255 -0.002319 -0.091553 -0.313527 -0.004509 -0.178005
-0.160034 -0.006104 -0.108643 -0.311153 -0.011867 -0.211233
-0.164185 -0.009888 -0.115112 -0.319223 -0.019225 -0.223812
-0.167969 -0.009277 -0.113770 -0.326580 -0.018038 -0.221201
-0.166504 0.002930 -0.106567 -0.323732 0.005696 -0.207198
-0.164795 0.018066 -0.096924 -0.320409 0.035126 -0.188448
-0.169800 0.023193 -0.090454 -0.330140 0.045095 -0.175869
-0.172729 0.028076 -0.096680 -0.335836 0.054588 -0.187973
-0.169312 0.026978 -0.119629 -0.329191 0.052452 -0.232593
-0.166016 0.016113 -0.140503 -0.322783 0.031329 -0.273179
-0.166626 0.005371 -0.144043 -0.323969 0.010443 -0.280062
-0.171631 -0.004028 -0.135620 -0.333700 -0.007832 -0.263685
-0.175049 -0.007813 -0.121338 -0.340346 -0.015190 -0.235916
-0.175049 -0.005737 -0.106812 -0.340346 -0.011155 -0.207673
-0.173828 -0.003052 -0.092041 -0.337973 -0.005934 -0.178955
-0.172485 0.004883 -0.080444 -0.335362 0.009494 -0.156407
-0.169189 0.011963 -0.080933 -0.328954 0.023259 -0.157357
-0.165405 0.028198 -0.088501 -0.321596 0.054826 -0.172072
-0.155762 0.039551 -0.095215 -0.302846 0.076898 -0.185125
-0.142334 0.038208 -0.107300 -0.276739 0.074288 -0.208622
-0.149048 0.007568 -0.107178 -0.289792 0.014715 -0.208385
-0.161377 -0.015869 -0.104370 -0.313764 -0.030854 -0.202926
