-0.377808 0.030396 0.029175 -0.734568 0.059098 0.056724
-0.507202 0.039917 0.017090 -0.986149 0.077610 0.033228
-0.639648 0.052856 -0.025757 -1.243663 0.102768 -0.050079
-0.626587 0.045654 -0.071655 -1.218268 0.088765 -0.139319
-0.468628 -0.024170 -0.081909 -0.911149 -0.046993 -0.159255
-0.285400 -0.002197 -0.054932 -0.554902 -0.004272 -0.106803
-0.164551 0.012451 -0.027832 -0.319935 0.024209 -0.054114
-0.098877 0.009155 -0.002441 -0.192246 0.017801 -0.004747
-0.078491 0.013428 0.019043 -0.152610 0.026107 0.037025
-0.049561 -0.007324 0.032104 -0.096360 -0.014240 0.062420
-0.035034 -0.020142 0.025757 -0.068117 -0.039161 0.050079
-0.045410 -0.010010 0.014893 -0.088291 -0.019462 0.028956
-0.067017 -0.029785 -0.000122 -0.130300 -0.057911 -0.000237
-0.072998 -0.013428 -0.015503 -0.141929 -0.026107 -0.030142
-0.053955 -0.008301 -0.008911 -0.104904 -0.016139 -0.017326
-0.025146 0.010742 0.001099 -0.048892 0.020886 0.002136
-0.015869 0.026489 0.003906 -0.030854 0.051503 0.007595
-0.021729 0.015381 -0.003540 -0.042247 0.029905 -0.006883
-0.034668 0.015625 -0.018799 -0.067405 0.030380 -0.036550
-0.039917 0.038696 -0.022095 -0.077610 0.075237 -0.042959
-0.043945 0.034546 -0.003540 -0.085443 0.067167 -0.006883
-0.051270 0.026367 0.007690 -0.099683 0.051266 0.014952
-0.053101 0.016479 0.006714 -0.103243 0.032041 0.013054
-0.047852 0.009521 -0.004028 -0.093037 0.018513 -0.007832
-0.042358 0.003052 -0.019287 -0.082357 0.005934 -0.037500
-0.045044 0.010010 -0.027710 -0.087579 0.019462 -0.053876
-0.053345 0.019409 -0.024658 -0.103718 0.037737 -0.047943
-0.052002 0.015625 -0.017334 -0.101107 0.030380 -0.033702
-0.037842 0.004883 -0.013672 -0.073575 0.009494 -0.026582
-0.030640 0.010010 -0.014893 -0.059572 0.019462 -0.028956
-0.038452 0.013672 -0.013428 -0.074762 0.026582 -0.026107
-0.040161 0.011230 -0.008789 -0.078085 0.021835 -0.017089
-0.033691 0.012085 -0.005737 -0.065506 0.023497 -0.011155
-0.020386 0.015381 -0.008911 -0.039636 0.029905 -0.017326
-0.017578 0.022949 -0.009155 -0.034177 0.044620 -0.017801
-0.030273 0.016479 -0.011108 -0.058860 0.032041 -0.021598
-0.033447 0.020996 -0.016602 -0.065031 0.040823 -0.032278
-0.025879 0.026001 -0.017212 -0.050316 0.050553 -0.033465
-0.020020 0.025269 -0.016602 -0.038924 0.049129 -0.032278
-0.023560 0.018311 -0.016846 -0.045807 0.035601 -0.032753
-0.034180 0.008301 -0.015381 -0.066455 0.016139 -0.029905
-0.040405 0.003540 -0.018188 -0.078560 0.006883 -0.035364
-0.040649 0.004761 -0.024414 -0.079034 0.009256 -0.047468
-0.039307 0.006958 -0.031006 -0.076424 0.013528 -0.060284
-0.032349 0.009155 -0.031738 -0.062895 0.017801 -0.061708
-0.024902 0.015015 -0.028442 -0.048417 0.029193 -0.055300
-0.023926 0.013916 -0.020996 -0.046519 0.027057 -0.040823
-0.027954 0.004761 -0.010254 -0.054351 0.009256 -0.019937
-0.032471 -0.004395 -0.000366 -0.063133 -0.008544 -0.000712
-0.031128 0.000488 0.003296 -0.060522 0.000949 0.006408
-0.029297 0.003906 -0.004150 -0.056962 0.007595 -0.008070
-0.025879 -0.006958 -0.015991 -0.050316 -0.013528 -0.031092
-0.031982 -0.012451 -0.023682 -0.062183 -0.024209 -0.046044
-0.036133 -0.009644 -0.030884 -0.070253 -0.018750 -0.060047
-0.036255 -0.016113 -0.033691 -0.070490 -0.031329 -0.065506
-0.033081 -0.018188 -0.029541 -0.064319 -0.035364 -0.057436
-0.031250 -0.007202 -0.023071 -0.060759 -0.014003 -0.044857
-0.026978 -0.001221 -0.017700 -0.052452 -0.002373 -0.034414
-0.021362 -0.000488 -0.013916 -0.041535 -0.000949 -0.027057
-0.016846 0.003174 -0.012573 -0.032753 0.006171 -0.024446
-0.011597 0.000732 -0.016846 -0.022547 0.001424 -0.032753
-0.010376 -0.004639 -0.020142 -0.020174 -0.009019 -0.039161
-0.012085 -0.006958 -0.019897 -0.023497 -0.013528 -0.038686
-0.005127 -0.003174 -0.018555 -0.009968 -0.006171 -0.036076
-0.001587 0.001587 -0.019531 -0.003085 0.003085 -0.037974
-0.004395 0.001831 -0.022461 -0.008544 0.003560 -0.043671
-0.015869 0.002686 -0.023071 -0.030854 0.005221 -0.044857
-0.021851 0.004639 -0.027344 -0.042484 0.009019 -0.053164
-0.024292 -0.005859 -0.032837 -0.047231 -0.011392 -0.063845
-0.029053 -0.016113 -0.037964 -0.056487 -0.031329 -0.073813
-0.028687 -0.012085 -0.036743 -0.055775 -0.023497 -0.071439
-0.030518 -0.006592 -0.031738 -0.059335 -0.012816 -0.061708
-0.021240 0.001343 -0.025391 -0.041297 0.002611 -0.049367
-0.011108 0.017822 -0.015747 -0.021598 0.034652 -0.030617
-0.010864 0.024414 -0.010742 -0.021123 0.047468 -0.020886
-0.014038 0.013184 -0.010986 -0.027294 0.025633 -0.021361
-0.016724 -0.004028 -0.016479 -0.032516 -0.007832 -0.032041
-0.024658 -0.008423 -0.024414 -0.047943 -0.016376 -0.047468
-0.030762 -0.004150 -0.027344 -0.059810 -0.008070 -0.053164
-0.031982 -0.001831 -0.025024 -0.062183 -0.003560 -0.048655
-0.029175 0.002319 -0.024048 -0.056724 0.004509 -0.046756
-0.026733 0.003784 -0.022339 -0.051978 0.007358 -0.043433
-0.023682 0.003662 -0.024414 -0.046044 0.007120 -0.047468
-0.022095 0.006470 -0.027710 -0.042959 0.012579 -0.053876
-0.019531 0.021851 -0.026611 -0.037974 0.042484 -0.051740
-0.014404 0.024902 -0.024048 -0.028006 0.048417 -0.046756
-0.016968 0.010742 -0.020874 -0.032990 0.020886 -0.040585
-0.027710 0.000610 -0.017456 -0.053876 0.001187 -0.033940
-0.029297 -0.001953 -0.013916 -0.056962 -0.003797 -0.027057
-0.025391 -0.001465 -0.013794 -0.049367 -0.002848 -0.026819
-0.020264 -0.002197 -0.018921 -0.039398 -0.004272 -0.036788
-0.013184 0.005737 -0.021240 -0.025633 0.011155 -0.041297
-0.011963 0.018433 -0.017822 -0.023259 0.035838 -0.034652
-0.011841 0.022827 -0.009399 -0.023022 0.044383 -0.018275
-0.014771 0.032227 -0.001953 -0.028718 0.062658 -0.003797
-0.011475 0.043945 0.000610 -0.022310 0.085443 0.001187
-0.006714 0.047241 0.001343 -0.013054 0.091851 0.002611
-0.009644 0.028809 -0.008667 -0.018750 0.056012 -0.016851
-0.034058 0.009277 -0.026001 -0.066218 0.018038 -0.050553
-0.065430 -0.001465 -0.036743 -0.127214 -0.002848 -0.071439
-0.070923 0.003662 -0.037842 -0.137895 0.007120 -0.073575
-0.074585 -0.002319 -0.034302 -0.145015 -0.004509 -0.066693
-0.072021 -0.017212 -0.032959 -0.140031 -0.033465 -0.064082
-0.074463 -0.008667 -0.042480 -0.144778 -0.016851 -0.082594
-0.087158 -0.008179 -0.050903 -0.169461 -0.015902 -0.098971
-0.102417 -0.007324 -0.046631 -0.199128 -0.014240 -0.090664
-0.122437 -0.004517 -0.031616 -0.238052 -0.008782 -0.061471
-0.137451 0.007324 -0.022217 -0.267245 0.014240 -0.043196
-0.146729 0.014160 -0.022583 -0.285283 0.027531 -0.043908
-0.174194 -0.000977 -0.033569 -0.338685 -0.001899 -0.065269
-0.221558 -0.028320 -0.051392 -0.430773 -0.055063 -0.099920
-0.286865 -0.063354 -0.080200 -0.557750 -0.123180 -0.155933
-0.330322 -0.093506 -0.114136 -0.642243 -0.181803 -0.221913
-0.348511 -0.092163 -0.135254 -0.677607 -0.179192 -0.262973
-0.360962 -0.066772 -0.142212 -0.701815 -0.129825 -0.276501
-0.380615 -0.034424 -0.149170 -0.740027 -0.066930 -0.290030
-0.410400 -0.012817 -0.158081 -0.797938 -0.024921 -0.307356
-0.431885 -0.009521 -0.155273 -0.839710 -0.018513 -0.301897
-0.453247 -0.027710 -0.137695 -0.881244 -0.053876 -0.267720
-0.467529 -0.042847 -0.108276 -0.909013 -0.083306 -0.210521
-0.478027 -0.045532 -0.062378 -0.929425 -0.088528 -0.121281
-0.500977 -0.023804 -0.001343 -0.974045 -0.046281 -0.002611
-0.511475 0.015747 0.053711 -0.994456 0.030617 0.104430
-0.496460 0.054810 0.090088 -0.965263 0.106566 0.175157
-0.477295 0.085693 0.099854 -0.928001 0.166613 0.194144
-0.474976 0.105835 0.088867 -0.923491 0.205774 0.172784
-0.495483 0.100098 0.047974 -0.963364 0.194619 0.093275
-0.530762 0.043335 -0.023315 -1.031956 0.084256 -0.045332
-0.552490 -0.035034 -0.105713 -1.074202 -0.068117 -0.205537
-0.595093 -0.103271 -0.154907 -1.157034 -0.200790 -0.301185
-0.612793 -0.155762 -0.154419 -1.191448 -0.302846 -0.300235
-0.607422 -0.187744 -0.127808 -1.181005 -0.365029 -0.248495
-0.589600 -0.170044 -0.093018 -1.146354 -0.330615 -0.180853
-0.571045 -0.128540 -0.049072 -1.110278 -0.249919 -0.095411
-0.554443 -0.089600 -0.008545 -1.078000 -0.174208 -0.016614
-0.484985 -0.024414 0.017578 -0.942953 -0.047468 0.034177
-0.392700 0.029907 0.026489 -0.763524 0.058148 0.051503
-0.319824 0.075439 0.024658 -0.621832 0.146676 0.047943
-0.250244 0.095703 0.031494 -0.486548 0.186075 0.061234
-0.297852 -0.004761 -0.008667 -0.579110 -0.009256 -0.016851
-0.474609 -0.150024 -0.021362 -0.922779 -0.291691 -0.041535
-0.503418 -0.183716 0.000854 -0.978791 -0.357197 0.001661
-0.485229 -0.132202 -0.027222 -0.943428 -0.257040 -0.052927
-0.479126 -0.089111 -0.038818 -0.931561 -0.173258 -0.075474
-0.460693 -0.078003 -0.006714 -0.895722 -0.151660 -0.013054
-0.443359 -0.075195 0.001709 -0.862020 -0.146202 0.003323
-0.421021 -0.091187 0.002930 -0.818587 -0.177293 0.005696
-0.453735 -0.138062 0.001587 -0.882194 -0.268432 0.003085
-0.461304 -0.169434 0.020020 -0.896909 -0.329428 0.038924
-0.360352 -0.101196 0.031006 -0.700629 -0.196755 0.060284
