-0.639404 -0.109253 -0.079102 -1.243188 -0.212420 -0.153797
-0.378784 0.020996 -0.141235 -0.736467 0.040823 -0.274603
-0.277222 0.095581 -0.147461 -0.539000 0.185837 -0.286707
-0.230103 0.052246 -0.149780 -0.447386 0.101582 -0.291217
-0.152344 0.095337 -0.172241 -0.296201 0.185363 -0.334887
-0.147217 0.125610 -0.203613 -0.286232 0.244223 -0.395884
-0.139282 0.136353 -0.214355 -0.270805 0.265109 -0.416770
-0.131714 0.120239 -0.197388 -0.256090 0.233780 -0.383779
-0.139648 0.084595 -0.150269 -0.271517 0.164477 -0.292166
-0.143677 0.062012 -0.094849 -0.279350 0.120569 -0.184413
-0.143555 0.032959 -0.059204 -0.279112 0.064082 -0.115110
-0.150269 0.001953 -0.051392 -0.292166 0.003797 -0.099920
-0.164429 -0.013794 -0.051514 -0.319697 -0.026819 -0.100158
-0.171021 -0.022461 -0.044067 -0.332514 -0.043671 -0.085680
-0.169556 -0.035645 -0.029785 -0.329666 -0.069303 -0.057911
-0.161377 -0.044434 -0.021606 -0.313764 -0.086392 -0.042009
-0.149170 -0.040649 -0.019165 -0.290030 -0.079034 -0.037262
-0.133179 -0.026855 -0.017090 -0.258938 -0.052215 -0.033228
-0.114380 -0.015747 -0.011353 -0.222388 -0.030617 -0.022073
-0.102783 -0.012329 -0.002686 -0.199841 -0.023971 -0.005221
-0.101685 -0.014771 0.002563 -0.197704 -0.028718 0.004984
-0.096802 -0.007324 0.007690 -0.188211 -0.014240 0.014952
-0.096069 -0.003906 0.008423 -0.186787 -0.007595 0.016376
-0.098145 -0.026367 0.006836 -0.190822 -0.051266 0.013291
-0.097412 -0.056763 0.000000 -0.189398 -0.110363 0.000000
-0.091431 -0.064453 -0.013550 -0.177768 -0.125316 -0.026345
-0.078857 -0.050171 -0.022949 -0.153322 -0.097547 -0.044620
-0.064697 -0.033325 -0.026978 -0.125790 -0.064794 -0.052452
-0.052856 -0.023438 -0.029663 -0.102768 -0.045569 -0.057674
-0.042358 -0.010742 -0.031128 -0.082357 -0.020886 -0.060522
-0.032959 0.013428 -0.028687 -0.064082 0.026107 -0.055775
-0.027222 0.036377 -0.021484 -0.052927 0.070727 -0.041772
-0.027344 0.040527 -0.010986 -0.053164 0.078797 -0.021361
-0.029663 0.039185 -0.003662 -0.057674 0.076186 -0.007120
-0.026733 0.035034 -0.001221 -0.051978 0.068117 -0.002373
-0.024902 0.016235 -0.007446 -0.048417 0.031566 -0.014478
-0.023560 -0.006470 -0.024902 -0.045807 -0.012579 -0.048417
-0.014282 -0.009766 -0.041504 -0.027769 -0.018987 -0.080696
-0.006348 0.004517 -0.044189 -0.012342 0.008782 -0.085917
-0.009155 0.008301 -0.034790 -0.017801 0.016139 -0.067642
-0.020264 -0.001099 -0.020142 -0.039398 -0.002136 -0.039161
-0.024902 -0.007324 -0.013306 -0.048417 -0.014240 -0.025870
-0.021362 -0.000732 -0.017090 -0.041535 -0.001424 -0.033228
-0.017700 0.003174 -0.025146 -0.034414 0.006171 -0.048892
-0.010010 0.009033 -0.026489 -0.019462 0.017563 -0.051503
-0.004272 0.012207 -0.020142 -0.008307 0.023734 -0.039161
-0.000366 0.013916 -0.014404 -0.000712 0.027057 -0.028006
-0.003174 0.007446 -0.008057 -0.006171 0.014478 -0.015664
-0.006714 0.009277 -0.002319 -0.013054 0.018038 -0.004509
-0.005615 0.025146 -0.004517 -0.010918 0.048892 -0.008782
-0.002197 0.030762 -0.012329 -0.004272 0.059810 -0.023971
-0.010254 0.024048 -0.024780 -0.019937 0.046756 -0.048180
-0.027222 0.005127 -0.034790 -0.052927 0.009968 -0.067642
-0.043335 -0.009155 -0.042480 -0.084256 -0.017801 -0.082594
-0.045044 -0.000732 -0.044434 -0.087579 -0.001424 -0.086392
-0.041016 0.011597 -0.044067 -0.079746 0.022547 -0.085680
-0.041748 0.015625 -0.048340 -0.081170 0.030380 -0.093987
-0.044189 0.032471 -0.044312 -0.085917 0.063133 -0.086155
-0.057373 0.053711 -0.037476 -0.111550 0.104430 -0.072863
-0.060669 0.059326 -0.036255 -0.117958 0.115347 -0.070490
-0.071289 0.052734 -0.043945 -0.138607 0.102531 -0.085443
-0.088745 0.029175 -0.059937 -0.172546 0.056724 -0.116534
-0.109009 -0.011230 -0.079224 -0.211945 -0.021835 -0.154034
-0.130249 -0.054443 -0.102783 -0.253242 -0.105854 -0.199841
-0.154907 -0.094238 -0.131348 -0.301185 -0.183227 -0.255378
-0.181519 -0.120361 -0.154175 -0.352925 -0.234018 -0.299761
-0.218384 -0.133423 -0.162354 -0.424602 -0.259413 -0.315663
-0.246460 -0.126221 -0.159424 -0.479190 -0.245410 -0.309966
-0.261475 -0.098022 -0.162476 -0.508383 -0.190584 -0.315900
-0.281372 -0.065308 -0.178589 -0.547069 -0.126977 -0.347229
-0.316650 -0.061890 -0.194946 -0.615661 -0.120332 -0.379032
-0.359985 -0.083130 -0.220093 -0.699916 -0.161629 -0.427925
-0.395386 -0.111938 -0.252319 -0.768745 -0.217641 -0.490582
-0.416748 -0.144043 -0.260376 -0.810280 -0.280062 -0.506247
-0.426270 -0.166504 -0.239014 -0.828792 -0.323732 -0.464712
-0.431641 -0.161865 -0.219971 -0.839235 -0.314713 -0.427687
-0.436768 -0.145996 -0.208008 -0.849204 -0.283859 -0.404428
-0.427734 -0.128418 -0.187134 -0.831640 -0.249682 -0.363843
-0.418701 -0.114746 -0.152344 -0.814077 -0.223100 -0.296201
-0.412598 -0.094971 -0.133545 -0.802210 -0.184651 -0.259650
-0.414063 -0.097656 -0.118408 -0.805058 -0.189872 -0.230220
-0.423950 -0.107910 -0.113403 -0.824283 -0.209809 -0.220489
-0.439331 -0.117310 -0.120483 -0.854188 -0.228084 -0.234255
-0.449219 -0.109619 -0.125122 -0.873412 -0.213132 -0.243274
-0.456421 -0.096802 -0.135376 -0.887415 -0.188211 -0.263210
-0.443237 -0.090454 -0.149170 -0.861783 -0.175869 -0.290030
-0.417480 -0.084106 -0.156250 -0.811704 -0.163527 -0.303796
-0.414063 -0.094971 -0.153687 -0.805058 -0.184651 -0.298811
-0.428101 -0.128906 -0.150635 -0.832352 -0.250631 -0.292878
-0.449707 -0.165649 -0.145386 -0.874362 -0.322071 -0.282672
-0.464722 -0.187256 -0.118286 -0.903554 -0.364080 -0.229983
-0.469482 -0.178345 -0.085815 -0.912811 -0.346754 -0.166850
-0.461182 -0.150879 -0.083862 -0.896672 -0.293353 -0.163053
-0.439331 -0.114136 -0.113525 -0.854188 -0.221913 -0.220726
-0.452637 -0.099243 -0.172485 -0.880058 -0.192958 -0.335362
-0.497192 -0.127319 -0.234131 -0.966687 -0.247546 -0.455219
-0.531982 -0.161865 -0.270874 -1.034329 -0.314713 -0.526658
-0.542236 -0.169067 -0.288818 -1.054265 -0.328716 -0.561547
-0.526001 -0.163818 -0.296265 -1.022699 -0.318511 -0.576025
-0.486938 -0.159180 -0.280518 -0.946750 -0.309492 -0.545408
-0.439453 -0.154785 -0.244507 -0.854425 -0.300947 -0.475393
-0.397705 -0.135864 -0.196167 -0.773255 -0.264160 -0.381406
-0.347168 -0.109985 -0.148560 -0.674996 -0.213844 -0.288843
-0.290405 -0.100952 -0.087646 -0.564633 -0.196280 -0.170410
-0.372681 -0.151611 -0.047241 -0.724600 -0.294777 -0.091851
-0.367432 -0.104980 -0.021729 -0.714394 -0.204113 -0.042247
-0.254395 0.004883 -0.022217 -0.494617 0.009494 -0.043196
-0.157593 0.067871 -0.036743 -0.306406 0.131961 -0.071439
-0.127930 0.052368 -0.059814 -0.248733 0.101819 -0.116297
-0.120728 0.013550 -0.062988 -0.234730 0.026345 -0.122468
-0.085815 -0.007080 -0.058716 -0.166850 -0.013766 -0.114161
-0.041504 -0.012329 -0.044434 -0.080696 -0.023971 -0.086392
-0.007324 -0.014404 -0.012573 -0.014240 -0.028006 -0.024446
0.038696 0.008911 0.014648 0.075237 0.017326 0.028481
0.096069 0.047607 0.038940 0.186787 0.092563 0.075712
0.139404 0.063354 0.057983 0.271043 0.123180 0.112737
0.148193 0.049927 0.065552 0.288131 0.097072 0.127452
0.144653 0.034424 0.072144 0.281248 0.066930 0.140268
0.156250 0.033569 0.073975 0.303796 0.065269 0.143828
0.180542 0.046265 0.072876 0.351026 0.089952 0.141692
0.195190 0.055176 0.074463 0.379507 0.107278 0.144778
0.200439 0.064697 0.079346 0.389713 0.125790 0.154271
0.212646 0.084961 0.079712 0.413447 0.165189 0.154983
0.225830 0.105225 0.064209 0.439080 0.204587 0.124841
0.226318 0.105347 0.048340 0.440029 0.204825 0.093987
0.213867 0.089111 0.031250 0.415820 0.173258 0.060759
0.189575 0.068848 0.014038 0.368589 0.133860 0.027294
0.154907 0.046509 -0.002563 0.301185 0.090427 -0.004984
0.112305 0.024170 -0.018677 0.218353 0.046993 -0.036313
0.073853 0.010010 -0.042969 0.143591 0.019462 -0.083544
0.045410 0.007324 -0.068970 0.088291 0.014240 -0.134097
0.020020 -0.001587 -0.089478 0.038924 -0.003085 -0.173970
-0.000366 -0.002930 -0.104858 -0.000712 -0.005696 -0.203875
-0.012573 0.007080 -0.109253 -0.024446 0.013766 -0.212420
-0.024048 0.016113 -0.108521 -0.046756 0.031329 -0.210996
-0.034302 0.030640 -0.099854 -0.066693 0.059572 -0.194144
-0.040649 0.058350 -0.085693 -0.079034 0.113449 -0.166613
-0.039429 0.090454 -0.071411 -0.076661 0.175869 -0.138844
-0.043457 0.100464 -0.054932 -0.084493 0.195331 -0.106803
-0.049194 0.084473 -0.037231 -0.095648 0.164239 -0.072389
-0.118286 0.015503 -0.031494 -0.229983 0.030142 -0.061234
-0.183838 -0.040527 -0.041260 -0.357434 -0.078797 -0.080221
-0.197876 -0.038330 -0.072388 -0.384729 -0.074525 -0.140743
-0.202637 -0.025635 -0.101440 -0.393985 -0.049841 -0.197230
-0.230225 -0.030518 -0.136841 -0.447624 -0.059335 -0.266058
-0.249634 -0.031616 -0.172241 -0.485361 -0.061471 -0.334887
-0.251953 -0.026245 -0.189819 -0.489870 -0.051028 -0.369064
-0.252075 -0.022339 -0.188110 -0.490108 -0.043433 -0.365741
-0.258911 -0.023071 -0.175415 -0.503399 -0.044857 -0.341058
-0.266724 -0.022583 -0.158325 -0.518589 -0.043908 -0.307830
