-0.143677 0.013428 0.000854 -0.279350 0.026107 0.001661
-0.175537 0.038086 -0.006470 -0.341295 0.074050 -0.012579
-0.192383 0.064087 -0.016968 -0.374048 0.124604 -0.032990
-0.145142 0.079834 -0.029175 -0.282198 0.155221 -0.056724
-0.086182 0.073975 -0.019897 -0.167562 0.143828 -0.038686
-0.074341 0.076172 -0.019165 -0.144540 0.148100 -0.037262
-0.075195 0.058716 -0.011963 -0.146202 0.114161 -0.023259
-0.074707 0.050537 -0.006226 -0.145252 0.098259 -0.012104
-0.070190 0.037354 -0.004761 -0.136471 0.072626 -0.009256
-0.070313 0.039429 -0.011475 -0.136708 0.076661 -0.022310
-0.061401 0.026489 -0.009766 -0.119382 0.051503 -0.018987
-0.058350 0.021851 -0.015625 -0.113449 0.042484 -0.030380
-0.050537 0.018188 -0.024658 -0.098259 0.035364 -0.047943
-0.041992 0.022461 -0.025757 -0.081645 0.043671 -0.050079
-0.037842 0.025757 -0.027588 -0.073575 0.050079 -0.053639
-0.037720 0.037231 -0.030884 -0.073338 0.072389 -0.060047
-0.039063 0.057739 -0.037842 -0.075949 0.112262 -0.073575
-0.031250 0.060181 -0.032349 -0.060759 0.117009 -0.062895
-0.027100 0.051147 -0.024048 -0.052690 0.099446 -0.046756
-0.031006 0.042847 -0.023560 -0.060284 0.083306 -0.045807
-0.037842 0.040039 -0.027344 -0.073575 0.077848 -0.053164
-0.046875 0.033203 -0.034668 -0.091139 0.064557 -0.067405
-0.059937 0.024658 -0.052979 -0.116534 0.047943 -0.103006
-0.070923 0.016235 -0.078369 -0.137895 0.031566 -0.152372
-0.062256 -0.002563 -0.090210 -0.121044 -0.004984 -0.175394
-0.064697 -0.011719 -0.101440 -0.125790 -0.022785 -0.197230
-0.058838 -0.019531 -0.101318 -0.114398 -0.037974 -0.196992
-0.054688 -0.017700 -0.098633 -0.106328 -0.034414 -0.191771
-0.054688 -0.006348 -0.093628 -0.106328 -0.012342 -0.182040
-0.059570 0.008057 -0.091675 -0.115822 0.015664 -0.178243
-0.071289 0.022583 -0.096069 -0.138607 0.043908 -0.186787
-0.070435 0.003662 -0.094971 -0.136945 0.007120 -0.184651
-0.076050 -0.025391 -0.092163 -0.147863 -0.049367 -0.179192
-0.084717 -0.032837 -0.095215 -0.164714 -0.063845 -0.185125
-0.091431 -0.026489 -0.097290 -0.177768 -0.051503 -0.189160
-0.095459 -0.026733 -0.095459 -0.185600 -0.051978 -0.185600
-0.091675 -0.018799 -0.093262 -0.178243 -0.036550 -0.181328
-0.087524 -0.014282 -0.096558 -0.170173 -0.027769 -0.187736
-0.090454 -0.016113 -0.104858 -0.175869 -0.031329 -0.203875
-0.087891 -0.014771 -0.112671 -0.170885 -0.028718 -0.219065
-0.085327 -0.006470 -0.123657 -0.165901 -0.012579 -0.240426
-0.084717 -0.002075 -0.131836 -0.164714 -0.004035 -0.256328
-0.093750 -0.006348 -0.135376 -0.182277 -0.012342 -0.263210
-0.110840 -0.014771 -0.134888 -0.215505 -0.028718 -0.262261
-0.118774 -0.021484 -0.126465 -0.230932 -0.041772 -0.245885
-0.116089 -0.021362 -0.117310 -0.225711 -0.041535 -0.228084
-0.104614 -0.011719 -0.113037 -0.203401 -0.022785 -0.219777
-0.095459 -0.000488 -0.115112 -0.185600 -0.000949 -0.223812
-0.093994 0.010132 -0.119873 -0.182752 0.019699 -0.233068
-0.100952 0.006714 -0.123657 -0.196280 0.013054 -0.240426
-0.107422 -0.007080 -0.122559 -0.208859 -0.013766 -0.238290
-0.118896 -0.027100 -0.121460 -0.231169 -0.052690 -0.236154
-0.129517 -0.043579 -0.119873 -0.251818 -0.084730 -0.233068
-0.131958 -0.037354 -0.115723 -0.256565 -0.072626 -0.224999
-0.127808 -0.021851 -0.111206 -0.248495 -0.042484 -0.216217
-0.120972 -0.012085 -0.109619 -0.235204 -0.023497 -0.213132
-0.112915 -0.006958 -0.111450 -0.219540 -0.013528 -0.216692
-0.111450 0.004395 -0.119751 -0.216692 0.008544 -0.232831
-0.112427 0.011597 -0.126465 -0.218590 0.022547 -0.245885
-0.113037 0.003052 -0.125000 -0.219777 0.005934 -0.243036
-0.122681 -0.016113 -0.115356 -0.238527 -0.031329 -0.224287
-0.136353 -0.025391 -0.104126 -0.265109 -0.049367 -0.202451
-0.139038 -0.015869 -0.099609 -0.270331 -0.030854 -0.193670
-0.138916 -0.003662 -0.101318 -0.270093 -0.007120 -0.196992
-0.134888 0.004028 -0.107544 -0.262261 0.007832 -0.209097
-0.136230 0.007690 -0.119019 -0.264872 0.014952 -0.231407
-0.141602 0.000488 -0.131592 -0.275315 0.000949 -0.255853
-0.143799 -0.007813 -0.147339 -0.279587 -0.015190 -0.286470
-0.146240 -0.021118 -0.160889 -0.284334 -0.041060 -0.312815
-0.155884 -0.043579 -0.161865 -0.303084 -0.084730 -0.314713
-0.174927 -0.061035 -0.151978 -0.340109 -0.118670 -0.295489
-0.182495 -0.063477 -0.133301 -0.354824 -0.123417 -0.259176
-0.176270 -0.048950 -0.115967 -0.342719 -0.095173 -0.225473
-0.164917 -0.027588 -0.105835 -0.320647 -0.053639 -0.205774
-0.156738 -0.007446 -0.103882 -0.304745 -0.014478 -0.201977
-0.148926 0.004028 -0.112915 -0.289555 0.007832 -0.219540
-0.145874 0.007568 -0.127197 -0.283622 0.014715 -0.247309
-0.152954 -0.001709 -0.139160 -0.297387 -0.003323 -0.270568
-0.161011 -0.014160 -0.145630 -0.313052 -0.027531 -0.283147
-0.164063 -0.020996 -0.148560 -0.318985 -0.040823 -0.288843
-0.167847 -0.020630 -0.143677 -0.326343 -0.040111 -0.279350
-0.168457 -0.019897 -0.136963 -0.327530 -0.038686 -0.266296
-0.165039 -0.016968 -0.130249 -0.320884 -0.032990 -0.253242
-0.160034 -0.005981 -0.129883 -0.311153 -0.011630 -0.252530
-0.156494 0.000977 -0.134155 -0.304270 0.001899 -0.260837
-0.151367 0.005127 -0.140625 -0.294302 0.009968 -0.273416
-0.154785 0.009888 -0.148071 -0.300947 0.019225 -0.287894
-0.163452 0.002563 -0.154053 -0.317799 0.004984 -0.299523
-0.170654 -0.015259 -0.153931 -0.331802 -0.029668 -0.299286
-0.178345 -0.025757 -0.144043 -0.346754 -0.050079 -0.280062
-0.184814 -0.022949 -0.132935 -0.359333 -0.044620 -0.258464
-0.183350 -0.019287 -0.124512 -0.356485 -0.037500 -0.242087
-0.176880 -0.009888 -0.124756 -0.343906 -0.019225 -0.242562
-0.173706 0.002808 -0.130615 -0.337735 0.005459 -0.253954
-0.174316 0.012451 -0.136841 -0.338922 0.024209 -0.266058
-0.175781 0.014526 -0.143677 -0.341770 0.028243 -0.279350
-0.171387 0.017944 -0.150757 -0.333226 0.034889 -0.293115
-0.168091 0.018921 -0.157959 -0.326818 0.036788 -0.307118
-0.172974 0.017090 -0.159058 -0.336311 0.033228 -0.309254
-0.178467 0.010742 -0.158447 -0.346992 0.020886 -0.308068
-0.179443 0.001099 -0.155884 -0.348890 0.002136 -0.303084
-0.179199 -0.004272 -0.152222 -0.348416 -0.008307 -0.295963
-0.176392 -0.007324 -0.145264 -0.342957 -0.014240 -0.282435
-0.178345 -0.008789 -0.135620 -0.346754 -0.017089 -0.263685
-0.175659 0.001831 -0.138184 -0.341533 0.003560 -0.268669
-0.167358 0.010620 -0.147339 -0.325394 0.020649 -0.286470
-0.170166 0.006958 -0.150757 -0.330852 0.013528 -0.293115
-0.177979 -0.005737 -0.149048 -0.346042 -0.011155 -0.289792
-0.188599 -0.015625 -0.149048 -0.366691 -0.030380 -0.289792
-0.193970 -0.019897 -0.145386 -0.377134 -0.038686 -0.282672
-0.185181 -0.018555 -0.139160 -0.360045 -0.036076 -0.270568
-0.183960 -0.015747 -0.130859 -0.357672 -0.030617 -0.254429
-0.186279 -0.008057 -0.125000 -0.362181 -0.015664 -0.243036
-0.188721 -0.006714 -0.125488 -0.366928 -0.013054 -0.243986
-0.187012 -0.002441 -0.134399 -0.363605 -0.004747 -0.261312
-0.174683 0.007446 -0.149780 -0.339634 0.014478 -0.291217
-0.173584 0.006836 -0.156738 -0.337498 0.013291 -0.304745
-0.182983 -0.000244 -0.154541 -0.355773 -0.000475 -0.300473
-0.185181 -0.002808 -0.147583 -0.360045 -0.005459 -0.286944
-0.179077 -0.003662 -0.139160 -0.348178 -0.007120 -0.270568
-0.167480 0.004517 -0.129761 -0.325631 0.008782 -0.252293
-0.156128 0.003052 -0.121582 -0.303558 0.005934 -0.236391
-0.192627 -0.041992 -0.113647 -0.374523 -0.081645 -0.220964
-0.206787 -0.054199 -0.114746 -0.402054 -0.105379 -0.223100
-0.176270 -0.021240 -0.124756 -0.342719 -0.041297 -0.242562
-0.150024 -0.004517 -0.120972 -0.291691 -0.008782 -0.235204
-0.153198 -0.009766 -0.112305 -0.297862 -0.018987 -0.218353
-0.165894 -0.015259 -0.106689 -0.322545 -0.029668 -0.207435
-0.165894 -0.010132 -0.109497 -0.322545 -0.019699 -0.212894
-0.156616 0.002441 -0.120972 -0.304508 0.004747 -0.235204
-0.145630 0.017090 -0.134277 -0.283147 0.033228 -0.261074
-0.142090 0.018066 -0.139893 -0.276264 0.035126 -0.271992
-0.150024 0.008179 -0.136230 -0.291691 0.015902 -0.264872
-0.163330 -0.010010 -0.135376 -0.317561 -0.019462 -0.263210
-0.175293 -0.031494 -0.135010 -0.340821 -0.061234 -0.262498
-0.178223 -0.036621 -0.135498 -0.346517 -0.071202 -0.263448
-0.173706 -0.029541 -0.135498 -0.337735 -0.057436 -0.263448
-0.167236 -0.015625 -0.131592 -0.325156 -0.030380 -0.255853
-0.159790 -0.000366 -0.133911 -0.310678 -0.000712 -0.260362
-0.148926 0.009277 -0.139771 -0.289555 0.018038 -0.271755
-0.145996 0.009033 -0.144409 -0.283859 0.017563 -0.280774
-0.145386 0.008057 -0.151733 -0.282672 0.015664 -0.295014
-0.145996 0.008667 -0.157349 -0.283859 0.016851 -0.305932
-0.146606 0.003296 -0.158447 -0.285046 0.006408 -0.308068
-0.153564 -0.011963 -0.152466 -0.298574 -0.023259 -0.296438
-0.164795 -0.020630 -0.145874 -0.320409 -0.040111 -0.283622
-0.176147 -0.024048 -0.141235 -0.342482 -0.046756 -0.274603
-0.177979 -0.023315 -0.134644 -0.346042 -0.045332 -0.261786
-0.167358 -0.014771 -0.131592 -0.325394 -0.028718 -0.255853
-0.153442 -0.003662 -0.134521 -0.298337 -0.007120 -0.261549
