-0.145996 0.110107 -0.151245 -0.283859 0.214081 -0.294065
-0.177124 0.108032 -0.155762 -0.344381 0.210046 -0.302846
-0.239502 0.135864 -0.147705 -0.465662 0.264160 -0.287182
-0.181030 0.068237 -0.136108 -0.351976 0.132673 -0.264634
-0.160645 0.072754 -0.106323 -0.312340 0.141455 -0.206723
-0.133667 0.046387 -0.074585 -0.259888 0.090189 -0.145015
-0.118164 0.047607 -0.075684 -0.229745 0.092563 -0.147151
-0.093384 0.026978 -0.066406 -0.181565 0.052452 -0.129113
-0.086182 0.019653 -0.067871 -0.167562 0.038212 -0.131961
-0.105469 0.017822 -0.093140 -0.205062 0.034652 -0.181091
-0.131836 0.009766 -0.118286 -0.256328 0.018987 -0.229983
-0.149902 0.009644 -0.122803 -0.291454 0.018750 -0.238764
-0.155762 0.002075 -0.119995 -0.302846 0.004035 -0.233305
-0.168091 -0.014648 -0.120483 -0.326818 -0.028481 -0.234255
-0.189941 -0.011841 -0.122803 -0.369301 -0.023022 -0.238764
-0.213623 -0.008179 -0.124268 -0.415345 -0.015902 -0.241612
-0.225952 -0.012573 -0.118042 -0.439317 -0.024446 -0.229508
-0.196533 -0.009644 -0.097168 -0.382118 -0.018750 -0.188923
-0.181519 0.022827 -0.110474 -0.352925 0.044383 -0.214793
-0.183838 0.045166 -0.116577 -0.357434 0.087816 -0.226660
-0.164185 0.027832 -0.106201 -0.319223 0.054114 -0.206486
-0.145752 0.018433 -0.113159 -0.283384 0.035838 -0.220014
-0.132813 0.013550 -0.135376 -0.258226 0.026345 -0.263210
-0.133545 0.010498 -0.159546 -0.259650 0.020411 -0.310204
-0.145386 0.012329 -0.181030 -0.282672 0.023971 -0.351976
-0.168213 0.008789 -0.192017 -0.327055 0.017089 -0.373336
-0.168701 -0.028442 -0.168823 -0.328004 -0.055300 -0.328242
-0.173584 -0.045898 -0.151611 -0.337498 -0.089240 -0.294777
-0.185059 -0.051025 -0.144165 -0.359808 -0.099208 -0.280299
-0.193115 -0.052124 -0.143677 -0.375472 -0.101344 -0.279350
-0.191284 -0.047485 -0.149048 -0.371912 -0.092325 -0.289792
-0.184814 -0.033081 -0.147827 -0.359333 -0.064319 -0.287419
-0.178223 -0.028076 -0.145752 -0.346517 -0.054588 -0.283384
-0.181152 -0.026123 -0.151611 -0.352213 -0.050791 -0.294777
-0.194458 -0.038696 -0.156250 -0.378083 -0.075237 -0.303796
-0.215454 -0.052979 -0.156616 -0.418906 -0.103006 -0.304508
-0.229248 -0.055542 -0.158447 -0.445725 -0.107990 -0.308068
-0.225830 -0.039795 -0.163452 -0.439080 -0.077373 -0.317799
-0.215576 -0.018188 -0.178101 -0.419143 -0.035364 -0.346279
-0.202271 -0.000854 -0.197876 -0.393273 -0.001661 -0.384729
-0.191528 0.008423 -0.211792 -0.372387 0.016376 -0.411785
-0.195923 0.007324 -0.218018 -0.380931 0.014240 -0.423890
-0.207153 -0.005859 -0.212402 -0.402766 -0.011392 -0.412972
-0.218506 -0.022339 -0.197998 -0.424839 -0.043433 -0.384966
-0.230713 -0.031250 -0.180542 -0.448573 -0.060759 -0.351026
-0.242310 -0.028931 -0.166748 -0.471120 -0.056250 -0.324207
-0.244385 -0.034546 -0.160767 -0.475155 -0.067167 -0.312577
-0.233887 -0.034058 -0.160522 -0.454744 -0.066218 -0.312102
-0.225098 -0.025757 -0.167358 -0.437655 -0.050079 -0.325394
-0.218506 -0.020020 -0.177979 -0.424839 -0.038924 -0.346042
-0.217041 -0.022827 -0.178101 -0.421991 -0.044383 -0.346279
-0.219116 -0.030151 -0.167603 -0.426026 -0.058623 -0.325868
-0.219727 -0.018677 -0.162109 -0.427213 -0.036313 -0.315188
-0.216675 -0.010986 -0.157959 -0.421279 -0.021361 -0.307118
-0.222168 -0.016235 -0.149048 -0.431959 -0.031566 -0.289792
-0.225098 -0.014404 -0.148560 -0.437655 -0.028006 -0.288843
-0.221069 -0.006836 -0.155640 -0.429823 -0.013291 -0.302609
-0.214233 -0.002075 -0.160156 -0.416532 -0.004035 -0.311390
-0.212402 -0.001221 -0.162598 -0.412972 -0.002373 -0.316137
-0.218506 -0.005859 -0.161377 -0.424839 -0.011392 -0.313764
-0.224365 -0.021240 -0.164185 -0.436231 -0.041297 -0.319223
-0.221924 -0.026489 -0.171021 -0.431485 -0.051503 -0.332514
-0.211548 -0.015137 -0.166748 -0.411311 -0.029430 -0.324207
-0.193481 0.000854 -0.151245 -0.376184 0.001661 -0.294065
-0.172363 0.023926 -0.136719 -0.335124 0.046519 -0.265821
-0.157104 0.055176 -0.128174 -0.305457 0.107278 -0.249207
-0.145752 0.077393 -0.120972 -0.283384 0.150474 -0.235204
-0.139038 0.087402 -0.112427 -0.270331 0.169936 -0.218590
-0.133301 0.093018 -0.108398 -0.259176 0.180853 -0.210758
-0.133179 0.086548 -0.110352 -0.258938 0.168274 -0.214556
-0.142822 0.067627 -0.113647 -0.277688 0.131487 -0.220964
-0.150269 0.049194 -0.120850 -0.292166 0.095648 -0.234967
-0.154053 0.041748 -0.135254 -0.299523 0.081170 -0.262973
-0.151611 0.043945 -0.149048 -0.294777 0.085443 -0.289792
-0.148438 0.020996 -0.150146 -0.288606 0.040823 -0.291929
-0.199341 -0.034546 -0.143433 -0.387577 -0.067167 -0.278875
-0.207642 -0.041016 -0.152344 -0.403716 -0.079746 -0.296201
-0.174683 -0.008301 -0.155273 -0.339634 -0.016139 -0.301897
-0.161377 0.008423 -0.148071 -0.313764 0.016376 -0.287894
-0.163086 0.012573 -0.138428 -0.317087 0.024446 -0.269144
-0.154663 0.021973 -0.133545 -0.300710 0.042721 -0.259650
-0.155518 0.016968 -0.131714 -0.302372 0.032990 -0.256090
-0.174805 -0.006226 -0.130615 -0.339871 -0.012104 -0.253954
-0.190552 -0.023926 -0.140381 -0.370488 -0.046519 -0.272941
-0.204834 -0.044189 -0.152222 -0.398257 -0.085917 -0.295963
-0.216431 -0.060181 -0.163818 -0.420804 -0.117009 -0.318511
-0.214355 -0.058228 -0.182617 -0.416770 -0.113211 -0.355061
-0.200806 -0.039307 -0.200317 -0.390425 -0.076424 -0.389475
-0.184448 -0.023071 -0.207275 -0.358621 -0.044857 -0.403004
-0.172852 -0.011597 -0.205566 -0.336074 -0.022547 -0.399681
-0.157227 0.009521 -0.194946 -0.305694 0.018513 -0.379032
-0.145508 0.028320 -0.177246 -0.282910 0.055063 -0.344618
-0.137451 0.033569 -0.156738 -0.267245 0.065269 -0.304745
-0.134277 0.040405 -0.147461 -0.261074 0.078560 -0.286707
-0.141235 0.040161 -0.151489 -0.274603 0.078085 -0.294539
-0.156860 0.029541 -0.159790 -0.304982 0.057436 -0.310678
-0.171997 0.017456 -0.170410 -0.334412 0.033940 -0.331327
-0.169678 0.018066 -0.186523 -0.329903 0.035126 -0.362656
-0.164673 0.021729 -0.193237 -0.320172 0.042247 -0.375710
-0.163818 0.022949 -0.192017 -0.318511 0.044620 -0.373336
-0.160522 0.020142 -0.187744 -0.312102 0.039161 -0.365029
-0.156250 0.021118 -0.183716 -0.303796 0.041060 -0.357197
-0.153442 0.020630 -0.182983 -0.298337 0.040111 -0.355773
-0.153564 0.024902 -0.176392 -0.298574 0.048417 -0.342957
-0.156128 0.027344 -0.166870 -0.303558 0.053164 -0.324444
-0.159790 0.028931 -0.160278 -0.310678 0.056250 -0.311628
-0.146973 0.045044 -0.164673 -0.285758 0.087579 -0.320172
-0.143433 0.035522 -0.172241 -0.278875 0.069066 -0.334887
-0.157837 0.008057 -0.175171 -0.306881 0.015664 -0.340583
-0.172119 -0.002075 -0.165894 -0.334650 -0.004035 -0.322545
-0.171753 -0.004761 -0.146973 -0.333938 -0.009256 -0.285758
-0.171021 -0.005127 -0.130493 -0.332514 -0.009968 -0.253717
-0.175781 -0.002319 -0.123535 -0.341770 -0.004509 -0.240188
-0.185181 -0.003540 -0.117920 -0.360045 -0.006883 -0.229271
-0.192627 -0.005005 -0.113525 -0.374523 -0.009731 -0.220726
-0.185791 0.001221 -0.115356 -0.361232 0.002373 -0.224287
-0.175293 0.018799 -0.123291 -0.340821 0.036550 -0.239714
-0.168823 0.029663 -0.134399 -0.328242 0.057674 -0.261312
-0.176392 0.021973 -0.141357 -0.342957 0.042721 -0.274840
-0.181763 0.020386 -0.145508 -0.353400 0.039636 -0.282910
-0.178589 0.027100 -0.162964 -0.347229 0.052690 -0.316849
-0.178711 0.028442 -0.162231 -0.347466 0.055300 -0.315425
-0.181152 0.027344 -0.143433 -0.352213 0.053164 -0.278875
-0.191528 0.017944 -0.133057 -0.372387 0.034889 -0.258701
-0.189453 0.018921 -0.128052 -0.368352 0.036788 -0.248970
-0.187134 0.024048 -0.121338 -0.363843 0.046756 -0.235916
-0.188843 0.018188 -0.115112 -0.367165 0.035364 -0.223812
-0.184326 0.018188 -0.106934 -0.358384 0.035364 -0.207910
-0.175537 0.030151 -0.105347 -0.341295 0.058623 -0.204825
-0.167236 0.032349 -0.109131 -0.325156 0.062895 -0.212182
-0.171509 0.028198 -0.102417 -0.333463 0.054826 -0.199128
-0.173828 0.023804 -0.097656 -0.337973 0.046281 -0.189872
-0.172729 0.026611 -0.096680 -0.335836 0.051740 -0.187973
-0.163208 0.034180 -0.098145 -0.317324 0.066455 -0.190822
-0.154053 0.042114 -0.103638 -0.299523 0.081882 -0.201502
-0.145264 0.054199 -0.104980 -0.282435 0.105379 -0.204113
-0.144775 0.051514 -0.105957 -0.281486 0.100158 -0.206011
-0.146362 0.043701 -0.106934 -0.284571 0.084968 -0.207910
-0.142334 0.049072 -0.104004 -0.276739 0.095411 -0.202214
-0.133179 0.058594 -0.102783 -0.258938 0.113923 -0.199841
-0.121948 0.065308 -0.098022 -0.237103 0.126977 -0.190584
-0.119995 0.062500 -0.088989 -0.233305 0.121518 -0.173021
-0.129150 0.047485 -0.088379 -0.251106 0.092325 -0.171834
-0.131714 0.038208 -0.093750 -0.256090 0.074288 -0.182277
-0.128662 0.041138 -0.102051 -0.250157 0.079984 -0.198416
-0.115479 0.048462 -0.110840 -0.224524 0.094224 -0.215505
-0.099243 0.064087 -0.117065 -0.192958 0.124604 -0.227609
-0.111450 0.054321 -0.129883 -0.216692 0.105616 -0.252530
-0.118164 0.049316 -0.128540 -0.229745 0.095885 -0.249919
-0.102051 0.069580 -0.121948 -0.198416 0.135284 -0.237103
