-0.149292 -0.030762 -0.021362 -0.290267 -0.059810 -0.041535
-0.143311 -0.016357 -0.012451 -0.278637 -0.031804 -0.024209
-0.169922 0.016968 -0.017334 -0.330378 0.032990 -0.033702
-0.180908 -0.018066 -0.030518 -0.351738 -0.035126 -0.059335
-0.076904 0.043091 -0.038696 -0.149524 0.083781 -0.075237
-0.018555 0.061768 -0.034912 -0.036076 0.120094 -0.067879
0.000000 0.070190 -0.041748 0.000000 0.136471 -0.081170
-0.003174 0.072876 -0.053467 -0.006171 0.141692 -0.103955
-0.006348 0.076660 -0.050415 -0.012342 0.149050 -0.098022
-0.005127 0.084106 -0.042603 -0.009968 0.163527 -0.082832
-0.019897 0.074219 -0.035034 -0.038686 0.144303 -0.068117
-0.044067 0.051270 -0.031128 -0.085680 0.099683 -0.060522
-0.057007 0.038208 -0.028931 -0.110838 0.074288 -0.056250
-0.054443 0.031982 -0.029663 -0.105854 0.062183 -0.057674
-0.056030 0.024414 -0.036377 -0.108939 0.047468 -0.070727
-0.070190 0.007690 -0.037720 -0.136471 0.014952 -0.073338
-0.087646 -0.007690 -0.034302 -0.170410 -0.014952 -0.066693
-0.096191 -0.011841 -0.032715 -0.187024 -0.023022 -0.063607
-0.075684 -0.002930 -0.034180 -0.147151 -0.005696 -0.066455
-0.046997 0.038330 -0.037598 -0.091376 0.074525 -0.073101
-0.059082 0.038330 -0.046509 -0.114873 0.074525 -0.090427
-0.069092 0.036621 -0.063599 -0.134335 0.071202 -0.123654
-0.070679 0.043457 -0.080200 -0.137420 0.084493 -0.155933
-0.073730 0.043213 -0.093384 -0.143354 0.084018 -0.181565
-0.075073 0.035034 -0.102173 -0.145964 0.068117 -0.198654
-0.081177 0.012329 -0.110352 -0.157831 0.023971 -0.214556
-0.086060 0.000366 -0.117065 -0.167325 0.000712 -0.227609
-0.119385 -0.016357 -0.124634 -0.232119 -0.031804 -0.242324
-0.147949 -0.032715 -0.128906 -0.287656 -0.063607 -0.250631
-0.161133 -0.033691 -0.130005 -0.313289 -0.065506 -0.252767
-0.158203 -0.031616 -0.137451 -0.307593 -0.061471 -0.267245
-0.133301 -0.017090 -0.141846 -0.259176 -0.033228 -0.275789
-0.113403 -0.000366 -0.141113 -0.220489 -0.000712 -0.274365
-0.113770 0.013428 -0.136841 -0.221201 0.026107 -0.266058
-0.131958 0.019409 -0.122192 -0.256565 0.037737 -0.237578
-0.152954 0.018311 -0.106567 -0.297387 0.035601 -0.207198
-0.164917 0.018433 -0.099976 -0.320647 0.035838 -0.194382
-0.169800 0.016968 -0.103027 -0.330140 0.032990 -0.200315
-0.171509 0.015015 -0.113281 -0.333463 0.029193 -0.220252
-0.175049 0.012329 -0.122314 -0.340346 0.023971 -0.237815
-0.184937 0.002319 -0.125977 -0.359571 0.004509 -0.244935
-0.190186 -0.016113 -0.120728 -0.369776 -0.031329 -0.234730
-0.191162 -0.029297 -0.112915 -0.371675 -0.056962 -0.219540
-0.198242 -0.039795 -0.104370 -0.385441 -0.077373 -0.202926
-0.205322 -0.038696 -0.097168 -0.399206 -0.075237 -0.188923
-0.195679 -0.013550 -0.098267 -0.380456 -0.026345 -0.191059
-0.176880 0.013794 -0.113525 -0.343906 0.026819 -0.220726
-0.163696 0.020874 -0.126465 -0.318273 0.040585 -0.245885
-0.159424 0.023315 -0.135010 -0.309966 0.045332 -0.262498
-0.160767 0.026245 -0.139526 -0.312577 0.051028 -0.271280
-0.170288 0.026001 -0.131104 -0.331090 0.050553 -0.254903
-0.182495 0.009766 -0.110474 -0.354824 0.018987 -0.214793
-0.193115 -0.012329 -0.090454 -0.375472 -0.023971 -0.175869
-0.200317 -0.028320 -0.075684 -0.389475 -0.055063 -0.147151
-0.196533 -0.028320 -0.065918 -0.382118 -0.055063 -0.128164
-0.191284 -0.021240 -0.059448 -0.371912 -0.041297 -0.115585
-0.188110 -0.018066 -0.062256 -0.365741 -0.035126 -0.121044
-0.181885 -0.013672 -0.073364 -0.353637 -0.026582 -0.142642
-0.170776 -0.002563 -0.083984 -0.332039 -0.004984 -0.163290
-0.157227 0.010742 -0.089233 -0.305694 0.020886 -0.173496
-0.152588 0.013550 -0.092407 -0.296675 0.026345 -0.179667
-0.153198 0.006348 -0.095581 -0.297862 0.012342 -0.185837
-0.151733 0.008911 -0.096191 -0.295014 0.017326 -0.187024
-0.145508 0.015869 -0.097778 -0.282910 0.030854 -0.190110
-0.141846 0.019531 -0.095581 -0.275789 0.037974 -0.185837
-0.145264 0.019775 -0.093018 -0.282435 0.038449 -0.180853
-0.157593 0.006226 -0.090088 -0.306406 0.012104 -0.175157
-0.165161 -0.005493 -0.090210 -0.321121 -0.010680 -0.175394
-0.158813 -0.003174 -0.093872 -0.308780 -0.006171 -0.182515
-0.154907 -0.010498 -0.095215 -0.301185 -0.020411 -0.185125
-0.152466 -0.020142 -0.095459 -0.296438 -0.039161 -0.185600
-0.143311 -0.018433 -0.097778 -0.278637 -0.035838 -0.190110
-0.138428 -0.016602 -0.095459 -0.269144 -0.032278 -0.185600
-0.137085 -0.023193 -0.084351 -0.266533 -0.045095 -0.164002
-0.136353 -0.025391 -0.073608 -0.265109 -0.049367 -0.143116
-0.138916 -0.023193 -0.066406 -0.270093 -0.045095 -0.129113
-0.136841 -0.018188 -0.056885 -0.266058 -0.035364 -0.110601
-0.137695 -0.012207 -0.049805 -0.267720 -0.023734 -0.096835
-0.143433 -0.016479 -0.050415 -0.278875 -0.032041 -0.098022
-0.142944 -0.016846 -0.052612 -0.277925 -0.032753 -0.102294
-0.142822 -0.019531 -0.055298 -0.277688 -0.037974 -0.107515
-0.145630 -0.026123 -0.061401 -0.283147 -0.050791 -0.119382
-0.146362 -0.033203 -0.065796 -0.284571 -0.064557 -0.127926
-0.144043 -0.027466 -0.064331 -0.280062 -0.053402 -0.125078
-0.148682 -0.024170 -0.057007 -0.289080 -0.046993 -0.110838
-0.151611 -0.020630 -0.050049 -0.294777 -0.040111 -0.097310
-0.150146 -0.015137 -0.058105 -0.291929 -0.029430 -0.112974
-0.149170 -0.017090 -0.077271 -0.290030 -0.033228 -0.150236
-0.149414 -0.021973 -0.093872 -0.290505 -0.042721 -0.182515
-0.148071 -0.033813 -0.098145 -0.287894 -0.065743 -0.190822
-0.147217 -0.045898 -0.092651 -0.286232 -0.089240 -0.180141
-0.146118 -0.048706 -0.079102 -0.284096 -0.094699 -0.153797
-0.146240 -0.047974 -0.067383 -0.284334 -0.093275 -0.131012
-0.144043 -0.043823 -0.058960 -0.280062 -0.085205 -0.114635
-0.138062 -0.036865 -0.051636 -0.268432 -0.071677 -0.100395
-0.139526 -0.034668 -0.045410 -0.271280 -0.067405 -0.088291
-0.140015 -0.033447 -0.046265 -0.272229 -0.065031 -0.089952
-0.136108 -0.025024 -0.056152 -0.264634 -0.048655 -0.109177
-0.124878 -0.020264 -0.067017 -0.242799 -0.039398 -0.130300
-0.140015 -0.042480 -0.076172 -0.272229 -0.082594 -0.148100
-0.157837 -0.063599 -0.080566 -0.306881 -0.123654 -0.156645
-0.147461 -0.044312 -0.098511 -0.286707 -0.086155 -0.191534
-0.131104 -0.023804 -0.103516 -0.254903 -0.046281 -0.201265
-0.128540 -0.022461 -0.095703 -0.249919 -0.043671 -0.186075
-0.144409 -0.032837 -0.089478 -0.280774 -0.063845 -0.173970
-0.153442 -0.032227 -0.083740 -0.298337 -0.062658 -0.162815
-0.157959 -0.035278 -0.074585 -0.307118 -0.068591 -0.145015
-0.161621 -0.042236 -0.071655 -0.314239 -0.082120 -0.139319
-0.166504 -0.037231 -0.070313 -0.323732 -0.072389 -0.136708
-0.175415 -0.034668 -0.069214 -0.341058 -0.067405 -0.134572
-0.180298 -0.032715 -0.065918 -0.350552 -0.063607 -0.128164
-0.176392 -0.019775 -0.065918 -0.342957 -0.038449 -0.128164
-0.170288 -0.008179 -0.074463 -0.331090 -0.015902 -0.144778
-0.165405 -0.008423 -0.088867 -0.321596 -0.016376 -0.172784
-0.165894 -0.006714 -0.106445 -0.322545 -0.013054 -0.206961
-0.167358 -0.003784 -0.118286 -0.325394 -0.007358 -0.229983
-0.162476 0.001465 -0.113892 -0.315900 0.002848 -0.221438
-0.157715 0.007935 -0.107178 -0.306644 0.015427 -0.208385
-0.153198 0.008789 -0.101929 -0.297862 0.017089 -0.198179
-0.151733 0.005981 -0.099243 -0.295014 0.011630 -0.192958
-0.155273 0.006348 -0.102783 -0.301897 0.012342 -0.199841
-0.161743 0.000000 -0.102661 -0.314476 0.000000 -0.199603
-0.161987 -0.010742 -0.098511 -0.314951 -0.020886 -0.191534
-0.159180 -0.013550 -0.098145 -0.309492 -0.026345 -0.190822
-0.156372 -0.008911 -0.100952 -0.304033 -0.017326 -0.196280
-0.152832 -0.004517 -0.096436 -0.297150 -0.008782 -0.187499
-0.153198 -0.001099 -0.085815 -0.297862 -0.002136 -0.166850
-0.156006 0.005981 -0.078247 -0.303321 0.011630 -0.152135
-0.161133 0.013428 -0.078613 -0.313289 0.026107 -0.152847
-0.164917 0.011475 -0.085938 -0.320647 0.022310 -0.167088
-0.171387 -0.003662 -0.092041 -0.333226 -0.007120 -0.178955
-0.175049 -0.010010 -0.093750 -0.340346 -0.019462 -0.182277
-0.176636 -0.006958 -0.099854 -0.343431 -0.013528 -0.194144
-0.175171 -0.003784 -0.102905 -0.340583 -0.007358 -0.200078
-0.169922 0.002563 -0.092773 -0.330378 0.004984 -0.180379
-0.167969 0.009277 -0.083008 -0.326580 0.018038 -0.161391
-0.169312 0.015625 -0.080322 -0.329191 0.030380 -0.156170
-0.166748 0.021973 -0.083374 -0.324207 0.042721 -0.162103
-0.164429 0.022705 -0.089722 -0.319697 0.044145 -0.174445
-0.158936 0.021606 -0.091675 -0.309017 0.042009 -0.178243
-0.168213 0.007568 -0.095093 -0.327055 0.014715 -0.184888
-0.160034 0.010254 -0.108032 -0.311153 0.019937 -0.210046
-0.138794 0.028076 -0.117188 -0.269856 0.054588 -0.227847
-0.138550 0.021851 -0.112061 -0.269381 0.042484 -0.217878
-0.156738 0.006348 -0.103027 -0.304745 0.012342 -0.200315
-0.173706 0.004150 -0.087769 -0.337735 0.008070 -0.170648
-0.177124 0.005859 -0.078735 -0.344381 0.011392 -0.153084
-0.165039 0.014893 -0.080688 -0.320884 0.028956 -0.156882
-0.147949 0.024292 -0.092529 -0.287656 0.047231 -0.179904
-0.140869 0.022095 -0.103027 -0.273891 0.042959 -0.200315
