0.048096 -0.112793 0.011597 0.093512 -0.219302 0.022547
0.021118 -0.109009 0.005981 0.041060 -0.211945 0.011630
-0.063354 -0.101440 -0.010376 -0.123180 -0.197230 -0.020174
-0.060181 -0.090820 -0.042969 -0.117009 -0.176581 -0.083544
-0.077393 -0.075073 -0.067993 -0.150474 -0.145964 -0.132199
-0.044800 -0.010132 -0.070801 -0.087104 -0.019699 -0.137657
-0.026855 0.079468 -0.071777 -0.052215 0.154509 -0.139556
-0.064087 0.092773 -0.071167 -0.124604 0.180379 -0.138369
-0.079834 0.074585 -0.066284 -0.155221 0.145015 -0.128876
-0.080933 0.057129 -0.052246 -0.157357 0.111075 -0.101582
-0.075195 0.044800 -0.035156 -0.146202 0.087104 -0.068354
-0.066162 0.047607 -0.022095 -0.128638 0.092563 -0.042959
-0.056519 0.054443 -0.015503 -0.109889 0.105854 -0.030142
-0.045898 0.071045 -0.012085 -0.089240 0.138132 -0.023497
-0.032227 0.079590 -0.010376 -0.062658 0.154746 -0.020174
-0.040894 0.062378 -0.007935 -0.079509 0.121281 -0.015427
-0.057373 0.033447 -0.012329 -0.111550 0.065031 -0.023971
-0.058594 0.033569 -0.016724 -0.113923 0.065269 -0.032516
-0.049683 0.036865 -0.021362 -0.096597 0.071677 -0.041535
-0.057129 0.040405 -0.035156 -0.111075 0.078560 -0.068354
-0.073730 0.034180 -0.040405 -0.143354 0.066455 -0.078560
-0.094849 0.017700 -0.035767 -0.184413 0.034414 -0.069541
-0.107544 0.005737 -0.026733 -0.209097 0.011155 -0.051978
-0.107178 0.006592 -0.018677 -0.208385 0.012816 -0.036313
-0.105713 0.007080 -0.012207 -0.205537 0.013766 -0.023734
-0.099243 0.012573 -0.004883 -0.192958 0.024446 -0.009494
-0.081177 0.036377 -0.003662 -0.157831 0.070727 -0.007120
-0.064087 0.069702 -0.010498 -0.124604 0.135521 -0.020411
-0.064697 0.093628 -0.023315 -0.125790 0.182040 -0.045332
-0.072754 0.102539 -0.028320 -0.141455 0.199366 -0.055063
-0.080566 0.096191 -0.022217 -0.156645 0.187024 -0.043196
-0.087891 0.091553 -0.030029 -0.170885 0.178005 -0.058386
-0.096313 0.092285 -0.041260 -0.187261 0.179429 -0.080221
-0.109131 0.077637 -0.039063 -0.212182 0.150948 -0.075949
-0.121582 0.065552 -0.036987 -0.236391 0.127452 -0.071914
-0.134155 0.057617 -0.050293 -0.260837 0.112025 -0.097784
-0.140503 0.047485 -0.070435 -0.273179 0.092325 -0.136945
-0.138672 0.042114 -0.086304 -0.269619 0.081882 -0.167800
-0.136841 0.045532 -0.098877 -0.266058 0.088528 -0.192246
-0.135254 0.045776 -0.109741 -0.262973 0.089003 -0.213369
-0.142578 0.043579 -0.120850 -0.277213 0.084730 -0.234967
-0.153442 0.043579 -0.129761 -0.298337 0.084730 -0.252293
-0.162476 0.039673 -0.134399 -0.315900 0.077136 -0.261312
-0.169556 0.038330 -0.128662 -0.329666 0.074525 -0.250157
-0.176147 0.032104 -0.118652 -0.342482 0.062420 -0.230695
-0.181396 0.030640 -0.111328 -0.352688 0.059572 -0.216454
-0.186279 0.033813 -0.112549 -0.362181 0.065743 -0.218828
-0.192017 0.042847 -0.114136 -0.373336 0.083306 -0.221913
-0.204102 0.050659 -0.119507 -0.396833 0.098496 -0.232356
-0.223022 0.049927 -0.124023 -0.433621 0.097072 -0.241138
-0.246704 0.038940 -0.126587 -0.479665 0.075712 -0.246122
-0.261475 0.036011 -0.121094 -0.508383 0.070015 -0.235442
-0.271362 0.025635 -0.116333 -0.527607 0.049841 -0.226185
-0.286865 0.017212 -0.122559 -0.557750 0.033465 -0.238290
-0.291504 0.022583 -0.125488 -0.566769 0.043908 -0.243986
-0.274170 0.030273 -0.118896 -0.533066 0.058860 -0.231169
-0.297363 -0.003052 -0.126343 -0.578161 -0.005934 -0.245647
-0.324097 -0.028320 -0.132446 -0.630138 -0.055063 -0.257514
-0.327637 -0.012939 -0.141724 -0.637021 -0.025158 -0.275552
-0.324097 -0.007690 -0.147095 -0.630138 -0.014952 -0.285995
-0.314087 -0.002686 -0.139404 -0.610677 -0.005221 -0.271043
-0.312866 0.010620 -0.128540 -0.608303 0.020649 -0.249919
-0.315308 0.019287 -0.121338 -0.613050 0.037500 -0.235916
-0.312256 0.028564 -0.117065 -0.607116 0.055538 -0.227609
-0.300781 0.051392 -0.119995 -0.584806 0.099920 -0.233305
-0.298340 0.062866 -0.128540 -0.580060 0.122230 -0.249919
-0.311157 0.050659 -0.131226 -0.604980 0.098496 -0.255141
-0.330444 0.015137 -0.125122 -0.642480 0.029430 -0.243274
-0.340088 -0.004883 -0.127930 -0.661230 -0.009494 -0.248733
-0.335449 -0.008301 -0.122681 -0.652211 -0.016139 -0.238527
-0.328247 -0.013062 -0.110840 -0.638208 -0.025395 -0.215505
-0.315552 0.001587 -0.096680 -0.613525 0.003085 -0.187973
-0.295654 0.032959 -0.078735 -0.574838 0.064082 -0.153084
-0.286865 0.046021 -0.063110 -0.557750 0.089477 -0.122705
-0.292358 0.054321 -0.059204 -0.568430 0.105616 -0.115110
-0.288574 0.080566 -0.066528 -0.561072 0.156645 -0.129350
-0.287964 0.090088 -0.078369 -0.559886 0.175157 -0.152372
-0.308105 0.069092 -0.084961 -0.599047 0.134335 -0.165189
-0.340454 0.043213 -0.090576 -0.661942 0.084018 -0.176106
-0.360962 0.024902 -0.090698 -0.701815 0.048417 -0.176344
-0.365723 0.016846 -0.081909 -0.711071 0.032753 -0.159255
-0.373657 0.015625 -0.066284 -0.726499 0.030380 -0.128876
-0.378418 0.019653 -0.059570 -0.735755 0.038212 -0.115822
-0.368530 0.038696 -0.061768 -0.716530 0.075237 -0.120094
-0.356812 0.057861 -0.067627 -0.693746 0.112499 -0.131487
-0.358643 0.057617 -0.091064 -0.697306 0.112025 -0.177056
-0.343018 0.067139 -0.111084 -0.666926 0.130537 -0.215980
-0.320801 0.053467 -0.105225 -0.623730 0.103955 -0.204587
-0.323975 0.018188 -0.087280 -0.629901 0.035364 -0.169698
-0.318604 0.013550 -0.069824 -0.619458 0.026345 -0.135759
-0.295654 0.032227 -0.048706 -0.574838 0.062658 -0.094699
-0.275879 0.039673 -0.028198 -0.536389 0.077136 -0.054826
-0.275146 0.042358 -0.023926 -0.534965 0.082357 -0.046519
-0.268066 0.055420 -0.029785 -0.521199 0.107752 -0.057911
-0.256714 0.070923 -0.051392 -0.499127 0.137895 -0.099920
-0.243896 0.099731 -0.083130 -0.474206 0.193907 -0.161629
-0.240601 0.101563 -0.106567 -0.467798 0.197467 -0.207198
-0.232178 0.093750 -0.108521 -0.451421 0.182277 -0.210996
-0.217773 0.092651 -0.091064 -0.423415 0.180141 -0.177056
-0.203369 0.105713 -0.062012 -0.395409 0.205537 -0.120569
-0.180054 0.135254 -0.029541 -0.350077 0.262973 -0.057436
-0.157227 0.171631 -0.007080 -0.305694 0.333700 -0.013766
-0.134399 0.199219 0.002686 -0.261312 0.387339 0.005221
-0.111450 0.216187 0.000366 -0.216692 0.420330 0.000712
-0.084473 0.228394 -0.008301 -0.164239 0.444064 -0.016139
-0.064819 0.227539 -0.015747 -0.126028 0.442402 -0.030617
-0.054443 0.216309 -0.015259 -0.105854 0.420567 -0.029668
-0.041382 0.209351 -0.007202 -0.080458 0.407039 -0.014003
-0.029541 0.209717 0.000977 -0.057436 0.407751 0.001899
-0.024414 0.200928 0.010620 -0.047468 0.390662 0.020649
-0.028687 0.182495 0.016724 -0.055775 0.354824 0.032516
-0.043701 0.161743 0.006958 -0.084968 0.314476 0.013528
-0.068970 0.135864 -0.015869 -0.134097 0.264160 -0.030854
-0.086670 0.106689 -0.038574 -0.168512 0.207435 -0.075000
-0.093384 0.084961 -0.058350 -0.181565 0.165189 -0.113449
-0.098267 0.070801 -0.073730 -0.191059 0.137657 -0.143354
-0.098511 0.066895 -0.081299 -0.191534 0.130062 -0.158069
-0.098999 0.068359 -0.078613 -0.192483 0.132911 -0.152847
-0.100708 0.076904 -0.069946 -0.195806 0.149524 -0.135996
-0.094238 0.091431 -0.060913 -0.183227 0.177768 -0.118433
-0.091187 0.098022 -0.054321 -0.177293 0.190584 -0.105616
-0.088623 0.101074 -0.056885 -0.172309 0.196518 -0.110601
-0.081909 0.104492 -0.067017 -0.159255 0.203163 -0.130300
-0.081787 0.095581 -0.078003 -0.159018 0.185837 -0.151660
-0.091064 0.072998 -0.084229 -0.177056 0.141929 -0.163765
-0.094116 0.055664 -0.088745 -0.182989 0.108227 -0.172546
-0.092651 0.050049 -0.090576 -0.180141 0.097310 -0.176106
-0.080933 0.050659 -0.081665 -0.157357 0.098496 -0.158781
-0.063477 0.066895 -0.068970 -0.123417 0.130062 -0.134097
-0.047119 0.092529 -0.059204 -0.091613 0.179904 -0.115110
-0.039795 0.112427 -0.047852 -0.077373 0.218590 -0.093037
-0.033936 0.122192 -0.035522 -0.065981 0.237578 -0.069066
-0.036865 0.100342 -0.036377 -0.071677 0.195094 -0.070727
-0.050903 0.060913 -0.042114 -0.098971 0.118433 -0.081882
-0.053223 0.035645 -0.048950 -0.103480 0.069303 -0.095173
-0.049805 0.021240 -0.052368 -0.096835 0.041297 -0.101819
-0.044189 0.012573 -0.050415 -0.085917 0.024446 -0.098022
-0.035278 0.010986 -0.037842 -0.068591 0.021361 -0.073575
-0.025146 0.009766 -0.020264 -0.048892 0.018987 -0.039398
-0.019653 0.016235 -0.002319 -0.038212 0.031566 -0.004509
-0.004395 0.036377 0.006958 -0.008544 0.070727 0.013528
0.024048 0.079712 0.012695 0.046756 0.154983 0.024683
0.038574 0.125610 0.012451 0.075000 0.244223 0.024209
0.041260 0.146240 0.012939 0.080221 0.284334 0.025158
0.040527 0.147949 0.015137 0.078797 0.287656 0.029430
0.038208 0.142700 0.012329 0.074288 0.277451 0.023971
0.036255 0.134888 0.003052 0.070490 0.262261 0.005934
0.028687 0.119263 -0.005615 0.055775 0.231881 -0.010918
0.015137 0.098755 -0.014282 0.029430 0.192008 -0.027769
0.003662 0.079346 -0.030273 0.007120 0.154271 -0.058860
