-0.072021 -0.093994 0.080566 -0.140031 -0.182752 0.156645
-0.011108 -0.037720 0.030518 -0.021598 -0.073338 0.059335
-0.063110 0.030273 -0.030396 -0.122705 0.058860 -0.059098
-0.079468 0.011108 -0.096069 -0.154509 0.021598 -0.186787
-0.039307 0.022583 -0.128540 -0.076424 0.043908 -0.249919
-0.044556 -0.002075 -0.123413 -0.086629 -0.004035 -0.239951
-0.041260 0.011108 -0.113647 -0.080221 0.021598 -0.220964
-0.043945 0.032349 -0.104004 -0.085443 0.062895 -0.202214
-0.046875 0.047363 -0.090820 -0.091139 0.092088 -0.176581
-0.037964 0.061646 -0.081787 -0.073813 0.119857 -0.159018
-0.033936 0.061523 -0.078247 -0.065981 0.119620 -0.152135
-0.042725 0.041748 -0.072266 -0.083069 0.081170 -0.140505
-0.057373 0.018799 -0.060547 -0.111550 0.036550 -0.117721
-0.070923 -0.000244 -0.050781 -0.137895 -0.000475 -0.098734
-0.075806 -0.012329 -0.051758 -0.147388 -0.023971 -0.100632
-0.064941 -0.007935 -0.052368 -0.126265 -0.015427 -0.101819
-0.043213 0.007080 -0.042480 -0.084018 0.013766 -0.082594
-0.036255 0.015747 -0.035400 -0.070490 0.030617 -0.068829
-0.046509 -0.001343 -0.041748 -0.090427 -0.002611 -0.081170
-0.055054 -0.018677 -0.045532 -0.107040 -0.036313 -0.088528
-0.055664 -0.026245 -0.039429 -0.108227 -0.051028 -0.076661
-0.054321 -0.031006 -0.037964 -0.105616 -0.060284 -0.073813
-0.061279 -0.035889 -0.036377 -0.119145 -0.069778 -0.070727
-0.076904 -0.043091 -0.032959 -0.149524 -0.083781 -0.064082
-0.091553 -0.046509 -0.027954 -0.178005 -0.090427 -0.054351
-0.098511 -0.036987 -0.025879 -0.191534 -0.071914 -0.050316
-0.098022 -0.026123 -0.032104 -0.190584 -0.050791 -0.062420
-0.091553 -0.018799 -0.040039 -0.178005 -0.036550 -0.077848
-0.081787 -0.011230 -0.053833 -0.159018 -0.021835 -0.104667
-0.070190 -0.001343 -0.071167 -0.136471 -0.002611 -0.138369
-0.068481 0.002808 -0.083740 -0.133148 0.005459 -0.162815
-0.077515 -0.005371 -0.083374 -0.150711 -0.010443 -0.162103
-0.091797 -0.026001 -0.068481 -0.178480 -0.050553 -0.133148
-0.106689 -0.042847 -0.053101 -0.207435 -0.083306 -0.103243
-0.113892 -0.049194 -0.045410 -0.221438 -0.095648 -0.088291
-0.117188 -0.053711 -0.044067 -0.227847 -0.104430 -0.085680
-0.119263 -0.055420 -0.050659 -0.231881 -0.107752 -0.098496
-0.123657 -0.059814 -0.064209 -0.240426 -0.116297 -0.124841
-0.127197 -0.071045 -0.071899 -0.247309 -0.138132 -0.139793
-0.123535 -0.070068 -0.079102 -0.240188 -0.136233 -0.153797
-0.123535 -0.055542 -0.085571 -0.240188 -0.107990 -0.166376
-0.129272 -0.041504 -0.083252 -0.251343 -0.080696 -0.161866
-0.131104 -0.025024 -0.077637 -0.254903 -0.048655 -0.150948
-0.126953 -0.006104 -0.077393 -0.246834 -0.011867 -0.150474
-0.125977 0.001953 -0.083252 -0.244935 0.003797 -0.161866
-0.130493 -0.001587 -0.089966 -0.253717 -0.003085 -0.174920
-0.134155 -0.013306 -0.091309 -0.260837 -0.025870 -0.177531
-0.139648 -0.025513 -0.091675 -0.271517 -0.049604 -0.178243
-0.144531 -0.038452 -0.095093 -0.281011 -0.074762 -0.184888
-0.146362 -0.052368 -0.088745 -0.284571 -0.101819 -0.172546
-0.156128 -0.064453 -0.080811 -0.303558 -0.125316 -0.157119
-0.166382 -0.071167 -0.077393 -0.323495 -0.138369 -0.150474
-0.162231 -0.063721 -0.074219 -0.315425 -0.123892 -0.144303
-0.148315 -0.046509 -0.080078 -0.288368 -0.090427 -0.155695
-0.142700 -0.036499 -0.081055 -0.277451 -0.070965 -0.157594
-0.147827 -0.033936 -0.074707 -0.287419 -0.065981 -0.145252
-0.149292 -0.028076 -0.069214 -0.290267 -0.054588 -0.134572
-0.144775 -0.018188 -0.066406 -0.281486 -0.035364 -0.129113
-0.141968 -0.009155 -0.070068 -0.276027 -0.017801 -0.136233
-0.144531 -0.007935 -0.073364 -0.281011 -0.015427 -0.142642
-0.148682 -0.014160 -0.078247 -0.289080 -0.027531 -0.152135
-0.154907 -0.022095 -0.083374 -0.301185 -0.042959 -0.162103
-0.164063 -0.028931 -0.081055 -0.318985 -0.056250 -0.157594
-0.170166 -0.031738 -0.075806 -0.330852 -0.061708 -0.147388
-0.167847 -0.031372 -0.067017 -0.326343 -0.060996 -0.130300
-0.161499 -0.028809 -0.062012 -0.314001 -0.056012 -0.120569
-0.159058 -0.025269 -0.069092 -0.309254 -0.049129 -0.134335
-0.159180 -0.026001 -0.077026 -0.309492 -0.050553 -0.149762
-0.160278 -0.032837 -0.075562 -0.311628 -0.063845 -0.146914
-0.166260 -0.034546 -0.066895 -0.323257 -0.067167 -0.130062
-0.169312 -0.026245 -0.063477 -0.329191 -0.051028 -0.123417
-0.163330 -0.014771 -0.066162 -0.317561 -0.028718 -0.128638
-0.160400 -0.012085 -0.074951 -0.311865 -0.023497 -0.145727
-0.160767 -0.013916 -0.083618 -0.312577 -0.027057 -0.162578
-0.158936 -0.010742 -0.088135 -0.309017 -0.020886 -0.171360
-0.166016 -0.015747 -0.090698 -0.322783 -0.030617 -0.176344
-0.174316 -0.026367 -0.088135 -0.338922 -0.051266 -0.171360
-0.175537 -0.027100 -0.083496 -0.341295 -0.052690 -0.162341
-0.166626 -0.020142 -0.083984 -0.323969 -0.039161 -0.163290
-0.156006 -0.014771 -0.084106 -0.303321 -0.028718 -0.163527
-0.155640 -0.014893 -0.080444 -0.302609 -0.028956 -0.156407
-0.156006 -0.018921 -0.080444 -0.303321 -0.036788 -0.156407
-0.152588 -0.017090 -0.087402 -0.296675 -0.033228 -0.169936
-0.148071 -0.009766 -0.091431 -0.287894 -0.018987 -0.177768
-0.146606 -0.007813 -0.093872 -0.285046 -0.015190 -0.182515
-0.146240 -0.007935 -0.090942 -0.284334 -0.015427 -0.176819
-0.150024 -0.011597 -0.084717 -0.291691 -0.022547 -0.164714
-0.158569 -0.025757 -0.076904 -0.308305 -0.050079 -0.149524
-0.161499 -0.031738 -0.076660 -0.314001 -0.061708 -0.149050
-0.159790 -0.028564 -0.075195 -0.310678 -0.055538 -0.146202
-0.154541 -0.022705 -0.069702 -0.300473 -0.044145 -0.135521
-0.153687 -0.017822 -0.067993 -0.298811 -0.034652 -0.132199
-0.161743 -0.022949 -0.070801 -0.314476 -0.044620 -0.137657
-0.168213 -0.027588 -0.079468 -0.327055 -0.053639 -0.154509
-0.161499 -0.015259 -0.087524 -0.314001 -0.029668 -0.170173
-0.148438 -0.002075 -0.096924 -0.288606 -0.004035 -0.188448
-0.147705 0.000122 -0.103149 -0.287182 0.000237 -0.200553
-0.153320 0.001953 -0.101440 -0.298099 0.003797 -0.197230
-0.153442 0.001709 -0.096191 -0.298337 0.003323 -0.187024
-0.148315 -0.000732 -0.087036 -0.288368 -0.001424 -0.169224
-0.149048 -0.006348 -0.080566 -0.289792 -0.012342 -0.156645
-0.159790 -0.026123 -0.080078 -0.310678 -0.050791 -0.155695
-0.162109 -0.030884 -0.080688 -0.315188 -0.060047 -0.156882
-0.154663 -0.028687 -0.076538 -0.300710 -0.055775 -0.148812
-0.147339 -0.024902 -0.069214 -0.286470 -0.048417 -0.134572
-0.139038 -0.007690 -0.066895 -0.270331 -0.014952 -0.130062
-0.131592 0.007935 -0.069946 -0.255853 0.015427 -0.135996
-0.127930 0.006836 -0.074951 -0.248733 0.013291 -0.145727
-0.125122 0.002197 -0.082031 -0.243274 0.004272 -0.159493
-0.126831 -0.005737 -0.084473 -0.246597 -0.011155 -0.164239
-0.133179 -0.018066 -0.082153 -0.258938 -0.035126 -0.159730
-0.142212 -0.036133 -0.077515 -0.276501 -0.070253 -0.150711
-0.148193 -0.047363 -0.071655 -0.288131 -0.092088 -0.139319
-0.144165 -0.041626 -0.069214 -0.280299 -0.080933 -0.134572
-0.136230 -0.021851 -0.071045 -0.264872 -0.042484 -0.138132
-0.128418 -0.000977 -0.076782 -0.249682 -0.001899 -0.149287
-0.121704 0.007080 -0.086304 -0.236628 0.013766 -0.167800
-0.117554 0.007324 -0.098755 -0.228559 0.014240 -0.192008
-0.122314 0.001709 -0.103882 -0.237815 0.003323 -0.201977
-0.132690 -0.007813 -0.100952 -0.257989 -0.015190 -0.196280
-0.138672 -0.018677 -0.094238 -0.269619 -0.036313 -0.183227
-0.139893 -0.027100 -0.085205 -0.271992 -0.052690 -0.165664
-0.143921 -0.031494 -0.074585 -0.279824 -0.061234 -0.145015
-0.146484 -0.033813 -0.068726 -0.284808 -0.065743 -0.133623
-0.141968 -0.028687 -0.070557 -0.276027 -0.055775 -0.137183
-0.142700 -0.026001 -0.072754 -0.277451 -0.050553 -0.141455
-0.144287 -0.018433 -0.079346 -0.280536 -0.035838 -0.154271
-0.146118 -0.012817 -0.093994 -0.284096 -0.024921 -0.182752
-0.140503 -0.014160 -0.102051 -0.273179 -0.027531 -0.198416
-0.133789 -0.031860 -0.092651 -0.260125 -0.061946 -0.180141
-0.180786 -0.068726 -0.085571 -0.351501 -0.133623 -0.166376
-0.187134 -0.057129 -0.085938 -0.363843 -0.111075 -0.167088
-0.149658 -0.023071 -0.080078 -0.290979 -0.044857 -0.155695
-0.131836 -0.015015 -0.069336 -0.256328 -0.029193 -0.134809
-0.146851 -0.024536 -0.065796 -0.285520 -0.047705 -0.127926
-0.154175 -0.024780 -0.076294 -0.299761 -0.048180 -0.148338
-0.148926 -0.024048 -0.090576 -0.289555 -0.046756 -0.176106
-0.145874 -0.026978 -0.097046 -0.283622 -0.052452 -0.188686
-0.147705 -0.029297 -0.095703 -0.287182 -0.056962 -0.186075
-0.155518 -0.036499 -0.093384 -0.302372 -0.070965 -0.181565
-0.160156 -0.045410 -0.085938 -0.311390 -0.088291 -0.167088
-0.158813 -0.046875 -0.078125 -0.308780 -0.091139 -0.151898
-0.148071 -0.040161 -0.081665 -0.287894 -0.078085 -0.158781
-0.140625 -0.033447 -0.090820 -0.273416 -0.065031 -0.176581
-0.138550 -0.034302 -0.095459 -0.269381 -0.066693 -0.185600
-0.138672 -0.029053 -0.097168 -0.269619 -0.056487 -0.188923
-0.140381 -0.027954 -0.093506 -0.272941 -0.054351 -0.181803
-0.139282 -0.028687 -0.081543 -0.270805 -0.055775 -0.158543
-0.131470 -0.019043 -0.073853 -0.255615 -0.037025 -0.143591
-0.125366 -0.005981 -0.078613 -0.243748 -0.011630 -0.152847
