-0.106323 -0.043091 0.087646 -0.206723 -0.083781 0.170410
-0.161987 -0.034546 0.063843 -0.314951 -0.067167 0.124129
-0.194702 -0.038696 0.000366 -0.378558 -0.075237 0.000712
-0.317505 0.008423 -0.038574 -0.617322 0.016376 -0.075000
-0.325684 0.004150 -0.065063 -0.633224 0.008070 -0.126502
-0.322266 -0.010498 -0.069092 -0.626578 -0.020411 -0.134335
-0.248535 -0.005737 -0.058228 -0.483225 -0.011155 -0.113211
-0.144775 -0.000488 -0.054565 -0.281486 -0.000949 -0.106091
-0.122070 0.019287 -0.067505 -0.237340 0.037500 -0.131249
-0.115356 0.010132 -0.061646 -0.224287 0.019699 -0.119857
-0.082642 0.023193 -0.062988 -0.160679 0.045095 -0.122468
-0.061523 0.038574 -0.063354 -0.119620 0.075000 -0.123180
-0.026489 0.044067 -0.036133 -0.051503 0.085680 -0.070253
-0.022949 0.046143 -0.019897 -0.044620 0.089715 -0.038686
-0.025513 0.049561 -0.016602 -0.049604 0.096360 -0.032278
-0.022583 0.066772 -0.016968 -0.043908 0.129825 -0.032990
-0.033569 0.061157 -0.018311 -0.065269 0.118907 -0.035601
-0.045044 0.051880 -0.020386 -0.087579 0.100870 -0.039636
-0.049561 0.040039 -0.015015 -0.096360 0.077848 -0.029193
-0.064819 0.022583 -0.013672 -0.126028 0.043908 -0.026582
-0.087646 0.008911 -0.025146 -0.170410 0.017326 -0.048892
-0.102295 -0.001587 -0.032593 -0.198891 -0.003085 -0.063370
-0.117798 -0.015869 -0.041138 -0.229033 -0.030854 -0.079984
-0.138428 -0.020020 -0.046265 -0.269144 -0.038924 -0.089952
-0.155396 -0.024780 -0.044922 -0.302134 -0.048180 -0.087341
-0.165283 -0.025024 -0.039917 -0.321359 -0.048655 -0.077610
-0.171265 -0.020386 -0.033203 -0.332988 -0.039636 -0.064557
-0.170044 -0.022827 -0.021240 -0.330615 -0.044383 -0.041297
-0.161865 -0.016846 -0.008545 -0.314713 -0.032753 -0.016614
-0.165039 -0.005127 0.002808 -0.320884 -0.009968 0.005459
-0.184937 0.003540 0.004639 -0.359571 0.006883 0.009019
-0.217773 0.002075 0.000977 -0.423415 0.004035 0.001899
-0.240234 0.006470 0.006226 -0.467086 0.012579 0.012104
-0.253540 0.006348 0.027588 -0.492956 0.012342 0.053639
-0.281250 0.001099 0.047119 -0.546832 0.002136 0.091613
-0.332275 -0.002930 0.052734 -0.646040 -0.005696 0.102531
-0.400757 -0.007080 0.017090 -0.779188 -0.013766 0.033228
-0.489868 -0.007202 -0.060791 -0.952447 -0.014003 -0.118195
-0.593140 -0.010376 -0.144043 -1.153236 -0.020174 -0.280062
-0.705078 -0.011719 -0.204346 -1.370878 -0.022785 -0.397308
-0.808228 -0.022461 -0.239380 -1.571430 -0.043671 -0.465424
-0.884033 -0.035645 -0.248169 -1.718818 -0.069303 -0.482513
-0.939209 -0.033203 -0.235840 -1.826096 -0.064557 -0.458541
-0.974121 -0.050903 -0.234497 -1.893975 -0.098971 -0.455931
-0.995605 -0.067871 -0.238525 -1.935747 -0.131961 -0.463763
-1.004517 -0.093506 -0.222046 -1.953073 -0.181803 -0.431722
-0.971069 -0.100952 -0.198242 -1.888042 -0.196280 -0.385441
-0.886230 -0.101074 -0.197754 -1.723090 -0.196518 -0.384491
-0.799316 -0.106323 -0.189819 -1.554104 -0.206723 -0.369064
-0.751709 -0.094116 -0.152710 -1.461541 -0.182989 -0.296913
-0.773193 -0.044678 -0.121094 -1.503313 -0.086867 -0.235442
-0.827515 0.008667 -0.098267 -1.608930 0.016851 -0.191059
-0.847168 0.058716 -0.053833 -1.647142 0.114161 -0.104667
-0.867676 0.036377 -0.022705 -1.687015 0.070727 -0.044145
-0.911377 -0.037720 -0.008423 -1.771983 -0.073338 -0.016376
-0.902710 -0.107178 -0.009399 -1.755131 -0.208385 -0.018275
-1.022827 -0.354614 -0.123047 -1.988674 -0.689474 -0.239239
-1.255493 -0.554443 -0.170410 -2.441045 -1.078000 -0.331327
-1.185669 -0.595093 -0.148438 -2.305286 -1.157034 -0.288606
-0.887451 -0.463989 -0.149780 -1.725464 -0.902130 -0.291217
-0.597778 -0.258667 -0.101318 -1.162255 -0.502924 -0.196992
-0.523926 -0.208862 0.013306 -1.018664 -0.406089 0.025870
-0.645264 -0.333008 0.093384 -1.254581 -0.647464 0.181565
-0.746704 -0.532349 0.163086 -1.451810 -1.035041 0.317087
-0.747070 -0.677856 0.236328 -1.452523 -1.317951 0.459491
-0.613525 -0.694458 0.304443 -1.192872 -1.350229 0.591927
-0.383057 -0.542603 0.326172 -0.744774 -1.054978 0.634173
-0.183594 -0.350586 0.327148 -0.356960 -0.681641 0.636072
-0.020874 -0.176514 0.342651 -0.040585 -0.343194 0.666214
0.114624 -0.023560 0.335205 0.222863 -0.045807 0.651736
0.207764 0.107788 0.293701 0.403953 0.209571 0.571041
0.245117 0.204834 0.233398 0.476579 0.398257 0.453795
0.220825 0.257446 0.150269 0.429349 0.500551 0.292166
0.162354 0.276367 0.063721 0.315663 0.537338 0.123892
0.078369 0.268555 -0.001953 0.152372 0.522149 -0.003797
-0.051514 0.199219 -0.034668 -0.100158 0.387339 -0.067405
-0.223145 0.060791 -0.058350 -0.433858 0.118195 -0.113449
-0.334473 -0.033569 -0.112183 -0.650312 -0.065269 -0.218116
-0.370361 -0.070435 -0.158813 -0.720090 -0.136945 -0.308780
-0.377441 -0.083984 -0.192627 -0.733856 -0.163290 -0.374523
-0.364990 -0.071533 -0.204346 -0.709647 -0.139081 -0.397308
-0.342773 -0.054810 -0.186523 -0.666452 -0.106566 -0.362656
-0.301392 -0.023071 -0.150269 -0.585993 -0.044857 -0.292166
-0.221558 0.037476 -0.108521 -0.430773 0.072863 -0.210996
-0.131958 0.097778 -0.073608 -0.256565 0.190110 -0.143116
-0.066284 0.141846 -0.041138 -0.128876 0.275789 -0.079984
-0.019409 0.156128 -0.011108 -0.037737 0.303558 -0.021598
0.005981 0.144287 0.012939 0.011630 0.280536 0.025158
-0.026611 0.088013 0.024170 -0.051740 0.171122 0.046993
0.003052 0.030518 0.013794 0.005934 0.059335 0.026819
0.165161 0.144775 -0.033936 0.321121 0.281486 -0.065981
0.231812 0.257324 -0.027588 0.450709 0.500313 -0.053639
0.196899 0.263672 -0.000977 0.382830 0.512655 -0.001899
0.114136 0.188477 0.019531 0.221913 0.366453 0.037974
0.021606 0.097412 0.041504 0.042009 0.189398 0.080696
-0.005249 0.081787 0.041748 -0.010206 0.159018 0.081170
-0.017944 0.075195 0.039185 -0.034889 0.146202 0.076186
-0.007202 0.085083 0.024414 -0.014003 0.165426 0.047468
0.000366 0.102417 0.001343 0.000712 0.199128 0.002611
0.014038 0.090698 -0.016968 0.027294 0.176344 -0.032990
0.022827 0.056030 -0.033447 0.044383 0.108939 -0.065031
0.023560 0.026611 -0.037720 0.045807 0.051740 -0.073338
0.022217 0.024536 -0.037354 0.043196 0.047705 -0.072626
0.025024 0.041138 -0.035034 0.048655 0.079984 -0.068117
0.026245 0.048096 -0.025879 0.051028 0.093512 -0.050316
0.030884 0.046265 -0.015869 0.060047 0.089952 -0.030854
0.046509 0.050293 -0.010864 0.090427 0.097784 -0.021123
0.065430 0.063477 -0.008789 0.127214 0.123417 -0.017089
0.075317 0.070557 -0.013794 0.146439 0.137183 -0.026819
0.076660 0.068115 -0.021362 0.149050 0.132436 -0.041535
0.068481 0.053833 -0.023193 0.133148 0.104667 -0.045095
0.047485 0.027954 -0.023926 0.092325 0.054351 -0.046519
0.017578 0.000488 -0.031738 0.034177 0.000949 -0.061708
-0.007080 -0.024536 -0.036865 -0.013766 -0.047705 -0.071677
-0.025757 -0.042236 -0.036011 -0.050079 -0.082120 -0.070015
-0.040405 -0.050415 -0.028809 -0.078560 -0.098022 -0.056012
-0.039673 -0.031860 -0.016968 -0.077136 -0.061946 -0.032990
-0.026855 -0.005371 -0.007935 -0.052215 -0.010443 -0.015427
-0.009277 0.003296 -0.002319 -0.018038 0.006408 -0.004509
0.013550 0.008057 0.002930 0.026345 0.015664 0.005696
0.028320 0.028198 0.002563 0.055063 0.054826 0.004984
0.030518 0.052368 0.001587 0.059335 0.101819 0.003085
0.029663 0.059448 -0.004517 0.057674 0.115585 -0.008782
0.026978 0.050781 -0.012573 0.052452 0.098734 -0.024446
0.024170 0.038818 -0.022217 0.046993 0.075474 -0.043196
0.017944 0.027344 -0.033325 0.034889 0.053164 -0.064794
0.013794 0.020874 -0.039063 0.026819 0.040585 -0.075949
0.010132 0.024658 -0.039551 0.019699 0.047943 -0.076898
0.003784 0.026489 -0.034546 0.007358 0.051503 -0.067167
0.000366 0.018921 -0.022705 0.000712 0.036788 -0.044145
0.003906 0.011475 -0.009277 0.007595 0.022310 -0.018038
0.012451 0.024048 -0.003662 0.024209 0.046756 -0.007120
0.020996 0.042236 -0.007324 0.040823 0.082120 -0.014240
0.017700 0.033813 -0.017944 0.034414 0.065743 -0.034889
0.005615 0.007202 -0.027954 0.010918 0.014003 -0.054351
-0.011475 -0.013550 -0.037842 -0.022310 -0.026345 -0.073575
-0.027100 -0.025879 -0.042725 -0.052690 -0.050316 -0.083069
-0.035156 -0.042603 -0.036499 -0.068354 -0.082832 -0.070965
-0.039795 -0.050293 -0.024048 -0.077373 -0.097784 -0.046756
-0.034302 -0.044189 -0.010498 -0.066693 -0.085917 -0.020411
-0.024902 -0.035400 -0.004639 -0.048417 -0.068829 -0.009019
-0.021118 -0.027100 -0.005615 -0.041060 -0.052690 -0.010918
-0.021240 -0.022705 -0.007446 -0.041297 -0.044145 -0.014478
-0.020142 -0.015503 -0.008667 -0.039161 -0.030142 -0.016851
-0.017822 -0.003296 -0.012329 -0.034652 -0.006408 -0.023971
-0.015625 -0.003662 -0.019653 -0.030380 -0.007120 -0.038212
-0.014893 -0.012329 -0.030396 -0.028956 -0.023971 -0.059098
-0.013184 -0.019897 -0.038208 -0.025633 -0.038686 -0.074288
-0.016602 -0.024780 -0.043457 -0.032278 -0.048180 -0.084493
-0.019531 -0.024414 -0.041748 -0.037974 -0.047468 -0.081170
