-0.191772 -0.020874 0.007324 -0.372862 -0.040585 0.014240
-0.312500 0.023926 -0.012573 -0.607591 0.046519 -0.024446
-0.545532 0.023315 0.053833 -1.060674 0.045332 0.104667
-0.784668 0.046387 0.051025 -1.525623 0.090189 0.099208
-0.821167 -0.001709 -0.059692 -1.596588 -0.003323 -0.116059
-0.763306 -0.004028 -0.138428 -1.484089 -0.007832 -0.269144
-0.567383 0.002319 -0.099121 -1.103158 0.004509 -0.192720
-0.347656 0.035522 -0.010742 -0.675945 0.069066 -0.020886
-0.188721 0.065796 0.038452 -0.366928 0.127926 0.074762
-0.130005 0.068481 0.047241 -0.252767 0.133148 0.091851
-0.133911 0.052734 0.025879 -0.260362 0.102531 0.050316
-0.146729 0.048828 0.013184 -0.285283 0.094936 0.025633
-0.150146 0.034424 0.010132 -0.291929 0.066930 0.019699
-0.120972 0.044067 0.013550 -0.235204 0.085680 0.026345
-0.091309 0.057617 0.020386 -0.177531 0.112025 0.039636
-0.084473 0.032959 0.027710 -0.164239 0.064082 0.053876
-0.090210 0.012085 0.028320 -0.175394 0.023497 0.055063
-0.098145 0.002075 0.032349 -0.190822 0.004035 0.062895
-0.094604 0.000244 0.025879 -0.183939 0.000475 0.050316
-0.090576 -0.002930 0.012939 -0.176106 -0.005696 0.025158
-0.084595 -0.002686 0.006592 -0.164477 -0.005221 0.012816
-0.084229 0.004272 -0.003418 -0.163765 0.008307 -0.006646
-0.080322 0.005127 -0.011597 -0.156170 0.009968 -0.022547
-0.071045 -0.004395 -0.008789 -0.138132 -0.008544 -0.017089
-0.065063 0.000366 -0.011230 -0.126502 0.000712 -0.021835
-0.066406 0.013550 -0.017822 -0.129113 0.026345 -0.034652
-0.069824 0.011963 -0.022217 -0.135759 0.023259 -0.043196
-0.067261 0.004028 -0.023682 -0.130774 0.007832 -0.046044
-0.060059 0.011597 -0.020874 -0.116771 0.022547 -0.040585
-0.060181 0.019653 -0.015747 -0.117009 0.038212 -0.030617
-0.067017 0.013794 -0.013428 -0.130300 0.026819 -0.026107
-0.069824 0.015381 -0.022949 -0.135759 0.029905 -0.044620
-0.075195 0.025024 -0.036743 -0.146202 0.048655 -0.071439
-0.083130 0.017700 -0.048706 -0.161629 0.034414 -0.094699
-0.095215 -0.003906 -0.054565 -0.185125 -0.007595 -0.106091
-0.097534 -0.025513 -0.058594 -0.189635 -0.049604 -0.113923
-0.080811 -0.019775 -0.057983 -0.157119 -0.038449 -0.112737
-0.068237 0.003540 -0.053589 -0.132673 0.006883 -0.104192
-0.097290 -0.000244 -0.048584 -0.189160 -0.000475 -0.094461
-0.110352 -0.012573 -0.039429 -0.214556 -0.024446 -0.076661
-0.101440 -0.019165 -0.031860 -0.197230 -0.037262 -0.061946
-0.094971 -0.008057 -0.030396 -0.184651 -0.015664 -0.059098
-0.095459 0.003784 -0.031738 -0.185600 0.007358 -0.061708
-0.099609 0.001953 -0.033936 -0.193670 0.003797 -0.065981
-0.105713 0.000977 -0.044434 -0.205537 0.001899 -0.086392
-0.126709 -0.008301 -0.053711 -0.246359 -0.016139 -0.104430
-0.156250 -0.024902 -0.057617 -0.303796 -0.048417 -0.112025
-0.178711 -0.044556 -0.061768 -0.347466 -0.086629 -0.120094
-0.177734 -0.055054 -0.063965 -0.345567 -0.107040 -0.124366
-0.162476 -0.050171 -0.058838 -0.315900 -0.097547 -0.114398
-0.147705 -0.042603 -0.046265 -0.287182 -0.082832 -0.089952
-0.148682 -0.037231 -0.033936 -0.289080 -0.072389 -0.065981
-0.149414 -0.033936 -0.025757 -0.290505 -0.065981 -0.050079
-0.149780 -0.026001 -0.020752 -0.291217 -0.050553 -0.040348
-0.155640 -0.018921 -0.018921 -0.302609 -0.036788 -0.036788
-0.159546 -0.004150 -0.014526 -0.310204 -0.008070 -0.028243
-0.165405 0.001953 -0.016724 -0.321596 0.003797 -0.032516
-0.164429 -0.003174 -0.025757 -0.319697 -0.006171 -0.050079
-0.159424 -0.006836 -0.038818 -0.309966 -0.013291 -0.075474
-0.167725 -0.008179 -0.045776 -0.326106 -0.015902 -0.089003
-0.180908 -0.014160 -0.038208 -0.351738 -0.027531 -0.074288
-0.189941 -0.008911 -0.027222 -0.369301 -0.017326 -0.052927
-0.198608 -0.000977 -0.017090 -0.386153 -0.001899 -0.033228
-0.206421 -0.007935 -0.013428 -0.401342 -0.015427 -0.026107
-0.200928 -0.020752 -0.021606 -0.390662 -0.040348 -0.042009
-0.189209 -0.024536 -0.036377 -0.367877 -0.047705 -0.070727
-0.184570 -0.023438 -0.049438 -0.358858 -0.045569 -0.096123
-0.185791 -0.031250 -0.038330 -0.361232 -0.060759 -0.074525
-0.185181 -0.037720 -0.020264 -0.360045 -0.073338 -0.039398
-0.185181 -0.027710 -0.006348 -0.360045 -0.053876 -0.012342
-0.186523 -0.010986 0.002441 -0.362656 -0.021361 0.004747
-0.189087 -0.000122 -0.005615 -0.367640 -0.000237 -0.010918
-0.196533 -0.000610 -0.026245 -0.382118 -0.001187 -0.051028
-0.211426 -0.014038 -0.053467 -0.411073 -0.027294 -0.103955
-0.216064 -0.028442 -0.068970 -0.420092 -0.055300 -0.134097
-0.210083 -0.023193 -0.061035 -0.408463 -0.045095 -0.118670
-0.204468 -0.015381 -0.041382 -0.397545 -0.029905 -0.080458
-0.196289 -0.005737 -0.021851 -0.381643 -0.011155 -0.042484
-0.194946 -0.000244 -0.012329 -0.379032 -0.000475 -0.023971
-0.199219 0.009033 -0.010986 -0.387339 0.017563 -0.021361
-0.211060 0.005859 -0.016846 -0.410361 0.011392 -0.032753
-0.225708 -0.012817 -0.036011 -0.438842 -0.024921 -0.070015
-0.227905 -0.025269 -0.051758 -0.443114 -0.049129 -0.100632
-0.216309 -0.028076 -0.059082 -0.420567 -0.054588 -0.114873
-0.197144 -0.023438 -0.052490 -0.383305 -0.045569 -0.102056
-0.164551 -0.006592 -0.031738 -0.319935 -0.012816 -0.061708
-0.148926 0.013916 -0.013794 -0.289555 0.027057 -0.026819
-0.139038 0.026245 -0.007324 -0.270331 0.051028 -0.014240
-0.130615 0.025024 -0.008789 -0.253954 0.048655 -0.017089
-0.142700 0.021729 -0.024902 -0.277451 0.042247 -0.048417
-0.151978 0.007568 -0.038452 -0.295489 0.014715 -0.074762
-0.159424 -0.011841 -0.047729 -0.309966 -0.023022 -0.092800
-0.160156 -0.023315 -0.051636 -0.311390 -0.045332 -0.100395
-0.144653 -0.024536 -0.044556 -0.281248 -0.047705 -0.086629
-0.136353 -0.027222 -0.031372 -0.265109 -0.052927 -0.060996
-0.131714 -0.021606 -0.021118 -0.256090 -0.042009 -0.041060
-0.125732 -0.004883 -0.017334 -0.244460 -0.009494 -0.033702
-0.119263 0.011719 -0.020508 -0.231881 0.022785 -0.039873
-0.111938 0.028931 -0.029297 -0.217641 0.056250 -0.056962
-0.116455 0.030518 -0.049438 -0.226423 0.059335 -0.096123
-0.125854 0.021606 -0.060669 -0.244698 0.042009 -0.117958
-0.125977 0.007813 -0.063965 -0.244935 0.015190 -0.124366
-0.125854 -0.002441 -0.059937 -0.244698 -0.004747 -0.116534
-0.123291 -0.009155 -0.046143 -0.239714 -0.017801 -0.089715
-0.121460 -0.015015 -0.028320 -0.236154 -0.029193 -0.055063
-0.119263 -0.016724 -0.019043 -0.231881 -0.032516 -0.037025
-0.120850 -0.018677 -0.021484 -0.234967 -0.036313 -0.041772
-0.124878 -0.027466 -0.028809 -0.242799 -0.053402 -0.056012
-0.123291 -0.033081 -0.039063 -0.239714 -0.064319 -0.075949
-0.119141 -0.033081 -0.047729 -0.231644 -0.064319 -0.092800
-0.115845 -0.029907 -0.048462 -0.225236 -0.058148 -0.094224
-0.121704 -0.032227 -0.042358 -0.236628 -0.062658 -0.082357
-0.127686 -0.033447 -0.037964 -0.248258 -0.065031 -0.073813
-0.132690 -0.028442 -0.030640 -0.257989 -0.055300 -0.059572
-0.135254 -0.022583 -0.025146 -0.262973 -0.043908 -0.048892
-0.135864 -0.018555 -0.023438 -0.264160 -0.036076 -0.045569
-0.144043 -0.017456 -0.026855 -0.280062 -0.033940 -0.052215
-0.157471 -0.027832 -0.034058 -0.306169 -0.054114 -0.066218
-0.161499 -0.037598 -0.045532 -0.314001 -0.073101 -0.088528
-0.155273 -0.043335 -0.053101 -0.301897 -0.084256 -0.103243
-0.148682 -0.045776 -0.059204 -0.289080 -0.089003 -0.115110
-0.144409 -0.043945 -0.058716 -0.280774 -0.085443 -0.114161
-0.139648 -0.037720 -0.051025 -0.271517 -0.073338 -0.099208
-0.140747 -0.026611 -0.045288 -0.273653 -0.051740 -0.088053
-0.142212 -0.019775 -0.036499 -0.276501 -0.038449 -0.070965
-0.144287 -0.017578 -0.032959 -0.280536 -0.034177 -0.064082
-0.140991 -0.014282 -0.031494 -0.274128 -0.027769 -0.061234
-0.129028 -0.005493 -0.034912 -0.250869 -0.010680 -0.067879
-0.120850 -0.012695 -0.046143 -0.234967 -0.024683 -0.089715
-0.120605 -0.019287 -0.054810 -0.234492 -0.037500 -0.106566
-0.120117 -0.013428 -0.043335 -0.233543 -0.026107 -0.084256
-0.112427 -0.001587 -0.022583 -0.218590 -0.003085 -0.043908
-0.090088 0.012207 -0.009521 -0.175157 0.023734 -0.018513
-0.078613 0.026611 -0.015259 -0.152847 0.051740 -0.029668
-0.091919 0.036987 -0.029175 -0.178717 0.071914 -0.056724
-0.121094 0.030396 -0.042969 -0.235442 0.059098 -0.083544
-0.143311 0.002075 -0.054321 -0.278637 0.004035 -0.105616
-0.156128 -0.018311 -0.068970 -0.303558 -0.035601 -0.134097
-0.157227 -0.028442 -0.085083 -0.305694 -0.055300 -0.165426
-0.146362 -0.024292 -0.082275 -0.284571 -0.047231 -0.159967
-0.132446 -0.009644 -0.059814 -0.257514 -0.018750 -0.116297
-0.115723 0.011963 -0.031006 -0.224999 0.023259 -0.060284
-0.106934 0.025635 -0.006348 -0.207910 0.049841 -0.012342
-0.107544 0.024292 0.000977 -0.209097 0.047231 0.001899
-0.122070 0.010132 -0.010742 -0.237340 0.019699 -0.020886
-0.138062 -0.017334 -0.028320 -0.268432 -0.033702 -0.055063
-0.144897 -0.035400 -0.046997 -0.281723 -0.068829 -0.091376
-0.143433 -0.033813 -0.055054 -0.278875 -0.065743 -0.107040
-0.139404 -0.031616 -0.052246 -0.271043 -0.061471 -0.101582
-0.132568 -0.027466 -0.045044 -0.257752 -0.053402 -0.087579
