-0.172363 -0.018799 0.056641 -0.335124 -0.036550 0.110126
-0.228638 -0.000244 0.006470 -0.444538 -0.000475 0.012579
-0.291870 -0.030762 -0.171997 -0.567481 -0.059810 -0.334412
-0.238770 0.005615 -0.183105 -0.464238 0.010918 -0.356010
-0.203003 0.037842 -0.144409 -0.394697 0.073575 -0.280774
-0.161255 0.088013 -0.079590 -0.313527 0.171122 -0.154746
-0.100830 0.090698 -0.050293 -0.196043 0.176344 -0.097784
-0.090820 0.087769 -0.074463 -0.176581 0.170648 -0.144778
-0.115112 0.058472 -0.092163 -0.223812 0.113686 -0.179192
-0.111572 0.015503 -0.076172 -0.216929 0.030142 -0.148100
-0.093750 0.008301 -0.052002 -0.182277 0.016139 -0.101107
-0.073364 0.020752 -0.037354 -0.142642 0.040348 -0.072626
-0.026123 0.023682 -0.006226 -0.050791 0.046044 -0.012104
0.006592 0.037720 0.002808 0.012816 0.073338 0.005459
0.024536 0.048340 -0.001709 0.047705 0.093987 -0.003323
0.017090 0.033813 -0.007690 0.033228 0.065743 -0.014952
-0.014038 0.029785 -0.018188 -0.027294 0.057911 -0.035364
-0.026611 0.037354 -0.023804 -0.051740 0.072626 -0.046281
0.003418 0.052002 -0.011475 0.006646 0.101107 -0.022310
0.018799 0.052490 -0.008667 0.036550 0.102056 -0.016851
0.010864 0.028931 -0.018677 0.021123 0.056250 -0.036313
-0.012329 0.013062 -0.040527 -0.023971 0.025395 -0.078797
-0.041992 -0.000122 -0.059937 -0.081645 -0.000237 -0.116534
-0.045898 -0.004272 -0.060913 -0.089240 -0.008307 -0.118433
-0.019165 0.007690 -0.049805 -0.037262 0.014952 -0.096835
-0.007324 0.020264 -0.052124 -0.014240 0.039398 -0.101344
-0.016235 0.028442 -0.063354 -0.031566 0.055300 -0.123180
-0.029541 0.027100 -0.069702 -0.057436 0.052690 -0.135521
-0.035767 0.026855 -0.071167 -0.069541 0.052215 -0.138369
-0.031372 0.013794 -0.064697 -0.060996 0.026819 -0.125790
-0.022095 -0.004150 -0.056641 -0.042959 -0.008070 -0.110126
-0.027588 -0.005981 -0.057129 -0.053639 -0.011630 -0.111075
-0.028198 0.000366 -0.059692 -0.054826 0.000712 -0.116059
-0.018555 0.017578 -0.055786 -0.036076 0.034177 -0.108465
-0.005615 0.040039 -0.043823 -0.010918 0.077848 -0.085205
0.001343 0.052490 -0.032837 0.002611 0.102056 -0.063845
-0.003174 0.056030 -0.030029 -0.006171 0.108939 -0.058386
-0.009399 0.052002 -0.027832 -0.018275 0.101107 -0.054114
-0.012939 0.046509 -0.025757 -0.025158 0.090427 -0.050079
-0.011963 0.036621 -0.026245 -0.023259 0.071202 -0.051028
-0.015625 0.027222 -0.027832 -0.030380 0.052927 -0.054114
-0.015869 0.017334 -0.031006 -0.030854 0.033702 -0.060284
-0.022583 0.009521 -0.031372 -0.043908 0.018513 -0.060996
-0.033936 0.005737 -0.030029 -0.065981 0.011155 -0.058386
-0.041504 -0.007080 -0.031738 -0.080696 -0.013766 -0.061708
-0.046143 -0.011597 -0.032471 -0.089715 -0.022547 -0.063133
-0.046021 0.008545 -0.026489 -0.089477 0.016614 -0.051503
-0.048218 0.024170 -0.014771 -0.093749 0.046993 -0.028718
-0.051880 0.034668 -0.000366 -0.100870 0.067405 -0.000712
-0.060913 0.049805 0.005127 -0.118433 0.096835 0.009968
-0.072754 0.062866 0.001831 -0.141455 0.122230 0.003560
-0.089600 0.076172 -0.009644 -0.174208 0.148100 -0.018750
-0.116089 0.083984 -0.029053 -0.225711 0.163290 -0.056487
-0.139771 0.098145 -0.049561 -0.271755 0.190822 -0.096360
-0.163452 0.105225 -0.067383 -0.317799 0.204587 -0.131012
-0.186890 0.104980 -0.073730 -0.363368 0.204113 -0.143354
-0.215820 0.094727 -0.072632 -0.419618 0.184176 -0.141217
-0.246582 0.078979 -0.065430 -0.479427 0.153559 -0.127214
-0.267822 0.072144 -0.056763 -0.520725 0.140268 -0.110363
-0.276611 0.069214 -0.045654 -0.537813 0.134572 -0.088765
-0.298462 0.062622 -0.020874 -0.580297 0.121756 -0.040585
-0.334106 0.073486 0.013794 -0.649600 0.142879 0.026819
-0.387695 0.084229 0.035278 -0.753793 0.163765 0.068591
-0.460205 0.072632 0.024414 -0.894773 0.141217 0.047468
-0.526367 0.038208 -0.014526 -1.023411 0.074288 -0.028243
-0.583130 -0.002930 -0.067505 -1.133775 -0.005696 -0.131249
-0.613647 -0.036499 -0.121338 -1.193110 -0.070965 -0.235916
-0.621948 -0.062500 -0.159424 -1.209249 -0.121518 -0.309966
-0.633057 -0.070190 -0.155151 -1.230847 -0.136471 -0.301659
-0.640503 -0.054932 -0.114380 -1.245324 -0.106803 -0.222388
-0.650879 -0.031006 -0.062256 -1.265498 -0.060284 -0.121044
-0.675293 -0.025391 -0.031006 -1.312966 -0.049367 -0.060284
-0.708740 -0.055542 -0.023438 -1.377998 -0.107990 -0.045569
-0.733521 -0.089600 -0.023560 -1.426178 -0.174208 -0.045807
-0.741821 -0.112427 -0.010376 -1.442317 -0.218590 -0.020174
-0.721313 -0.102295 0.030273 -1.402444 -0.198891 0.058860
-0.659546 -0.045044 0.071777 -1.282350 -0.087579 0.139556
-0.580811 0.012695 0.099731 -1.129265 0.024683 0.193907
-0.518677 0.021606 0.098999 -1.008459 0.042009 0.192483
-0.470093 0.009644 0.049316 -0.913997 0.018750 0.095885
-0.441650 0.016968 -0.021851 -0.858697 0.032990 -0.042484
-0.413818 0.012817 -0.071289 -0.804584 0.024921 -0.138607
-0.378052 0.008301 -0.087036 -0.735043 0.016139 -0.169224
-0.362305 -0.005005 -0.077759 -0.704426 -0.009731 -0.151186
-0.362793 -0.015503 -0.054688 -0.705375 -0.030142 -0.106328
-0.341797 -0.004517 -0.043701 -0.664553 -0.008782 -0.084968
-0.296509 0.010498 -0.042358 -0.576500 0.020411 -0.082357
-0.239868 0.019409 -0.040039 -0.466374 0.037737 -0.077848
-0.196655 0.018555 -0.044189 -0.382355 0.036076 -0.085917
-0.157959 0.015137 -0.053711 -0.307118 0.029430 -0.104430
-0.116211 0.017090 -0.055542 -0.225948 0.033228 -0.107990
-0.070801 0.019165 -0.048950 -0.137657 0.037262 -0.095173
-0.029419 0.023071 -0.042358 -0.057199 0.044857 -0.082357
0.008545 0.030518 -0.037109 0.016614 0.059335 -0.072151
0.043091 0.038086 -0.029541 0.083781 0.074050 -0.057436
0.069336 0.037476 -0.025269 0.134809 0.072863 -0.049129
0.087402 0.027466 -0.021606 0.169936 0.053402 -0.042009
0.106079 0.024536 -0.010254 0.206249 0.047705 -0.019937
0.123535 0.026855 -0.007568 0.240188 0.052215 -0.014715
0.147827 0.023438 -0.014893 0.287419 0.045569 -0.028956
0.167725 0.025269 -0.026367 0.326106 0.049129 -0.051266
0.177246 0.038574 -0.039429 0.344618 0.075000 -0.076661
0.183716 0.048218 -0.040283 0.357197 0.093749 -0.078322
0.186279 0.049927 -0.032593 0.362181 0.097072 -0.063370
0.184937 0.055786 -0.028442 0.359571 0.108465 -0.055300
0.184814 0.063232 -0.026123 0.359333 0.122942 -0.050791
0.175415 0.055176 -0.025513 0.341058 0.107278 -0.049604
0.161499 0.043579 -0.026489 0.314001 0.084730 -0.051503
0.138184 0.038208 -0.022705 0.268669 0.074288 -0.044145
0.115234 0.033936 -0.021118 0.224049 0.065981 -0.041060
0.098877 0.017822 -0.021973 0.192246 0.034652 -0.042721
0.083740 0.009888 -0.024658 0.162815 0.019225 -0.047943
0.069946 0.013672 -0.028198 0.135996 0.026582 -0.054826
0.061890 0.003662 -0.028198 0.120332 0.007120 -0.054826
0.053833 -0.007080 -0.033691 0.104667 -0.013766 -0.065506
0.042847 -0.003052 -0.043091 0.083306 -0.005934 -0.083781
0.031128 0.002319 -0.045898 0.060522 0.004509 -0.089240
0.020264 -0.001953 -0.037109 0.039398 -0.003797 -0.072151
0.009033 -0.011353 -0.026489 0.017563 -0.022073 -0.051503
0.000000 -0.019409 -0.015991 0.000000 -0.037737 -0.031092
-0.008057 -0.024048 -0.008301 -0.015664 -0.046756 -0.016139
-0.005737 -0.022217 -0.002441 -0.011155 -0.043196 -0.004747
-0.000977 -0.011597 -0.003296 -0.001899 -0.022547 -0.006408
-0.003784 -0.003784 -0.007935 -0.007358 -0.007358 -0.015427
-0.015625 0.002319 -0.009399 -0.030380 0.004509 -0.018275
-0.026245 0.002686 -0.008057 -0.051028 0.005221 -0.015664
-0.039307 -0.001709 -0.009521 -0.076424 -0.003323 -0.018513
-0.059082 -0.003784 -0.016602 -0.114873 -0.007358 -0.032278
-0.077515 -0.008667 -0.025024 -0.150711 -0.016851 -0.048655
-0.091187 -0.011963 -0.032104 -0.177293 -0.023259 -0.062420
-0.106201 -0.015991 -0.041382 -0.206486 -0.031092 -0.080458
-0.123413 -0.021118 -0.048584 -0.239951 -0.041060 -0.094461
-0.133057 -0.021240 -0.056763 -0.258701 -0.041297 -0.110363
-0.136230 -0.016357 -0.062988 -0.264872 -0.031804 -0.122468
-0.136230 -0.019287 -0.060303 -0.264872 -0.037500 -0.117246
-0.138550 -0.029175 -0.055176 -0.269381 -0.056724 -0.107278
-0.145020 -0.029175 -0.046875 -0.281960 -0.056724 -0.091139
-0.152222 -0.019897 -0.036865 -0.295963 -0.038686 -0.071677
-0.166382 -0.024536 -0.031250 -0.323495 -0.047705 -0.060759
-0.181641 -0.020264 -0.027466 -0.353162 -0.039398 -0.053402
-0.206177 0.000732 -0.032349 -0.400868 0.001424 -0.062895
-0.231567 0.005615 -0.036621 -0.450235 0.010918 -0.071202
-0.253296 0.004028 -0.036499 -0.492481 0.007832 -0.070965
-0.260986 0.019165 -0.044800 -0.507434 0.037262 -0.087104
-0.244629 0.039063 -0.059082 -0.475630 0.075949 -0.114873
-0.230103 0.040161 -0.064209 -0.447386 0.078085 -0.124841
-0.228149 0.033081 -0.050903 -0.443589 0.064319 -0.098971
-0.239380 0.037964 -0.022461 -0.465424 0.073813 -0.043671
-0.261475 0.042358 0.002075 -0.508383 0.082357 0.004035
-0.280640 0.028442 0.017578 -0.545645 0.055300 0.034177
