-0.075806 -0.032104 -0.153442 -0.147388 -0.062420 -0.298337
-0.151733 0.015747 -0.141113 -0.295014 0.030617 -0.274365
-0.157593 0.056641 -0.135010 -0.306406 0.110126 -0.262498
-0.141602 0.062012 -0.136841 -0.275315 0.120569 -0.266058
-0.027100 0.074585 -0.125000 -0.052690 0.145015 -0.243036
0.018799 0.080933 -0.099243 0.036550 0.157357 -0.192958
0.023438 0.106934 -0.079590 0.045569 0.207910 -0.154746
0.013306 0.140869 -0.079956 0.025870 0.273891 -0.155458
-0.040527 0.126343 -0.081421 -0.078797 0.245647 -0.158306
-0.086182 0.123169 -0.061401 -0.167562 0.239476 -0.119382
-0.129395 0.118530 -0.056396 -0.251581 0.230457 -0.109651
-0.174805 0.087158 -0.066284 -0.339871 0.169461 -0.128876
-0.211670 0.049683 -0.078613 -0.411548 0.096597 -0.152847
-0.245361 0.031738 -0.107666 -0.477054 0.061708 -0.209334
-0.288940 0.031494 -0.144043 -0.561784 0.061234 -0.280062
-0.355591 0.043091 -0.168213 -0.691372 0.083781 -0.327055
-0.444458 0.062256 -0.184814 -0.864156 0.121044 -0.359333
-0.560059 0.053955 -0.201782 -1.088917 0.104904 -0.392323
-0.673584 0.029053 -0.224731 -1.309644 0.056487 -0.436943
-0.772827 0.009155 -0.256226 -1.502601 0.017801 -0.498177
-0.854004 -0.004639 -0.280151 -1.660433 -0.009019 -0.544696
-0.909912 -0.021362 -0.278931 -1.769135 -0.041535 -0.542323
-0.957764 -0.029541 -0.250000 -1.862172 -0.057436 -0.486073
-1.003662 -0.026123 -0.204590 -1.951412 -0.050791 -0.397782
-1.050415 -0.018188 -0.161621 -2.042313 -0.035364 -0.314239
-1.079712 -0.011230 -0.128784 -2.099275 -0.021835 -0.250394
-1.167358 -0.135376 -0.133179 -2.269685 -0.263210 -0.258938
-1.419800 -0.343262 -0.156006 -2.760505 -0.667401 -0.303321
-1.649780 -0.439575 -0.192017 -3.207654 -0.854662 -0.373336
-1.702515 -0.472412 -0.269043 -3.310185 -0.918507 -0.523098
-1.625732 -0.436768 -0.336304 -3.160898 -0.849204 -0.653872
-1.445190 -0.377686 -0.339600 -2.809872 -0.734331 -0.660281
-1.166382 -0.269897 -0.275879 -2.267787 -0.524759 -0.536389
-0.982666 -0.170410 -0.215820 -1.910589 -0.331327 -0.419618
-1.053101 -0.210693 -0.196167 -2.047535 -0.409649 -0.381406
-1.127563 -0.192139 -0.191162 -2.192312 -0.373574 -0.371675
-1.062622 -0.095337 -0.171509 -2.066047 -0.185363 -0.333463
-0.972534 -0.062500 -0.092041 -1.890890 -0.121518 -0.178955
-0.920776 -0.050293 -0.042236 -1.790258 -0.097784 -0.082120
-0.894409 -0.039429 -0.051147 -1.738992 -0.076661 -0.099446
-0.838745 0.010742 -0.044312 -1.630765 0.020886 -0.086155
-0.753662 0.093994 0.019531 -1.465339 0.182752 0.037974
-0.672363 0.178955 0.070923 -1.307270 0.347941 0.137895
-0.633789 0.224487 0.078491 -1.232271 0.436469 0.152610
-0.561401 0.302490 0.031128 -1.091528 0.588129 0.060522
-0.408203 0.418945 -0.041504 -0.793666 0.814552 -0.080696
-0.309448 0.429810 -0.105835 -0.601658 0.835675 -0.205774
-0.295654 0.341309 -0.144653 -0.574838 0.663603 -0.281248
-0.345093 0.204346 -0.161621 -0.670961 0.397308 -0.314239
-0.419312 0.069092 -0.180420 -0.815264 0.134335 -0.350789
-0.460327 -0.008057 -0.214966 -0.895010 -0.015664 -0.417956
-0.449707 -0.031982 -0.260010 -0.874362 -0.062183 -0.505535
-0.369385 -0.023071 -0.299194 -0.718192 -0.044857 -0.581721
-0.248291 0.005005 -0.299561 -0.482750 0.009731 -0.582433
-0.118652 0.056763 -0.257202 -0.230695 0.110363 -0.500076
0.001709 0.135132 -0.188110 0.003323 0.262736 -0.365741
0.094849 0.223511 -0.111938 0.184413 0.434570 -0.217641
0.125854 0.273438 -0.063110 0.244698 0.531642 -0.122705
0.098633 0.259277 -0.041382 0.191771 0.504111 -0.080458
0.054077 0.198242 -0.026733 0.105142 0.385441 -0.051978
0.024414 0.143677 -0.018188 0.047468 0.279350 -0.035364
0.021118 0.128906 -0.020630 0.041060 0.250631 -0.040111
0.021973 0.132935 -0.020752 0.042721 0.258464 -0.040348
0.017578 0.142334 -0.009399 0.034177 0.276739 -0.018275
0.016724 0.154907 0.005127 0.032516 0.301185 0.009968
0.028809 0.183472 0.018311 0.056012 0.356722 0.035601
0.040405 0.214233 0.028198 0.078560 0.416532 0.054826
0.034912 0.224731 0.024292 0.067879 0.436943 0.047231
-0.008179 0.210205 -0.003296 -0.015902 0.408700 -0.006408
-0.128418 0.179688 -0.019775 -0.249682 0.349365 -0.038449
-0.172241 0.051514 -0.010254 -0.334887 0.100158 -0.019937
0.017578 0.022217 -0.007324 0.034177 0.043196 -0.014240
0.276978 0.168457 0.003418 0.538525 0.327530 0.006646
0.370239 0.283813 0.011963 0.719853 0.551816 0.023259
0.318970 0.268555 0.013062 0.620170 0.522149 0.025395
0.213989 0.225220 0.014648 0.416058 0.437893 0.028481
0.095215 0.176514 0.016235 0.185125 0.343194 0.031566
0.001465 0.140259 0.004639 0.002848 0.272704 0.009019
-0.052612 0.086548 -0.012329 -0.102294 0.168274 -0.023971
-0.065430 0.024414 -0.023071 -0.127214 0.047468 -0.044857
-0.037842 -0.005615 -0.027954 -0.073575 -0.010918 -0.054351
0.015015 0.008545 -0.029785 0.029193 0.016614 -0.057911
0.052124 0.027588 -0.029053 0.101344 0.053639 -0.056487
0.049316 0.026855 -0.026855 0.095885 0.052215 -0.052215
0.023926 0.019775 -0.022095 0.046519 0.038449 -0.042959
0.010254 0.020630 -0.017944 0.019937 0.040111 -0.034889
0.007568 0.022461 -0.013062 0.014715 0.043671 -0.025395
0.007324 0.026245 -0.008301 0.014240 0.051028 -0.016139
0.009399 0.030273 -0.010742 0.018275 0.058860 -0.020886
0.009644 0.025391 -0.011353 0.018750 0.049367 -0.022073
0.007935 0.011475 -0.011353 0.015427 0.022310 -0.022073
0.006104 -0.004272 -0.013062 0.011867 -0.008307 -0.025395
0.006348 -0.011719 -0.014526 0.012342 -0.022785 -0.028243
0.008301 -0.011597 -0.017212 0.016139 -0.022547 -0.033465
0.011597 -0.007935 -0.020752 0.022547 -0.015427 -0.040348
0.019165 -0.001465 -0.024536 0.037262 -0.002848 -0.047705
0.022949 0.001343 -0.027954 0.044620 0.002611 -0.054351
0.015259 -0.000244 -0.029053 0.029668 -0.000475 -0.056487
0.004272 -0.007324 -0.031372 0.008307 -0.014240 -0.060996
-0.005371 -0.015503 -0.036133 -0.010443 -0.030142 -0.070253
-0.007080 -0.025513 -0.037354 -0.013766 -0.049604 -0.072626
-0.004639 -0.031860 -0.038940 -0.009019 -0.061946 -0.075712
-0.003540 -0.034424 -0.042480 -0.006883 -0.066930 -0.082594
-0.007080 -0.038086 -0.047607 -0.013766 -0.074050 -0.092563
-0.014160 -0.045044 -0.050537 -0.027531 -0.087579 -0.098259
-0.015747 -0.049561 -0.047607 -0.030617 -0.096360 -0.092563
-0.010254 -0.046997 -0.041992 -0.019937 -0.091376 -0.081645
0.001465 -0.035889 -0.040161 0.002848 -0.069778 -0.078085
0.010254 -0.020020 -0.041626 0.019937 -0.038924 -0.080933
0.004517 -0.019287 -0.046265 0.008782 -0.037500 -0.089952
-0.004028 -0.022583 -0.049316 -0.007832 -0.043908 -0.095885
-0.006836 -0.027710 -0.048340 -0.013291 -0.053876 -0.093987
-0.006470 -0.025757 -0.049927 -0.012579 -0.050079 -0.097072
-0.004395 -0.019775 -0.050781 -0.008544 -0.038449 -0.098734
-0.007446 -0.020386 -0.044556 -0.014478 -0.039636 -0.086629
-0.014893 -0.025024 -0.038086 -0.028956 -0.048655 -0.074050
-0.017822 -0.032349 -0.038208 -0.034652 -0.062895 -0.074288
-0.012573 -0.029907 -0.041260 -0.024446 -0.058148 -0.080221
-0.006836 -0.022705 -0.041626 -0.013291 -0.044145 -0.080933
-0.010498 -0.020752 -0.033813 -0.020411 -0.040348 -0.065743
-0.017212 -0.021240 -0.023315 -0.033465 -0.041297 -0.045332
-0.021118 -0.023071 -0.019897 -0.041060 -0.044857 -0.038686
-0.022217 -0.021484 -0.022949 -0.043196 -0.041772 -0.044620
-0.021606 -0.022949 -0.029907 -0.042009 -0.044620 -0.058148
-0.017334 -0.024658 -0.034180 -0.033702 -0.047943 -0.066455
-0.011841 -0.024780 -0.034180 -0.023022 -0.048180 -0.066455
-0.012207 -0.024658 -0.033691 -0.023734 -0.047943 -0.065506
-0.019531 -0.031982 -0.033447 -0.037974 -0.062183 -0.065031
-0.020386 -0.035645 -0.029785 -0.039636 -0.069303 -0.057911
-0.012573 -0.028809 -0.029663 -0.024446 -0.056012 -0.057674
-0.004761 -0.020508 -0.034180 -0.009256 -0.039873 -0.066455
-0.002441 -0.015991 -0.036865 -0.004747 -0.031092 -0.071677
-0.003662 -0.013916 -0.037842 -0.007120 -0.027057 -0.073575
-0.008545 -0.013916 -0.038208 -0.016614 -0.027057 -0.074288
-0.010254 -0.011353 -0.034058 -0.019937 -0.022073 -0.066218
-0.011841 -0.008301 -0.026978 -0.023022 -0.016139 -0.052452
-0.015625 -0.007080 -0.025146 -0.030380 -0.013766 -0.048892
-0.015137 -0.004761 -0.026611 -0.029430 -0.009256 -0.051740
-0.014282 -0.004028 -0.027100 -0.027769 -0.007832 -0.052690
-0.016968 -0.008179 -0.027466 -0.032990 -0.015902 -0.053402
-0.018311 -0.010864 -0.027100 -0.035601 -0.021123 -0.052690
-0.016724 -0.014404 -0.025513 -0.032516 -0.028006 -0.049604
-0.013550 -0.015991 -0.023315 -0.026345 -0.031092 -0.045332
-0.010132 -0.012817 -0.023682 -0.019699 -0.024921 -0.046044
-0.004761 -0.004761 -0.026367 -0.009256 -0.009256 -0.051266
0.000610 0.001587 -0.028076 0.001187 0.003085 -0.054588
-0.000244 0.001831 -0.026611 -0.000475 0.003560 -0.051740
-0.005249 -0.003174 -0.024536 -0.010206 -0.006171 -0.047705
-0.009766 -0.005981 -0.024780 -0.018987 -0.011630 -0.048180
-0.012329 -0.008789 -0.025146 -0.023971 -0.017089 -0.048892
