-0.064697 0.066772 -0.090332 -0.125790 0.129825 -0.175632
-0.082275 0.100952 -0.109375 -0.159967 0.196280 -0.212657
-0.065552 0.118896 -0.099243 -0.127452 0.231169 -0.192958
0.012451 0.131470 -0.071899 0.024209 0.255615 -0.139793
0.041260 0.138306 -0.042603 0.080221 0.268907 -0.082832
-0.005981 0.103149 -0.018677 -0.011630 0.200553 -0.036313
-0.072876 0.084839 -0.029907 -0.141692 0.164952 -0.058148
-0.091675 0.082397 -0.025513 -0.178243 0.160205 -0.049604
-0.083496 0.093628 -0.013916 -0.162341 0.182040 -0.027057
-0.066650 0.115967 -0.007935 -0.129588 0.225473 -0.015427
-0.051758 0.125977 -0.001221 -0.100632 0.244935 -0.002373
-0.056763 0.122437 0.004272 -0.110363 0.238052 0.008307
-0.059204 0.133545 0.012695 -0.115110 0.259650 0.024683
-0.051025 0.155640 0.015991 -0.099208 0.302609 0.031092
-0.048584 0.158081 0.017944 -0.094461 0.307356 0.034889
-0.077637 0.128296 0.029175 -0.150948 0.249445 0.056724
-0.145020 0.074097 0.034668 -0.281960 0.144066 0.067405
-0.184692 0.049805 0.026855 -0.359096 0.096835 0.052215
-0.201904 0.043335 0.005493 -0.392561 0.084256 0.010680
-0.220825 0.036743 -0.011963 -0.429349 0.071439 -0.023259
-0.237061 0.035522 -0.025269 -0.460915 0.069066 -0.049129
-0.266724 0.022583 -0.053955 -0.518589 0.043908 -0.104904
-0.300293 0.024780 -0.075684 -0.583857 0.048180 -0.147151
-0.307617 0.038330 -0.047852 -0.598098 0.074525 -0.093037
-0.307495 0.064453 -0.037476 -0.597860 0.125316 -0.072863
-0.313965 0.087036 -0.056396 -0.610439 0.169224 -0.109651
-0.321655 0.103027 -0.072998 -0.625392 0.200315 -0.141929
-0.347046 0.091431 -0.080566 -0.674758 0.177768 -0.156645
-0.381348 0.067139 -0.088379 -0.741451 0.130537 -0.171834
-0.388184 0.056641 -0.099609 -0.754742 0.110126 -0.193670
-0.398804 0.040527 -0.111450 -0.775391 0.078797 -0.216692
-0.418945 0.026367 -0.122925 -0.814552 0.051266 -0.239002
-0.421509 0.022095 -0.132324 -0.819536 0.042959 -0.257277
-0.401733 0.039307 -0.135010 -0.781087 0.076424 -0.262498
-0.393188 0.056030 -0.130981 -0.764473 0.108939 -0.254666
-0.398926 0.041138 -0.125977 -0.775628 0.079984 -0.244935
-0.407349 0.012329 -0.117676 -0.792005 0.023971 -0.228796
-0.410034 0.000244 -0.106812 -0.797226 0.000475 -0.207673
-0.411377 -0.014160 -0.093018 -0.799837 -0.027531 -0.180853
-0.418213 -0.031616 -0.079468 -0.813128 -0.061471 -0.154509
-0.438110 -0.050415 -0.068359 -0.851814 -0.098022 -0.132911
-0.456299 -0.060425 -0.057373 -0.887178 -0.117483 -0.111550
-0.451782 -0.031494 -0.059082 -0.878396 -0.061234 -0.114873
-0.428101 0.014404 -0.081299 -0.832352 0.028006 -0.158069
-0.408081 0.040894 -0.105225 -0.793429 0.079509 -0.204587
-0.403320 0.042847 -0.110718 -0.784172 0.083306 -0.215268
-0.416626 0.029785 -0.097534 -0.810042 0.057911 -0.189635
-0.462280 -0.000244 -0.088623 -0.898808 -0.000475 -0.172309
-0.535767 -0.043579 -0.097290 -1.041687 -0.084730 -0.189160
-0.594482 -0.104980 -0.111572 -1.155847 -0.204113 -0.216929
-0.622681 -0.122559 -0.130859 -1.210673 -0.238290 -0.254429
-0.594604 -0.102173 -0.161255 -1.156085 -0.198654 -0.313527
-0.545532 -0.058472 -0.195557 -1.060674 -0.113686 -0.380219
-0.515747 -0.032349 -0.209351 -1.002763 -0.062895 -0.407039
-0.509521 -0.022339 -0.210938 -0.990658 -0.043433 -0.410124
-0.518799 -0.021729 -0.205688 -1.008696 -0.042247 -0.399918
-0.524170 -0.019653 -0.197021 -1.019139 -0.038212 -0.383067
-0.497070 -0.004761 -0.174072 -0.966450 -0.009256 -0.338447
-0.419678 0.034424 -0.133789 -0.815976 0.066930 -0.260125
-0.313599 0.111938 -0.101074 -0.609727 0.217641 -0.196518
-0.225464 0.168701 -0.089478 -0.438368 0.328004 -0.173970
-0.175293 0.171387 -0.091553 -0.340821 0.333226 -0.178005
-0.161621 0.141357 -0.094116 -0.314239 0.274840 -0.182989
-0.177979 0.083740 -0.084961 -0.346042 0.162815 -0.165189
-0.201172 0.045776 -0.080078 -0.391137 0.089003 -0.155695
-0.195190 0.043091 -0.083618 -0.379507 0.083781 -0.162578
-0.156616 0.054932 -0.082886 -0.304508 0.106803 -0.161154
-0.108398 0.073120 -0.068359 -0.210758 0.142167 -0.132911
-0.074707 0.094727 -0.052002 -0.145252 0.184176 -0.101107
-0.079468 0.096680 -0.050049 -0.154509 0.187973 -0.097310
-0.090942 0.082275 -0.040283 -0.176819 0.159967 -0.078322
-0.084473 0.078247 -0.029541 -0.164239 0.152135 -0.057436
-0.071045 0.085815 -0.031738 -0.138132 0.166850 -0.061708
-0.061035 0.091431 -0.037964 -0.118670 0.177768 -0.073813
-0.069458 0.090820 -0.048218 -0.135047 0.176581 -0.093749
-0.095459 0.081055 -0.050049 -0.185600 0.157594 -0.097310
-0.110596 0.051147 -0.038940 -0.215030 0.099446 -0.075712
-0.101563 0.053223 -0.037842 -0.197467 0.103480 -0.073575
-0.079468 0.089355 -0.046265 -0.154509 0.173733 -0.089952
-0.070435 0.097412 -0.050903 -0.136945 0.189398 -0.098971
-0.077393 0.077148 -0.050415 -0.150474 0.149999 -0.098022
-0.090698 0.058838 -0.052124 -0.176344 0.114398 -0.101344
-0.101074 0.045532 -0.055664 -0.196518 0.088528 -0.108227
-0.087891 0.042480 -0.047119 -0.170885 0.082594 -0.091613
0.084473 0.139771 0.006958 0.164239 0.271755 0.013528
0.071899 0.143677 -0.030029 0.139793 0.279350 -0.058386
0.059326 0.142700 0.004639 0.115347 0.277451 0.009019
0.058472 0.129395 0.037720 0.113686 0.251581 0.073338
0.030884 0.102295 0.039185 0.060047 0.198891 0.076186
0.028076 0.092041 0.022827 0.054588 0.178955 0.044383
0.014160 0.064453 0.003784 0.027531 0.125316 0.007358
-0.003540 0.038208 -0.007813 -0.006883 0.074288 -0.015190
-0.013062 0.002075 -0.009277 -0.025395 0.004035 -0.018038
-0.027954 -0.006592 -0.022583 -0.054351 -0.012816 -0.043908
-0.029419 0.020874 -0.045654 -0.057199 0.040585 -0.088765
-0.042847 0.038940 -0.012329 -0.083306 0.075712 -0.023971
-0.063843 -0.004639 0.095459 -0.124129 -0.009019 0.185600
-0.066284 -0.013184 0.080078 -0.128876 -0.025633 0.155695
-0.041870 -0.002686 0.066406 -0.081408 -0.005221 0.129113
0.016357 0.031494 0.053955 0.031804 0.061234 0.104904
0.074463 0.076782 0.033447 0.144778 0.149287 0.065031
0.072998 0.071655 0.009888 0.141929 0.139319 0.019225
0.028687 0.033081 -0.008911 0.055775 0.064319 -0.017326
-0.003906 -0.010254 -0.020020 -0.007595 -0.019937 -0.038924
-0.003540 -0.024170 -0.021606 -0.006883 -0.046993 -0.042009
0.025879 -0.002686 -0.022705 0.050316 -0.005221 -0.044145
0.051880 0.017090 -0.013794 0.100870 0.033228 -0.026819
0.055176 0.017700 0.006836 0.107278 0.034414 0.013291
0.051758 0.028564 0.025879 0.100632 0.055538 0.050316
0.049072 0.037109 0.032227 0.095411 0.072151 0.062658
0.033081 0.019897 0.022949 0.064319 0.038686 0.044620
0.031860 0.014282 0.013916 0.061946 0.027769 0.027057
0.038452 0.020386 0.006104 0.074762 0.039636 0.011867
0.028809 0.012695 -0.002197 0.056012 0.024683 -0.004272
0.023682 0.003906 -0.004395 0.046044 0.007595 -0.008544
0.025269 0.007202 -0.003540 0.049129 0.014003 -0.006883
0.030273 0.017334 -0.001465 0.058860 0.033702 -0.002848
0.044312 0.032837 0.003296 0.086155 0.063845 0.006408
0.058350 0.055420 0.003784 0.113449 0.107752 0.007358
0.061890 0.066040 0.003540 0.120332 0.128401 0.006883
0.063477 0.061401 0.010498 0.123417 0.119382 0.020411
0.062012 0.051025 0.017212 0.120569 0.099208 0.033465
0.057251 0.044922 0.017212 0.111313 0.087341 0.033465
0.061035 0.047119 0.016602 0.118670 0.091613 0.032278
0.068481 0.038818 0.022705 0.133148 0.075474 0.044145
0.071289 0.035767 0.029175 0.138607 0.069541 0.056724
0.071045 0.049805 0.029297 0.138132 0.096835 0.056962
0.074829 0.061401 0.027100 0.145490 0.119382 0.052690
0.085205 0.063843 0.024170 0.165664 0.124129 0.046993
0.090820 0.063232 0.014038 0.176581 0.122942 0.027294
0.081909 0.053955 0.004272 0.159255 0.104904 0.008307
0.068359 0.036865 -0.005005 0.132911 0.071677 -0.009731
0.052979 0.020020 -0.015137 0.103006 0.038924 -0.029430
0.041382 0.019897 -0.023071 0.080458 0.038686 -0.044857
0.030518 0.017456 -0.026245 0.059335 0.033940 -0.051028
0.015625 -0.004150 -0.020874 0.030380 -0.008070 -0.040585
0.004395 -0.021240 -0.019409 0.008544 -0.041297 -0.037737
0.005981 -0.011108 -0.022583 0.011630 -0.021598 -0.043908
0.004395 -0.002808 -0.019531 0.008544 -0.005459 -0.037974
-0.001587 -0.015015 -0.013672 -0.003085 -0.029193 -0.026582
-0.004272 -0.024902 -0.014038 -0.008307 -0.048417 -0.027294
-0.006470 -0.029541 -0.018066 -0.012579 -0.057436 -0.035126
-0.006470 -0.029175 -0.016357 -0.012579 -0.056724 -0.031804
0.000488 -0.022339 -0.012085 0.000949 -0.043433 -0.023497
0.010864 -0.009155 -0.009644 0.021123 -0.017801 -0.018750
0.018921 0.002930 -0.006958 0.036788 0.005696 -0.013528
0.012939 0.006348 -0.003296 0.025158 0.012342 -0.006408
-0.000854 -0.005737 -0.000854 -0.001661 -0.011155 -0.001661
-0.003418 -0.023560 -0.004639 -0.006646 -0.045807 -0.009019
0.002319 -0.025269 -0.011353 0.004509 -0.049129 -0.022073
