-0.137329 -0.044067 0.086060 -0.267008 -0.085680 0.167325
-0.146851 -0.074097 0.097656 -0.285520 -0.144066 0.189872
-0.124634 -0.040771 0.010132 -0.242324 -0.079272 0.019699
-0.177612 -0.028687 -0.013794 -0.345330 -0.055775 -0.026819
-0.186523 -0.010864 -0.064331 -0.362656 -0.021123 -0.125078
-0.154175 0.029663 -0.114990 -0.299761 0.057674 -0.223575
-0.281372 0.048950 -0.572876 -0.547069 0.095173 -1.113838
-0.355103 0.091675 -0.723267 -0.690423 0.178243 -1.406241
-0.399658 0.219971 -0.452759 -0.777052 0.427687 -0.880295
-0.390259 0.221558 -0.136963 -0.758777 0.430773 -0.266296
-0.257690 0.185791 0.038208 -0.501025 0.361232 0.074288
-0.097900 0.131836 0.039673 -0.190347 0.256328 0.077136
-0.038818 0.128052 0.000000 -0.075474 0.248970 0.000000
-0.012207 0.123901 -0.007568 -0.023734 0.240900 -0.014715
0.001343 0.100220 -0.027100 0.002611 0.194856 -0.052690
-0.018311 0.052612 -0.037598 -0.035601 0.102294 -0.073101
-0.038940 0.036987 -0.022095 -0.075712 0.071914 -0.042959
-0.037598 0.028931 -0.002686 -0.073101 0.056250 -0.005221
-0.013062 0.024902 0.008179 -0.025395 0.048417 0.015902
0.011475 0.022217 0.006470 0.022310 0.043196 0.012579
0.015747 0.016602 0.000732 0.030617 0.032278 0.001424
0.003052 0.017822 0.002563 0.005934 0.034652 0.004984
-0.014771 0.019165 0.003418 -0.028718 0.037262 0.006646
-0.021729 0.010132 -0.006958 -0.042247 0.019699 -0.013528
-0.021484 0.011108 -0.031372 -0.041772 0.021598 -0.060996
-0.033081 0.020264 -0.056152 -0.064319 0.039398 -0.109177
-0.058716 0.008667 -0.068359 -0.114161 0.016851 -0.132911
-0.080444 -0.018188 -0.064331 -0.156407 -0.035364 -0.125078
-0.095825 -0.037109 -0.057617 -0.186312 -0.072151 -0.112025
-0.105957 -0.043945 -0.054077 -0.206011 -0.085443 -0.105142
-0.109497 -0.043579 -0.051636 -0.212894 -0.084730 -0.100395
-0.111572 -0.030396 -0.041382 -0.216929 -0.059098 -0.080458
-0.105347 -0.002808 -0.030518 -0.204825 -0.005459 -0.059335
-0.097168 0.022461 -0.028809 -0.188923 0.043671 -0.056012
-0.100708 0.025391 -0.038330 -0.195806 0.049367 -0.074525
-0.130127 0.008301 -0.048218 -0.253005 0.016139 -0.093749
-0.187256 -0.001831 -0.055420 -0.364080 -0.003560 -0.107752
-0.250244 -0.009766 -0.059204 -0.486548 -0.018987 -0.115110
-0.290039 -0.018677 -0.059204 -0.563920 -0.036313 -0.115110
-0.298828 -0.030151 -0.059937 -0.581009 -0.058623 -0.116534
-0.287109 -0.043579 -0.055908 -0.558224 -0.084730 -0.108702
-0.273804 -0.063843 -0.046265 -0.532354 -0.124129 -0.089952
-0.271973 -0.079590 -0.039185 -0.528794 -0.154746 -0.076186
-0.282837 -0.084473 -0.039551 -0.549917 -0.164239 -0.076898
-0.307983 -0.080078 -0.045044 -0.598810 -0.155695 -0.087579
-0.329834 -0.063354 -0.045166 -0.641293 -0.123180 -0.087816
-0.334595 -0.044922 -0.037109 -0.650550 -0.087341 -0.072151
-0.327393 -0.039795 -0.037720 -0.636547 -0.077373 -0.073338
-0.316040 -0.040527 -0.048828 -0.614474 -0.078797 -0.094936
-0.321533 -0.046265 -0.053101 -0.625154 -0.089952 -0.103243
-0.346191 -0.056274 -0.039429 -0.673097 -0.109414 -0.076661
-0.374634 -0.059204 -0.018311 -0.728397 -0.115110 -0.035601
-0.383057 -0.044312 -0.009766 -0.744774 -0.086155 -0.018987
-0.370361 -0.027222 -0.015991 -0.720090 -0.052927 -0.031092
-0.351074 -0.021606 -0.027954 -0.682591 -0.042009 -0.054351
-0.347900 -0.018921 -0.046997 -0.676420 -0.036788 -0.091376
-0.374512 -0.025513 -0.078125 -0.728160 -0.049604 -0.151898
-0.410522 -0.039917 -0.094604 -0.798175 -0.077610 -0.183939
-0.436401 -0.056641 -0.084106 -0.848491 -0.110126 -0.163527
-0.435791 -0.052856 -0.055298 -0.847305 -0.102768 -0.107515
-0.405762 -0.036011 -0.016602 -0.788919 -0.070015 -0.032278
-0.372070 -0.031128 0.016113 -0.723413 -0.060522 0.031329
-0.371948 -0.047852 0.014038 -0.723176 -0.093037 0.027294
-0.412231 -0.067749 -0.018311 -0.801498 -0.131724 -0.035601
-0.461304 -0.080688 -0.052246 -0.896909 -0.156882 -0.101582
-0.498169 -0.073120 -0.077271 -0.968586 -0.142167 -0.150236
-0.497681 -0.065063 -0.076050 -0.967636 -0.126502 -0.147863
-0.458496 -0.054443 -0.047363 -0.891450 -0.105854 -0.092088
-0.395508 -0.028687 -0.013916 -0.768983 -0.055775 -0.027057
-0.325928 0.006592 0.010986 -0.633699 0.012816 0.021361
-0.284424 0.030518 0.029663 -0.553003 0.059335 0.057674
-0.287476 0.050659 0.040283 -0.558936 0.098496 0.078322
-0.309448 0.073975 0.035034 -0.601658 0.143828 0.068117
-0.315674 0.097778 0.027344 -0.613762 0.190110 0.053164
-0.300781 0.118286 0.035645 -0.584806 0.229983 0.069303
-0.270020 0.126831 0.055420 -0.524997 0.246597 0.107752
-0.241089 0.118652 0.073975 -0.468747 0.230695 0.143828
-0.246826 0.109985 0.067017 -0.479902 0.213844 0.130300
-0.280029 0.092407 0.026489 -0.544459 0.179667 0.051503
-0.321655 0.080322 -0.011475 -0.625392 0.156170 -0.022310
-0.341919 0.092041 -0.021729 -0.664790 0.178955 -0.042247
-0.317383 0.140137 -0.001953 -0.617085 0.272467 -0.003797
-0.241821 0.221313 0.048462 -0.470171 0.430298 0.094224
-0.159302 0.296753 0.109497 -0.309729 0.576974 0.212894
-0.105835 0.311279 0.157959 -0.205774 0.605218 0.307118
-0.110474 0.287720 0.178833 -0.214793 0.559411 0.347704
-0.164917 0.253052 0.146973 -0.320647 0.492006 0.285758
-0.235474 0.206543 0.085205 -0.457829 0.401580 0.165664
-0.287354 0.163696 0.036743 -0.558699 0.318273 0.071439
-0.285522 0.146851 0.013550 -0.555139 0.285520 0.026345
-0.251709 0.084106 -0.008423 -0.489396 0.163527 -0.016376
-0.370972 -0.054932 -0.064575 -0.721277 -0.106803 -0.125553
-0.428833 -0.138306 -0.090576 -0.833776 -0.268907 -0.176106
-0.408081 -0.141479 -0.114136 -0.793429 -0.275077 -0.221913
-0.332153 -0.104980 -0.103027 -0.645803 -0.204113 -0.200315
-0.230957 -0.069946 -0.034546 -0.449048 -0.135996 -0.067167
-0.163940 -0.051636 0.036133 -0.318748 -0.100395 0.070253
-0.124268 -0.026733 0.078247 -0.241612 -0.051978 0.152135
-0.106689 -0.008789 0.084473 -0.207435 -0.017089 0.164239
-0.104980 -0.022827 0.065063 -0.204113 -0.044383 0.126502
-0.140625 -0.056030 0.031494 -0.273416 -0.108939 0.061234
-0.183838 -0.078247 0.006348 -0.357434 -0.152135 0.012342
-0.236328 -0.110107 -0.010010 -0.459491 -0.214081 -0.019462
-0.279785 -0.121826 -0.018555 -0.543984 -0.236866 -0.036076
-0.288086 -0.073608 -0.020996 -0.560123 -0.143116 -0.040823
-0.276855 -0.024170 -0.021484 -0.538288 -0.046993 -0.041772
-0.271484 -0.025635 -0.016235 -0.527845 -0.049841 -0.031566
-0.272095 -0.043457 -0.004517 -0.529032 -0.084493 -0.008782
-0.258301 -0.051880 0.004028 -0.502212 -0.100870 0.007832
-0.236938 -0.055054 0.015259 -0.460678 -0.107040 0.029668
-0.211060 -0.046509 0.034790 -0.410361 -0.090427 0.067642
-0.173584 -0.035767 0.037842 -0.337498 -0.069541 0.073575
-0.144043 -0.019287 0.042969 -0.280062 -0.037500 0.083544
-0.116821 0.010498 0.052856 -0.227135 0.020411 0.102768
-0.092773 0.043335 0.052612 -0.180379 0.084256 0.102294
-0.077393 0.068970 0.047974 -0.150474 0.134097 0.093275
-0.084839 0.078369 0.036499 -0.164952 0.152372 0.070965
-0.085938 0.078735 0.022705 -0.167088 0.153084 0.044145
-0.078247 0.108765 0.014038 -0.152135 0.211470 0.027294
-0.076904 0.140381 0.017700 -0.149524 0.272941 0.034414
-0.087769 0.144043 0.030640 -0.170648 0.280062 0.059572
-0.106812 0.122559 0.046021 -0.207673 0.238290 0.089477
-0.118896 0.094604 0.059204 -0.231169 0.183939 0.115110
-0.112549 0.074951 0.067505 -0.218828 0.145727 0.131249
-0.104858 0.075684 0.072021 -0.203875 0.147151 0.140031
-0.101074 0.085205 0.068237 -0.196518 0.165664 0.132673
-0.097656 0.090454 0.051270 -0.189872 0.175869 0.099683
-0.085815 0.095825 0.022339 -0.166850 0.186312 0.043433
-0.071045 0.094116 -0.006958 -0.138132 0.182989 -0.013528
-0.073975 0.086304 -0.031128 -0.143828 0.167800 -0.060522
-0.081787 0.074097 -0.042236 -0.159018 0.144066 -0.082120
-0.078857 0.076416 -0.035278 -0.153322 0.148575 -0.068591
-0.059326 0.109375 -0.016846 -0.115347 0.212657 -0.032753
-0.034058 0.141724 0.001587 -0.066218 0.275552 0.003085
-0.015015 0.141846 0.017944 -0.029193 0.275789 0.034889
-0.000732 0.126709 0.013916 -0.001424 0.246359 0.027057
-0.005981 0.085571 0.000732 -0.011630 0.166376 0.001424
-0.032349 0.033081 -0.011597 -0.062895 0.064319 -0.022547
-0.064331 -0.023926 -0.014038 -0.125078 -0.046519 -0.027294
-0.071045 -0.045044 -0.016968 -0.138132 -0.087579 -0.032990
-0.050171 -0.030762 -0.019043 -0.097547 -0.059810 -0.037025
-0.011475 0.008057 -0.012573 -0.022310 0.015664 -0.024446
0.024780 0.067627 -0.004517 0.048180 0.131487 -0.008782
0.039429 0.115723 0.000854 0.076661 0.224999 0.001661
0.035522 0.134888 0.007202 0.069066 0.262261 0.014003
0.014771 0.129272 0.011597 0.028718 0.251343 0.022547
-0.012451 0.097412 0.018677 -0.024209 0.189398 0.036313
-0.037720 0.077881 0.027954 -0.073338 0.151423 0.054351
-0.048828 0.070190 0.029907 -0.094936 0.136471 0.058148
-0.050781 0.050659 0.031250 -0.098734 0.098496 0.060759
