-0.510742 -0.041870 -0.441406 -0.993032 -0.081408 -0.858222
-0.806152 -0.005981 -0.562134 -1.567395 -0.011630 -1.092952
-1.019653 0.094604 -0.589355 -1.982503 0.183939 -1.145879
-1.093506 0.106079 -0.507935 -2.126094 0.206249 -0.987573
-1.001709 0.086182 -0.383423 -1.947614 0.167562 -0.745486
-0.806274 0.074219 -0.283081 -1.567633 0.144303 -0.550392
-0.596313 0.039185 -0.203857 -1.159407 0.076186 -0.396358
-0.298096 -0.047607 -0.131714 -0.579585 -0.092563 -0.256090
-0.154907 0.023071 -0.095337 -0.301185 0.044857 -0.185363
-0.136963 0.025635 -0.093018 -0.266296 0.049841 -0.180853
-0.187012 0.007935 -0.092773 -0.363605 0.015427 -0.180379
-0.212646 0.028931 -0.093140 -0.413447 0.056250 -0.181091
-0.207886 0.047241 -0.084106 -0.404191 0.091851 -0.163527
-0.191040 0.046387 -0.062256 -0.371438 0.090189 -0.121044
-0.195923 0.021118 -0.028687 -0.380931 0.041060 -0.055775
-0.233032 -0.030762 -0.002319 -0.453083 -0.059810 -0.004509
-0.270630 -0.084839 0.015869 -0.526183 -0.164952 0.030854
-0.301636 -0.110229 0.035400 -0.586468 -0.214318 0.068829
-0.309937 -0.114868 0.060669 -0.602607 -0.223337 0.117958
-0.290405 -0.118286 0.081787 -0.564633 -0.229983 0.159018
-0.276855 -0.134888 0.112549 -0.538288 -0.262261 0.218828
-0.285034 -0.147217 0.153687 -0.554190 -0.286232 0.298811
-0.284424 -0.130615 0.191162 -0.553003 -0.253954 0.371675
-0.271484 -0.080200 0.231445 -0.527845 -0.155933 0.449997
-0.252319 -0.015381 0.284790 -0.490582 -0.029905 0.553715
-0.219238 0.008545 0.338257 -0.426263 0.016614 0.657670
-0.183960 -0.005127 0.386719 -0.357672 -0.009968 0.751894
-0.126465 0.019043 0.413574 -0.245885 0.037025 0.804109
-0.114136 0.012329 0.440796 -0.221913 0.023971 0.857036
-0.161255 -0.058472 0.478027 -0.313527 -0.113686 0.929425
-0.185059 -0.041260 0.533569 -0.359808 -0.080221 1.037414
-0.184082 -0.016968 0.586548 -0.357909 -0.032990 1.140420
-0.185669 -0.006348 0.646729 -0.360995 -0.012342 1.257429
-0.191528 0.023804 0.717529 -0.372387 0.046281 1.395086
-0.171875 0.036377 0.790649 -0.334175 0.070727 1.537253
-0.130493 0.036621 0.845703 -0.253717 0.071202 1.644294
-0.086304 0.034424 0.858643 -0.167800 0.066930 1.669452
-0.041504 0.020020 0.837891 -0.080696 0.038924 1.629104
0.003540 0.003906 0.802002 0.006883 0.007595 1.559326
0.067383 0.002441 0.783447 0.131012 0.004747 1.523250
0.127563 0.006836 0.797241 0.248021 0.013291 1.550069
0.188232 0.039673 0.827515 0.365979 0.077136 1.608930
0.233154 0.104736 0.849121 0.453320 0.203638 1.650939
0.211060 0.156128 0.812378 0.410361 0.303558 1.579500
0.208252 0.188721 0.758057 0.404903 0.366928 1.473883
0.210083 0.122559 0.717651 0.408463 0.238290 1.395324
0.251709 0.092651 0.683594 0.489396 0.180141 1.329106
0.330688 0.108032 0.637939 0.642955 0.210046 1.240340
0.420410 0.112305 0.609253 0.817400 0.218353 1.184565
0.450439 0.107910 0.608032 0.875786 0.209809 1.182192
0.433716 0.049683 0.598511 0.843270 0.096597 1.163679
0.468018 0.017578 0.595703 0.909963 0.034177 1.158221
0.567505 0.047363 0.582031 1.103395 0.092088 1.131639
0.677124 0.105225 0.526855 1.316527 0.204587 1.024361
0.775757 0.125488 0.419067 1.508298 0.243986 0.814789
0.847534 0.159424 0.281982 1.647854 0.309966 0.548256
0.899414 0.173096 0.150757 1.748723 0.336549 0.293115
0.930786 0.182861 0.028442 1.809720 0.355536 0.055300
0.932373 0.176270 -0.077393 1.812805 0.342719 -0.150474
0.936279 0.155029 -0.137085 1.820400 0.301422 -0.266533
0.943604 0.130005 -0.178711 1.834640 0.252767 -0.347466
0.951904 0.132935 -0.208862 1.850780 0.258464 -0.406089
0.957764 0.125732 -0.237671 1.862172 0.244460 -0.462102
0.926880 0.069824 -0.281372 1.802125 0.135759 -0.547069
0.906616 0.035645 -0.336670 1.762726 0.069303 -0.654585
0.915771 0.023804 -0.407959 1.780527 0.046281 -0.793191
0.915649 0.007446 -0.486450 1.780290 0.014478 -0.945801
0.895752 -0.020996 -0.561035 1.741603 -0.040823 -1.090816
0.856201 -0.041870 -0.639404 1.664705 -0.081408 -1.243188
0.806396 -0.052734 -0.716431 1.567870 -0.102531 -1.392950
0.747681 -0.067627 -0.787842 1.453709 -0.131487 -1.531794
0.696777 -0.096436 -0.842163 1.354738 -0.187499 -1.637411
0.647095 -0.112427 -0.874756 1.258141 -0.218590 -1.700781
0.598267 -0.138428 -0.877075 1.163205 -0.269144 -1.705290
0.571167 -0.140991 -0.856689 1.110515 -0.274128 -1.665654
0.553223 -0.109985 -0.841431 1.075626 -0.213844 -1.635987
0.512329 -0.079956 -0.843262 0.996117 -0.155458 -1.639547
0.462402 -0.088867 -0.834961 0.899045 -0.172784 -1.623408
0.423828 -0.126465 -0.777344 0.824045 -0.245885 -1.511383
0.356445 -0.171509 -0.773193 0.693034 -0.333463 -1.503313
0.325806 -0.001465 -0.873047 0.633461 -0.002848 -1.697458
0.359009 0.477661 -1.016479 0.698018 0.928713 -1.976333
0.093750 0.311035 -1.194458 0.182277 0.604743 -2.322375
-0.208374 -0.201172 -1.240356 -0.405140 -0.391137 -2.411615
-0.261108 -0.156738 -1.248535 -0.507671 -0.304745 -2.427516
-0.302490 -0.197388 -1.189819 -0.588129 -0.383779 -2.313356
-0.326172 -0.215332 -1.114502 -0.634173 -0.418668 -2.166917
-0.381226 -0.193237 -1.038452 -0.741214 -0.375710 -2.019054
-0.454712 -0.113037 -0.955078 -0.884093 -0.219777 -1.856950
-0.520630 -0.017090 -0.891357 -1.012256 -0.033228 -1.733059
-0.564453 0.095215 -0.869263 -1.097461 0.185125 -1.690100
-0.622314 0.154663 -0.892822 -1.209961 0.300710 -1.735907
-0.687378 0.114136 -0.911987 -1.336463 0.221913 -1.773169
-0.727295 0.019653 -0.899292 -1.414073 0.038212 -1.748486
-0.736694 -0.034058 -0.856323 -1.432349 -0.066218 -1.664942
-0.752441 0.010986 -0.801514 -1.462965 0.021361 -1.558376
-0.849487 0.039307 -0.749756 -1.651651 0.076424 -1.457744
-0.988892 -0.019775 -0.680176 -1.922694 -0.038449 -1.322460
-1.075928 -0.072754 -0.606079 -2.091917 -0.141455 -1.178395
-1.078491 -0.052612 -0.542603 -2.096901 -0.102294 -1.054978
-1.036255 0.026001 -0.508057 -2.014782 0.050553 -0.987810
-0.976440 0.097778 -0.465454 -1.898485 0.190110 -0.904979
-0.930420 0.102173 -0.416992 -1.809008 0.198654 -0.810754
-0.916748 0.090698 -0.385010 -1.782426 0.176344 -0.748571
-0.974609 0.038452 -0.363403 -1.894925 0.074762 -0.706562
-1.069702 -0.060059 -0.321777 -2.079813 -0.116771 -0.625629
-1.145630 -0.131104 -0.250610 -2.227439 -0.254903 -0.487260
-1.176880 -0.224731 -0.162598 -2.288198 -0.436943 -0.316137
-1.196777 -0.294800 -0.094116 -2.326884 -0.573177 -0.182989
-1.120850 -0.269775 -0.031616 -2.179259 -0.524522 -0.061471
-0.942017 -0.182739 0.079712 -1.831555 -0.355298 0.154983
-0.837036 -0.106934 0.183105 -1.627442 -0.207910 0.356010
-0.836914 -0.099731 0.250732 -1.627205 -0.193907 0.487497
-0.844604 -0.116577 0.304932 -1.642157 -0.226660 0.592876
-0.846802 -0.130737 0.353271 -1.646430 -0.254191 0.686863
-0.832642 -0.191162 0.408203 -1.618898 -0.371675 0.793666
-0.777832 -0.240479 0.464355 -1.512332 -0.467560 0.902842
-0.689209 -0.267212 0.508789 -1.340023 -0.519538 0.989234
-0.628906 -0.298218 0.516846 -1.222777 -0.579822 1.004899
-0.587891 -0.336548 0.525757 -1.143031 -0.654347 1.022225
-0.530518 -0.342529 0.547607 -1.031481 -0.665977 1.064708
-0.448608 -0.299194 0.568848 -0.872226 -0.581721 1.106006
-0.356323 -0.227539 0.599365 -0.692796 -0.442402 1.165341
-0.277710 -0.180298 0.654053 -0.539949 -0.350552 1.271669
-0.223999 -0.150513 0.710205 -0.435519 -0.292641 1.380846
-0.182739 -0.135376 0.742554 -0.355298 -0.263210 1.443741
-0.143311 -0.133301 0.756470 -0.278637 -0.259176 1.470798
-0.100952 -0.156372 0.750610 -0.196280 -0.304033 1.459405
-0.054443 -0.170044 0.732422 -0.105854 -0.330615 1.424042
-0.012939 -0.176758 0.705933 -0.025158 -0.343669 1.372539
0.011230 -0.186157 0.689453 0.021835 -0.361944 1.340498
0.021729 -0.196289 0.698486 0.042247 -0.381643 1.358061
0.027954 -0.197266 0.710815 0.054351 -0.383542 1.382033
0.037720 -0.184814 0.716064 0.073338 -0.359333 1.392238
0.034180 -0.185547 0.710449 0.066455 -0.360757 1.381320
0.016846 -0.223145 0.685669 0.032753 -0.433858 1.333140
0.024536 -0.256104 0.648193 0.047705 -0.497940 1.260277
0.057129 -0.262451 0.588867 0.111075 -0.510282 1.144930
0.097534 -0.258667 0.520752 0.189635 -0.502924 1.012494
0.138428 -0.251831 0.461548 0.269144 -0.489633 0.897384
0.170654 -0.266846 0.418945 0.331802 -0.518826 0.814552
0.210083 -0.269287 0.396240 0.408463 -0.523573 0.770407
0.244507 -0.252197 0.380127 0.475393 -0.490345 0.739078
0.264282 -0.240356 0.365723 0.513842 -0.467323 0.711071
0.284912 -0.222168 0.358154 0.553952 -0.431959 0.696356
0.310547 -0.182373 0.339478 0.603794 -0.354586 0.660043
0.320679 -0.134766 0.300293 0.623493 -0.262024 0.583857
0.313965 -0.110718 0.240356 0.610439 -0.215268 0.467323
0.313843 -0.098389 0.172119 0.610202 -0.191296 0.334650
0.318359 -0.080200 0.106689 0.618983 -0.155933 0.207435
