-0.437744 -0.548828 0.140625 -0.851102 -1.067082 0.273416
-0.537842 -0.440918 0.147705 -1.045721 -0.857273 0.287182
-0.519287 -0.314575 0.161377 -1.009646 -0.611626 0.313764
-0.452271 -0.233154 0.220337 -0.879346 -0.453320 0.428399
-0.404419 -0.200439 0.295654 -0.786308 -0.389713 0.574838
-0.427856 -0.163452 0.353516 -0.831878 -0.317799 0.687337
-0.435059 -0.184570 0.413330 -0.845881 -0.358858 0.803634
-0.338379 -0.293213 0.479614 -0.657907 -0.570091 0.932510
-0.249634 -0.350586 0.536133 -0.485361 -0.681641 1.042399
-0.210693 -0.320313 0.589478 -0.409649 -0.622781 1.146116
-0.198608 -0.193237 0.681152 -0.386153 -0.375710 1.324359
-0.180908 0.028687 0.830200 -0.351738 0.055775 1.614151
-0.113647 0.274658 1.031616 -0.220964 0.534016 2.005763
0.028564 0.530151 1.246338 0.055538 1.030769 2.423244
0.224487 0.776001 1.417114 0.436469 1.508772 2.755283
0.431396 0.942627 1.485718 0.838761 1.832742 2.888669
0.634155 0.987671 1.429443 1.232983 1.920320 2.779255
0.834351 0.910645 1.297974 1.622221 1.770558 2.523639
0.976685 0.754028 1.134033 1.898960 1.466051 2.204891
1.043579 0.530518 0.983032 2.029022 1.031481 1.911301
1.086182 0.308105 0.910767 2.111854 0.599047 1.770796
1.129150 0.220459 0.905029 2.195398 0.428637 1.759641
1.176636 0.261353 0.904541 2.287723 0.508146 1.758692
1.240601 0.323975 0.887695 2.412089 0.629901 1.725939
1.359375 0.395996 0.819702 2.643021 0.769932 1.593740
1.521606 0.445679 0.714355 2.958447 0.866529 1.388915
1.661133 0.461670 0.574463 3.229727 0.897621 1.116923
1.776123 0.370972 0.453247 3.453301 0.721277 0.881244
1.847412 0.248047 0.331177 3.591908 0.482275 0.643904
1.873535 0.152100 0.183838 3.642699 0.295726 0.357434
1.828613 0.093506 0.013794 3.555357 0.181803 0.026819
1.719849 0.007935 -0.172729 3.343887 0.015427 -0.335836
1.584717 -0.087158 -0.372437 3.081151 -0.169461 -0.724125
1.466797 -0.175903 -0.520752 2.851881 -0.342007 -1.012494
1.368774 -0.250488 -0.659180 2.661297 -0.487022 -1.281638
1.289917 -0.269043 -0.785522 2.507975 -0.523098 -1.527285
1.196045 -0.305908 -0.899658 2.325460 -0.594775 -1.749198
1.128784 -0.337158 -0.988647 2.194686 -0.655534 -1.922219
1.119995 -0.394409 -1.048584 2.177597 -0.766846 -2.038753
1.193237 -0.427856 -1.089111 2.320001 -0.831878 -2.117550
1.319702 -0.403564 -1.114014 2.565886 -0.784647 -2.165967
1.442139 -0.337891 -1.153564 2.803938 -0.656958 -2.242866
1.484375 -0.224976 -1.224243 2.886058 -0.437418 -2.380286
1.463013 -0.192993 -1.350586 2.844523 -0.375235 -2.625933
1.365845 -0.243042 -1.506470 2.655601 -0.472545 -2.929016
1.183716 -0.285645 -1.655640 2.301489 -0.555376 -3.219046
0.912354 -0.278809 -1.790527 1.773881 -0.542085 -3.481307
0.618896 -0.239136 -1.911499 1.203315 -0.464950 -3.716511
0.375610 -0.215942 -2.012695 0.730296 -0.419855 -3.913267
0.199829 -0.216797 -2.088013 0.388526 -0.421516 -4.059706
0.092773 -0.186646 -2.118408 0.180379 -0.362893 -4.118804
0.012207 -0.108398 -2.116577 0.023734 -0.210758 -4.115243
-0.091797 -0.052856 -2.125122 -0.178480 -0.102768 -4.131857
-0.237671 -0.048096 -2.172607 -0.462102 -0.093512 -4.224183
-0.488281 0.036133 -2.263184 -0.949361 0.070253 -4.400289
-0.823120 0.112427 -2.387939 -1.600386 0.218590 -4.642851
-1.022461 0.056030 -2.405273 -1.987962 0.108939 -4.676553
-1.129517 0.054565 -2.351074 -2.196110 0.106091 -4.571174
-1.174194 0.092896 -2.262817 -2.282976 0.180616 -4.399577
-1.162354 0.135010 -2.165283 -2.259954 0.262498 -4.209942
-1.146362 0.130127 -2.074829 -2.228863 0.253005 -4.034073
-1.132813 0.095703 -1.997559 -2.202518 0.186075 -3.883837
-1.110840 0.047607 -1.916870 -2.159796 0.092563 -3.726954
-1.077759 -0.002686 -1.820313 -2.095477 -0.005221 -3.539218
-1.045044 -0.065796 -1.696289 -2.031870 -0.127926 -3.298081
-1.075317 -0.200562 -1.554321 -2.090731 -0.389950 -3.022054
-1.163940 -0.369507 -1.422241 -2.263040 -0.718429 -2.765252
-1.283813 -0.514038 -1.294556 -2.496108 -0.999440 -2.516994
-1.342896 -0.590454 -1.105469 -2.610981 -1.148015 -2.149354
-1.314453 -0.605591 -0.890259 -2.555680 -1.177445 -1.730923
-1.301025 -0.645996 -0.711182 -2.529573 -1.256005 -1.382745
-1.295898 -0.695557 -0.554810 -2.519604 -1.352365 -1.078712
-1.169067 -0.818115 -0.285767 -2.273008 -1.590655 -0.555614
-1.206421 -0.501709 0.126709 -2.345634 -0.975469 0.246359
-1.352539 -0.339478 0.247070 -2.629730 -0.660043 0.480377
-1.116699 -0.839966 0.182251 -2.171189 -1.633139 0.354349
-0.863037 -0.972412 0.395630 -1.677996 -1.890653 0.769220
-0.735229 -0.951660 0.652222 -1.429501 -1.850305 1.268109
-0.719727 -0.957031 0.813599 -1.399358 -1.860748 1.581873
-0.753418 -0.949219 0.893677 -1.464864 -1.845558 1.737568
-0.744385 -0.955444 0.982910 -1.447301 -1.857662 1.911064
-0.667847 -0.933838 1.096191 -1.298489 -1.815653 2.131316
-0.588989 -0.922119 1.186768 -1.145167 -1.792868 2.307422
-0.551636 -0.956909 1.226929 -1.072541 -1.860510 2.385507
-0.520630 -0.979126 1.273682 -1.012256 -1.903706 2.476408
-0.541626 -1.005615 1.323364 -1.053079 -1.955209 2.573006
-0.544800 -0.998779 1.393921 -1.059250 -1.941918 2.710189
-0.368164 -0.944092 1.411743 -0.715818 -1.835590 2.744840
-0.327148 -1.042969 1.551880 -0.636072 -2.027835 3.017307
-0.250977 -1.083618 1.620361 -0.487972 -2.106870 3.150455
-0.161133 -1.095337 1.649902 -0.313289 -2.129654 3.207891
-0.100098 -1.098389 1.657593 -0.194619 -2.135588 3.222844
-0.042358 -1.040527 1.655029 -0.082357 -2.023089 3.217860
0.047485 -0.921631 1.628418 0.092325 -1.791919 3.166119
0.143188 -0.782837 1.564209 0.278400 -1.522063 3.041278
0.187744 -0.649780 1.443359 0.365029 -1.263362 2.806312
0.206787 -0.549072 1.269043 0.402054 -1.067557 2.467390
0.208008 -0.480347 1.050781 0.404428 -0.933934 2.043025
0.199829 -0.458740 0.831177 0.388526 -0.891925 1.616050
0.215942 -0.425903 0.657471 0.419855 -0.828080 1.278315
0.268188 -0.368774 0.535645 0.521437 -0.717005 1.041449
0.311035 -0.313232 0.432373 0.604743 -0.609015 0.840659
0.290161 -0.255981 0.308960 0.564158 -0.497703 0.600708
0.207031 -0.207886 0.161499 0.402529 -0.404191 0.314001
0.109619 -0.146240 0.013306 0.213132 -0.284334 0.025870
0.044189 -0.108887 -0.077148 0.085917 -0.211708 -0.149999
0.040771 -0.100708 -0.093628 0.079272 -0.195806 -0.182040
0.029419 -0.055420 -0.107300 0.057199 -0.107752 -0.208622
0.012939 -0.049438 -0.124878 0.025158 -0.096123 -0.242799
-0.005249 -0.038818 -0.136475 -0.010206 -0.075474 -0.265346
-0.029541 -0.028564 -0.146240 -0.057436 -0.055538 -0.284334
-0.034546 -0.042847 -0.149780 -0.067167 -0.083306 -0.291217
-0.033203 -0.054688 -0.157593 -0.064557 -0.106328 -0.306406
-0.028564 -0.060547 -0.160156 -0.055538 -0.117721 -0.311390
-0.008911 -0.043091 -0.164307 -0.017326 -0.083781 -0.319460
0.014526 -0.029297 -0.167603 0.028243 -0.056962 -0.325868
0.032349 -0.012451 -0.166870 0.062895 -0.024209 -0.324444
0.044067 0.012817 -0.168701 0.085680 0.024921 -0.328004
0.051025 0.025513 -0.170532 0.099208 0.049604 -0.331564
0.057251 0.023560 -0.163330 0.111313 0.045807 -0.317561
0.047607 0.022949 -0.147339 0.092563 0.044620 -0.286470
0.039307 -0.002930 -0.120239 0.076424 -0.005696 -0.233780
0.037720 -0.017090 -0.087402 0.073338 -0.033228 -0.169936
0.031738 -0.024780 -0.058594 0.061708 -0.048180 -0.113923
0.016968 -0.037720 -0.043579 0.032990 -0.073338 -0.084730
0.003662 -0.034546 -0.041870 0.007120 -0.067167 -0.081408
-0.012695 -0.015015 -0.048462 -0.024683 -0.029193 -0.094224
-0.023682 -0.005005 -0.059204 -0.046044 -0.009731 -0.115110
-0.020142 -0.007690 -0.066040 -0.039161 -0.014952 -0.128401
-0.012817 -0.016602 -0.069702 -0.024921 -0.032278 -0.135521
-0.006226 -0.034912 -0.069092 -0.012104 -0.067879 -0.134335
0.002441 -0.046265 -0.065674 0.004747 -0.089952 -0.127689
0.002930 -0.047974 -0.064697 0.005696 -0.093275 -0.125790
-0.004028 -0.049561 -0.069824 -0.007832 -0.096360 -0.135759
-0.010742 -0.056030 -0.073608 -0.020886 -0.108939 -0.143116
-0.018555 -0.067749 -0.064697 -0.036076 -0.131724 -0.125790
-0.024780 -0.083008 -0.047241 -0.048180 -0.161391 -0.091851
-0.030640 -0.091919 -0.031250 -0.059572 -0.178717 -0.060759
-0.033325 -0.083008 -0.017700 -0.064794 -0.161391 -0.034414
-0.036255 -0.055542 -0.005737 -0.070490 -0.107990 -0.011155
-0.044067 -0.027344 -0.001221 -0.085680 -0.053164 -0.002373
-0.049316 -0.009399 -0.004150 -0.095885 -0.018275 -0.008070
-0.046509 -0.006104 -0.011597 -0.090427 -0.011867 -0.022547
-0.038818 -0.016113 -0.021240 -0.075474 -0.031329 -0.041297
-0.031616 -0.036865 -0.028564 -0.061471 -0.071677 -0.055538
-0.022461 -0.052612 -0.026978 -0.043671 -0.102294 -0.052452
-0.011841 -0.053223 -0.021118 -0.023022 -0.103480 -0.041060
-0.004272 -0.046997 -0.014771 -0.008307 -0.091376 -0.028718
0.000000 -0.044189 -0.006836 0.000000 -0.085917 -0.013291
0.005615 -0.042236 0.000488 0.010918 -0.082120 0.000949
