-0.057007 -0.516235 0.180786 -0.110838 -1.003712 0.351501
-0.059570 -0.529907 0.229126 -0.115822 -1.030294 0.445488
-0.077637 -0.506470 0.268066 -0.150948 -0.984725 0.521199
-0.138794 -0.486206 0.262817 -0.269856 -0.945326 0.510994
-0.088501 -0.402832 0.244141 -0.172072 -0.783223 0.474681
-0.106201 -0.343384 0.197998 -0.206486 -0.667638 0.384966
-0.126221 -0.280884 0.137939 -0.245410 -0.546120 0.268195
-0.136597 -0.247070 0.083374 -0.265584 -0.480377 0.162103
-0.135376 -0.245239 0.053833 -0.263210 -0.476817 0.104667
-0.116333 -0.242554 0.049072 -0.226185 -0.471595 0.095411
-0.090576 -0.231079 0.058838 -0.176106 -0.449285 0.114398
-0.070435 -0.220825 0.066772 -0.136945 -0.429349 0.129825
-0.050903 -0.218384 0.082153 -0.098971 -0.424602 0.159730
-0.028564 -0.204224 0.102905 -0.055538 -0.397070 0.200078
-0.005737 -0.172241 0.123901 -0.011155 -0.334887 0.240900
-0.002808 -0.129883 0.132080 -0.005459 -0.252530 0.256802
0.009399 -0.069580 0.134644 0.018275 -0.135284 0.261786
0.031372 -0.006348 0.128174 0.060996 -0.012342 0.249207
0.055176 0.031616 0.123901 0.107278 0.061471 0.240900
0.083252 0.049561 0.123779 0.161866 0.096360 0.240663
0.111694 0.030273 0.109619 0.217166 0.058860 0.213132
0.152222 0.000488 0.105835 0.295963 0.000949 0.205774
0.189941 -0.010864 0.113892 0.369301 -0.021123 0.221438
0.209839 -0.002563 0.115845 0.407988 -0.004984 0.225236
0.244019 -0.006470 0.133423 0.474443 -0.012579 0.259413
0.279053 0.002441 0.143433 0.542560 0.004747 0.278875
0.312988 0.008179 0.149170 0.608540 0.015902 0.290030
0.343018 0.030396 0.150391 0.666926 0.059098 0.292403
0.365845 0.052734 0.140503 0.711309 0.102531 0.273179
0.409302 0.084229 0.141968 0.795802 0.163765 0.276027
0.452148 0.125854 0.147461 0.879108 0.244698 0.286707
0.492310 0.159546 0.143677 0.957193 0.310204 0.279350
0.534424 0.176636 0.134399 1.039076 0.343431 0.261312
0.577881 0.163696 0.127808 1.123569 0.318273 0.248495
0.620605 0.146851 0.126709 1.206638 0.285520 0.246359
0.660400 0.131592 0.120239 1.284011 0.255853 0.233780
0.697388 0.126587 0.109619 1.355925 0.246122 0.213132
0.724365 0.112183 0.091431 1.408377 0.218116 0.177768
0.742554 0.089722 0.064575 1.443741 0.174445 0.125553
0.755371 0.066040 0.036133 1.468662 0.128401 0.070253
0.753418 0.020020 0.008423 1.464864 0.038924 0.016376
0.758301 -0.027832 -0.036133 1.474358 -0.054114 -0.070253
0.759644 -0.071045 -0.090576 1.476969 -0.138132 -0.176106
0.755127 -0.091797 -0.143921 1.468187 -0.178480 -0.279824
0.749268 -0.087158 -0.192261 1.456795 -0.169461 -0.373811
0.737427 -0.066162 -0.230347 1.433773 -0.128638 -0.447861
0.713013 -0.038086 -0.254150 1.386305 -0.074050 -0.494142
0.696533 0.000000 -0.270508 1.354264 0.000000 -0.525946
0.687866 0.046143 -0.283325 1.337412 0.089715 -0.550867
0.669922 0.100952 -0.303345 1.302523 0.196280 -0.589791
0.634766 0.157471 -0.340942 1.234169 0.306169 -0.662891
0.588501 0.205322 -0.386475 1.144217 0.399206 -0.751419
0.537109 0.238159 -0.429199 1.044297 0.463051 -0.834488
0.481201 0.250977 -0.481689 0.935595 0.487972 -0.936545
0.427856 0.249756 -0.549194 0.831878 0.485598 -1.067794
0.375366 0.261108 -0.619873 0.729821 0.507671 -1.205214
0.327026 0.255859 -0.683594 0.635835 0.497465 -1.329106
0.284424 0.262817 -0.748413 0.553003 0.510994 -1.455133
0.218750 0.186890 -0.805298 0.425314 0.363368 -1.565734
0.175171 0.142944 -0.866455 0.340583 0.277925 -1.684641
0.152344 0.124634 -0.882690 0.296201 0.242324 -1.716208
0.108765 0.117798 -0.874268 0.211470 0.229033 -1.699831
0.064087 0.124634 -0.850098 0.124604 0.242324 -1.652838
0.018921 0.149170 -0.828857 0.036788 0.290030 -1.611541
-0.029053 0.188477 -0.811035 -0.056487 0.366453 -1.576889
-0.080811 0.235596 -0.794800 -0.157119 0.458067 -1.545323
-0.121460 0.278564 -0.780762 -0.236154 0.541611 -1.518028
-0.144531 0.294312 -0.765991 -0.281011 0.572227 -1.489310
-0.168457 0.298096 -0.767822 -0.327530 0.579585 -1.492870
-0.208374 0.295776 -0.774536 -0.405140 0.575076 -1.505924
-0.267090 0.274902 -0.793091 -0.519301 0.534490 -1.542000
-0.325928 0.246948 -0.805176 -0.633699 0.480139 -1.565497
-0.361816 0.214355 -0.811401 -0.703477 0.416770 -1.577601
-0.379883 0.200928 -0.798950 -0.738603 0.390662 -1.553392
-0.385254 0.223877 -0.795532 -0.749046 0.435282 -1.546747
-0.388428 0.234863 -0.785278 -0.755217 0.456643 -1.526810
-0.403198 0.224487 -0.771729 -0.783935 0.436469 -1.500465
-0.414185 0.193359 -0.758301 -0.805296 0.375947 -1.474358
-0.431274 0.151855 -0.740234 -0.838523 0.295251 -1.439232
-0.468628 0.113037 -0.732910 -0.911149 0.219777 -1.424991
-0.493164 0.080811 -0.721924 -0.958855 0.157119 -1.403630
-0.506958 0.064087 -0.701294 -0.985674 0.124604 -1.363520
-0.515747 0.044678 -0.667236 -1.002763 0.086867 -1.297302
-0.536499 0.017090 -0.619141 -1.043111 0.033228 -1.203790
-0.553223 -0.011719 -0.553955 -1.075626 -0.022785 -1.077050
-0.566772 -0.018677 -0.498779 -1.101971 -0.036313 -0.969772
-0.567139 -0.042480 -0.435425 -1.102683 -0.082594 -0.846593
-0.578857 -0.043091 -0.387695 -1.125468 -0.083781 -0.753793
-0.600342 -0.040649 -0.372314 -1.167240 -0.079034 -0.723888
-0.617798 -0.042725 -0.350586 -1.201179 -0.083069 -0.681641
-0.638794 -0.064575 -0.313721 -1.242002 -0.125553 -0.609965
-0.644287 -0.096558 -0.262207 -1.252682 -0.187736 -0.509807
-0.642334 -0.135254 -0.207397 -1.248885 -0.262973 -0.403241
-0.632080 -0.179932 -0.152222 -1.228948 -0.349840 -0.295963
-0.608887 -0.232178 -0.088257 -1.183853 -0.451421 -0.171597
-0.595337 -0.259766 -0.030518 -1.157509 -0.505060 -0.059335
-0.589111 -0.277222 0.014526 -1.145404 -0.539000 0.028243
-0.581299 -0.286011 0.062256 -1.130214 -0.556088 0.121044
-0.588745 -0.273438 0.110229 -1.144692 -0.531642 0.214318
-0.594971 -0.248779 0.158081 -1.156797 -0.483700 0.307356
-0.595703 -0.220703 0.211060 -1.158221 -0.429111 0.410361
-0.576538 -0.204590 0.275269 -1.120958 -0.397782 0.535202
-0.545654 -0.213745 0.344238 -1.060911 -0.415583 0.669300
-0.516602 -0.238770 0.402954 -1.004424 -0.464238 0.783460
-0.488892 -0.253296 0.449219 -0.950548 -0.492481 0.873412
-0.451660 -0.253906 0.482056 -0.878159 -0.493668 0.937257
-0.412598 -0.232788 0.506714 -0.802210 -0.452608 0.985200
-0.374146 -0.206299 0.522705 -0.727448 -0.401105 1.016291
-0.338013 -0.181885 0.530518 -0.657195 -0.353637 1.031481
-0.292969 -0.197510 0.529907 -0.569617 -0.384017 1.030294
-0.251587 -0.215820 0.546265 -0.489158 -0.419618 1.062098
-0.197632 -0.190063 0.550049 -0.384254 -0.369539 1.069455
-0.147461 -0.165161 0.548462 -0.286707 -0.321121 1.066370
-0.110596 -0.163452 0.537842 -0.215030 -0.317799 1.045721
-0.093750 -0.185913 0.515137 -0.182277 -0.361469 1.001576
-0.085449 -0.195190 0.483887 -0.166138 -0.379507 0.940817
-0.064697 -0.191406 0.451782 -0.125790 -0.372150 0.878396
-0.036865 -0.179321 0.418945 -0.071677 -0.348653 0.814552
-0.025269 -0.170898 0.382202 -0.049129 -0.332276 0.743112
-0.011597 -0.171021 0.343750 -0.022547 -0.332514 0.668350
0.008423 -0.174438 0.308960 0.016376 -0.339159 0.600708
0.018433 -0.173828 0.273682 0.035838 -0.337973 0.532117
0.026489 -0.173340 0.243530 0.051503 -0.337023 0.473494
0.035522 -0.160767 0.223999 0.069066 -0.312577 0.435519
0.039551 -0.130981 0.203003 0.076898 -0.254666 0.394697
0.037476 -0.103516 0.180542 0.072863 -0.201265 0.351026
0.028564 -0.080078 0.153687 0.055538 -0.155695 0.298811
0.024902 -0.062378 0.120239 0.048417 -0.121281 0.233780
0.024536 -0.050171 0.084106 0.047705 -0.097547 0.163527
0.021118 -0.044434 0.050903 0.041060 -0.086392 0.098971
0.014404 -0.046753 0.020142 0.028006 -0.090901 0.039161
0.013062 -0.056641 -0.001709 0.025395 -0.110126 -0.003323
0.019897 -0.054565 -0.014648 0.038686 -0.106091 -0.028481
0.022705 -0.044434 -0.028320 0.044145 -0.086392 -0.055063
0.014771 -0.033936 -0.047974 0.028718 -0.065981 -0.093275
0.005371 -0.028320 -0.064209 0.010443 -0.055063 -0.124841
0.005493 -0.028564 -0.067871 0.010680 -0.055538 -0.131961
0.009888 -0.029175 -0.062866 0.019225 -0.056724 -0.122230
0.001343 -0.032104 -0.058716 0.002611 -0.062420 -0.114161
-0.011597 -0.035034 -0.056641 -0.022547 -0.068117 -0.110126
-0.006836 -0.036743 -0.053955 -0.013291 -0.071439 -0.104904
0.002686 -0.038574 -0.046021 0.005221 -0.075000 -0.089477
0.007690 -0.038818 -0.044312 0.014952 -0.075474 -0.086155
0.003906 -0.042114 -0.048584 0.007595 -0.081882 -0.094461
-0.005127 -0.047974 -0.054565 -0.009968 -0.093275 -0.106091
-0.004517 -0.052002 -0.056885 -0.008782 -0.101107 -0.110601
-0.002686 -0.059082 -0.050781 -0.005221 -0.114873 -0.098734
0.001587 -0.068237 -0.036133 0.003085 -0.132673 -0.070253
-0.000732 -0.065552 -0.023071 -0.001424 -0.127452 -0.044857
-0.007690 -0.060181 -0.018921 -0.014952 -0.117009 -0.036788
