-0.009277 -0.419312 0.199219 -0.018038 -0.815264 0.387339
-0.107788 -0.394653 0.198364 -0.209571 -0.767321 0.385678
-0.105469 -0.323975 0.159424 -0.205062 -0.629901 0.309966
-0.141113 -0.264038 0.099976 -0.274365 -0.513367 0.194382
-0.193604 -0.234985 0.028320 -0.376422 -0.456880 0.055063
-0.205566 -0.207153 -0.033691 -0.399681 -0.402766 -0.065506
-0.185059 -0.202515 -0.038330 -0.359808 -0.393748 -0.074525
-0.183960 -0.184937 -0.027710 -0.357672 -0.359571 -0.053876
-0.193359 -0.167358 0.000000 -0.375947 -0.325394 0.000000
-0.207153 -0.151978 0.048218 -0.402766 -0.295489 0.093749
-0.210449 -0.133423 0.112549 -0.409175 -0.259413 0.218828
-0.207275 -0.098389 0.181519 -0.403004 -0.191296 0.352925
-0.220093 -0.054932 0.221558 -0.427925 -0.106803 0.430773
-0.238892 -0.035767 0.247925 -0.464475 -0.069541 0.482038
-0.255981 -0.042358 0.259888 -0.497703 -0.082357 0.505297
-0.265381 -0.073730 0.274658 -0.515978 -0.143354 0.534016
-0.274292 -0.101929 0.293335 -0.533304 -0.198179 0.570329
-0.284668 -0.116943 0.309204 -0.553478 -0.227372 0.601183
-0.290405 -0.121582 0.325562 -0.564633 -0.236391 0.632987
-0.296265 -0.117676 0.343140 -0.576025 -0.228796 0.667164
-0.299194 -0.114014 0.353882 -0.581721 -0.221676 0.688049
-0.298340 -0.105347 0.356201 -0.580060 -0.204825 0.692559
-0.293579 -0.102051 0.359985 -0.570803 -0.198416 0.699916
-0.281860 -0.092163 0.373901 -0.548019 -0.179192 0.726973
-0.275024 -0.063110 0.394287 -0.534728 -0.122705 0.766609
-0.259888 -0.022949 0.425781 -0.505297 -0.044620 0.827843
-0.237061 0.019653 0.453491 -0.460915 0.038212 0.881719
-0.221924 0.046143 0.472168 -0.431485 0.089715 0.918032
-0.209839 0.044922 0.488770 -0.407988 0.087341 0.950311
-0.189331 0.035400 0.484009 -0.368115 0.068829 0.941054
-0.173340 0.027710 0.462402 -0.337023 0.053876 0.899045
-0.154175 0.006104 0.433228 -0.299761 0.011867 0.842321
-0.119385 -0.019043 0.393311 -0.232119 -0.037025 0.764710
-0.080933 -0.040649 0.355713 -0.157357 -0.079034 0.691610
-0.044189 -0.044067 0.317749 -0.085917 -0.085680 0.617797
-0.000610 -0.035889 0.290161 -0.001187 -0.069778 0.564158
0.050781 -0.022583 0.283081 0.098734 -0.043908 0.550392
0.102051 -0.009521 0.285034 0.198416 -0.018513 0.554190
0.146851 -0.004517 0.302856 0.285520 -0.008782 0.588841
0.186890 0.032349 0.336182 0.363368 0.062895 0.653635
0.237549 0.088989 0.348999 0.461864 0.173021 0.678556
0.295532 0.144653 0.334839 0.574601 0.281248 0.651024
0.346802 0.172729 0.310547 0.674284 0.335836 0.603794
0.379761 0.174805 0.294922 0.738366 0.339871 0.573414
0.390381 0.163452 0.277100 0.759014 0.317799 0.538762
0.403076 0.150269 0.267212 0.783698 0.292166 0.519538
0.420898 0.147339 0.242798 0.818349 0.286470 0.472070
0.435425 0.150024 0.205078 0.846593 0.291691 0.398732
0.458740 0.145020 0.179810 0.891925 0.281960 0.349602
0.481812 0.142944 0.151123 0.936782 0.277925 0.293827
0.500000 0.133667 0.095459 0.972146 0.259888 0.185600
0.503906 0.124146 0.032471 0.979741 0.241375 0.063133
0.504028 0.109253 0.016113 0.979978 0.212420 0.031329
0.511475 0.123779 0.021606 0.994456 0.240663 0.042009
0.520508 0.151733 0.021973 1.012019 0.295014 0.042721
0.528687 0.176880 0.020386 1.027921 0.343906 0.039636
0.536377 0.187988 0.006714 1.042873 0.365504 0.013054
0.541504 0.193481 -0.027466 1.052842 0.376184 -0.053402
0.538818 0.189575 -0.079346 1.047620 0.368589 -0.154271
0.535400 0.183105 -0.144165 1.040974 0.356010 -0.280299
0.530518 0.182739 -0.209351 1.031481 0.355298 -0.407039
0.513062 0.184814 -0.267212 0.997541 0.359333 -0.519538
0.505371 0.180054 -0.293701 0.982589 0.350077 -0.571041
0.503418 0.191772 -0.309937 0.978791 0.372862 -0.602607
0.500488 0.222656 -0.334717 0.973095 0.432909 -0.650787
0.498657 0.259399 -0.364990 0.969535 0.504348 -0.709647
0.499512 0.282104 -0.401733 0.971196 0.548493 -0.781087
0.504272 0.293457 -0.451782 0.980453 0.570566 -0.878396
0.509155 0.302612 -0.516724 0.989946 0.588367 -1.004661
0.510010 0.306519 -0.574219 0.991608 0.595961 -1.116449
0.502075 0.305908 -0.614746 0.976181 0.594775 -1.195246
0.472168 0.308228 -0.655518 0.918032 0.599284 -1.274517
0.440796 0.301514 -0.692261 0.857036 0.586231 -1.345957
0.433350 0.285278 -0.712524 0.842558 0.554664 -1.385355
0.429077 0.271118 -0.723511 0.834251 0.527133 -1.406716
0.417969 0.281250 -0.737793 0.812653 0.546832 -1.434485
0.408813 0.321045 -0.772949 0.794853 0.624205 -1.502839
0.411255 0.363525 -0.820068 0.799599 0.706799 -1.594452
0.423706 0.411133 -0.861328 0.823808 0.799362 -1.674673
0.410400 0.462158 -0.914673 0.797938 0.898570 -1.778391
0.370850 0.479126 -0.978271 0.721040 0.931561 -1.902045
0.335205 0.456543 -1.014893 0.651736 0.887653 -1.973247
0.318481 0.409424 -1.017212 0.619221 0.796039 -1.977757
0.311401 0.338623 -0.987427 0.605455 0.658382 -1.919846
0.280640 0.286621 -0.949585 0.545645 0.557275 -1.846270
0.225830 0.295044 -0.949707 0.439080 0.573651 -1.846507
0.165283 0.342407 -0.974365 0.321359 0.665739 -1.894450
0.121216 0.361206 -0.972168 0.235679 0.702290 -1.890178
0.094238 0.349609 -0.937378 0.183227 0.679743 -1.822536
0.072266 0.351440 -0.906372 0.140505 0.683303 -1.762252
0.040649 0.378052 -0.897949 0.079034 0.735043 -1.745875
-0.004761 0.414185 -0.913574 -0.009256 0.805296 -1.776255
-0.041870 0.415771 -0.940674 -0.081408 0.808381 -1.828944
-0.067139 0.375366 -0.957031 -0.130537 0.729821 -1.860748
-0.100342 0.304932 -0.944092 -0.195094 0.592876 -1.835590
-0.153931 0.227783 -0.901123 -0.299286 0.442877 -1.752046
-0.212524 0.173218 -0.851074 -0.413209 0.336786 -1.654737
-0.257202 0.147827 -0.793335 -0.500076 0.287419 -1.542475
-0.298096 0.149780 -0.740234 -0.579585 0.291217 -1.439232
-0.333252 0.144409 -0.687744 -0.647939 0.280774 -1.337175
-0.361694 0.130859 -0.654297 -0.703239 0.254429 -1.272144
-0.383911 0.110840 -0.623169 -0.746435 0.215505 -1.211622
-0.388306 0.109619 -0.613159 -0.754979 0.213132 -1.192160
-0.379150 0.067383 -0.582275 -0.737179 0.131012 -1.132113
-0.383057 0.010620 -0.555664 -0.744774 0.020649 -1.080373
-0.385742 -0.040649 -0.524170 -0.749995 -0.079034 -1.019139
-0.404663 -0.069580 -0.493286 -0.786783 -0.135284 -0.959092
-0.441162 -0.084473 -0.469360 -0.857748 -0.164239 -0.912573
-0.470825 -0.087891 -0.440918 -0.915421 -0.170885 -0.857273
-0.494629 -0.087646 -0.420166 -0.961703 -0.170410 -0.816925
-0.516235 -0.086548 -0.408325 -1.003712 -0.168274 -0.793903
-0.529175 -0.087158 -0.394165 -1.028870 -0.169461 -0.766372
-0.528076 -0.100586 -0.372192 -1.026734 -0.195568 -0.723651
-0.520508 -0.124268 -0.337158 -1.012019 -0.241612 -0.655534
-0.515259 -0.162476 -0.287964 -1.001813 -0.315900 -0.559886
-0.523438 -0.191284 -0.247681 -1.017715 -0.371912 -0.481563
-0.541870 -0.223145 -0.203125 -1.053554 -0.433858 -0.394934
-0.559082 -0.241455 -0.165649 -1.087018 -0.469459 -0.322071
-0.570557 -0.241089 -0.140747 -1.109329 -0.468747 -0.273653
-0.574341 -0.237915 -0.136719 -1.116686 -0.462576 -0.265821
-0.580933 -0.246826 -0.127686 -1.129502 -0.479902 -0.248258
-0.579102 -0.253052 -0.113403 -1.125942 -0.492006 -0.220489
-0.565796 -0.269653 -0.095581 -1.100072 -0.524285 -0.185837
-0.537231 -0.303955 -0.057373 -1.044535 -0.590977 -0.111550
-0.526855 -0.336548 -0.019531 -1.024361 -0.654347 -0.037974
-0.541748 -0.353149 0.011108 -1.053316 -0.686625 0.021598
-0.546997 -0.369873 0.051514 -1.063522 -0.719141 0.100158
-0.532837 -0.381470 0.115234 -1.035990 -0.741688 0.224049
-0.517700 -0.372437 0.183472 -1.006560 -0.724125 0.356722
-0.504028 -0.345093 0.232788 -0.979978 -0.670961 0.452608
-0.486938 -0.312622 0.263428 -0.946750 -0.607828 0.512180
-0.451904 -0.287842 0.281494 -0.878634 -0.559648 0.547307
-0.409302 -0.264038 0.279297 -0.795802 -0.513367 0.543035
-0.374878 -0.257324 0.270142 -0.728872 -0.500313 0.525234
-0.338989 -0.262085 0.266846 -0.659094 -0.509570 0.518826
-0.301270 -0.273804 0.269897 -0.585756 -0.532354 0.524759
-0.277954 -0.282593 0.270630 -0.540424 -0.549443 0.526183
-0.256958 -0.284546 0.284180 -0.499601 -0.553240 0.552528
-0.239258 -0.282104 0.296875 -0.465187 -0.548493 0.577212
-0.219116 -0.284302 0.301025 -0.426026 -0.552766 0.585281
-0.185913 -0.288330 0.308594 -0.361469 -0.560598 0.599996
-0.144897 -0.295532 0.313477 -0.281723 -0.574601 0.609490
-0.103271 -0.300781 0.308350 -0.200790 -0.584806 0.599522
-0.069092 -0.296997 0.297852 -0.134335 -0.577449 0.579110
-0.047241 -0.284790 0.290771 -0.091851 -0.553715 0.565345
-0.032349 -0.271729 0.289429 -0.062895 -0.528319 0.562734
-0.024170 -0.264038 0.287964 -0.046993 -0.513367 0.559886
-0.023560 -0.254028 0.277344 -0.045807 -0.493905 0.539237
-0.019287 -0.252686 0.267578 -0.037500 -0.491294 0.520250
0.000732 -0.257813 0.259033 0.001424 -0.501263 0.503636
