-0.091187 -0.253906 0.074707 -0.177293 -0.493668 0.145252
-0.136719 -0.213379 0.062256 -0.265821 -0.414871 0.121044
-0.233765 -0.254761 0.052002 -0.454507 -0.495329 0.101107
-0.234741 -0.283691 0.080322 -0.456405 -0.551579 0.156170
-0.291260 -0.315918 0.133667 -0.566294 -0.614237 0.259888
-0.355225 -0.293091 0.174072 -0.690660 -0.569854 0.338447
-0.399536 -0.205566 0.158325 -0.776815 -0.399681 0.307830
-0.418823 -0.154297 0.139282 -0.814315 -0.299998 0.270805
-0.422852 -0.164307 0.145874 -0.822147 -0.319460 0.283622
-0.406372 -0.186157 0.174438 -0.790106 -0.361944 0.339159
-0.390625 -0.203369 0.207275 -0.759489 -0.395409 0.403004
-0.377075 -0.198853 0.234253 -0.733144 -0.386627 0.455456
-0.365356 -0.168701 0.257813 -0.710359 -0.328004 0.501263
-0.359253 -0.136108 0.290405 -0.698492 -0.264634 0.564633
-0.361450 -0.102417 0.330811 -0.702765 -0.199128 0.643192
-0.355103 -0.097412 0.388794 -0.690423 -0.189398 0.755929
-0.354370 -0.110352 0.441162 -0.688999 -0.214556 0.857748
-0.357666 -0.116455 0.468140 -0.695407 -0.226423 0.910200
-0.342651 -0.106934 0.473877 -0.666214 -0.207910 0.921355
-0.304321 -0.093872 0.473145 -0.591689 -0.182515 0.919931
-0.259766 -0.085815 0.473511 -0.505060 -0.166850 0.920643
-0.221436 -0.074097 0.465820 -0.430535 -0.144066 0.905691
-0.195923 -0.059814 0.455200 -0.380931 -0.116297 0.885042
-0.174438 -0.045776 0.454224 -0.339159 -0.089003 0.883143
-0.155151 -0.025146 0.456299 -0.301659 -0.048892 0.887178
-0.119263 -0.019531 0.473511 -0.231881 -0.037974 0.920643
-0.061768 -0.020874 0.503052 -0.120094 -0.040585 0.978079
-0.012085 -0.018799 0.510864 -0.023497 -0.036550 0.993269
0.038330 -0.016479 0.507446 0.074525 -0.032041 0.986624
0.088867 0.002441 0.500732 0.172784 0.004747 0.973570
0.141602 0.018921 0.483887 0.275315 0.036788 0.940817
0.199585 0.028809 0.462158 0.388051 0.056012 0.898570
0.258179 0.043701 0.439087 0.501975 0.084968 0.853713
0.313232 0.055908 0.415894 0.609015 0.108702 0.808618
0.368408 0.091675 0.393799 0.716293 0.178243 0.765660
0.414185 0.127686 0.371704 0.805296 0.248258 0.722701
0.453003 0.160278 0.347778 0.880770 0.311628 0.676182
0.500854 0.187866 0.327759 0.973807 0.365267 0.637259
0.549561 0.221069 0.312744 1.068506 0.429823 0.608066
0.587280 0.236938 0.292725 1.141844 0.460678 0.569142
0.614624 0.245605 0.273315 1.195008 0.477529 0.531405
0.635498 0.255005 0.254150 1.235594 0.495804 0.494142
0.659546 0.273071 0.223145 1.282350 0.530930 0.433858
0.683105 0.289063 0.185181 1.328156 0.562022 0.360045
0.703125 0.284546 0.147095 1.367080 0.553240 0.285995
0.716919 0.276123 0.104858 1.393899 0.536864 0.203875
0.734619 0.256104 0.072876 1.428314 0.497940 0.141692
0.747070 0.229370 0.039063 1.452523 0.445962 0.075949
0.754395 0.198486 -0.003906 1.466763 0.385915 -0.007595
0.750854 0.175659 -0.058350 1.459880 0.341533 -0.113449
0.740112 0.158936 -0.118408 1.438994 0.309017 -0.230220
0.729858 0.150269 -0.159546 1.419058 0.292166 -0.310204
0.721313 0.151978 -0.183716 1.402444 0.295489 -0.357197
0.713989 0.169922 -0.200317 1.388203 0.330378 -0.389475
0.701172 0.205688 -0.222046 1.363283 0.399918 -0.431722
0.684082 0.244385 -0.254639 1.330055 0.475155 -0.495092
0.671387 0.276611 -0.303467 1.305372 0.537813 -0.590028
0.657227 0.301514 -0.355469 1.277840 0.586231 -0.691135
0.637695 0.314209 -0.410645 1.239866 0.610914 -0.798413
0.610962 0.322510 -0.486450 1.187888 0.627053 -0.945801
0.582886 0.319580 -0.572144 1.133300 0.621357 -1.112414
0.557373 0.304932 -0.657959 1.083696 0.592876 -1.279264
0.528198 0.288208 -0.726440 1.026971 0.560360 -1.412412
0.487793 0.277222 -0.778442 0.948412 0.539000 -1.513519
0.444580 0.260254 -0.812500 0.864393 0.506009 -1.579737
0.398560 0.255493 -0.833008 0.774916 0.496753 -1.619610
0.357056 0.258057 -0.849243 0.694220 0.501737 -1.651176
0.314087 0.268555 -0.850830 0.610677 0.522149 -1.654262
0.260986 0.275269 -0.851196 0.507434 0.535202 -1.654974
0.201904 0.274170 -0.856323 0.392561 0.533066 -1.664942
0.143188 0.270752 -0.859741 0.278400 0.526421 -1.671588
0.079834 0.264282 -0.851929 0.155221 0.513842 -1.656398
0.013794 0.254150 -0.854248 0.026819 0.494142 -1.660907
-0.041626 0.255127 -0.869507 -0.080933 0.496041 -1.690575
-0.092285 0.250854 -0.887939 -0.179429 0.487734 -1.726413
-0.137451 0.236816 -0.917603 -0.267245 0.460440 -1.784087
-0.180908 0.209106 -0.951050 -0.351738 0.406564 -1.849118
-0.225220 0.170166 -0.962646 -0.437893 0.330852 -1.871665
-0.263062 0.135132 -0.954346 -0.511468 0.262736 -1.855526
-0.288940 0.123535 -0.929688 -0.561784 0.240188 -1.807584
-0.305786 0.104126 -0.883667 -0.594537 0.202451 -1.718106
-0.333984 0.084229 -0.820679 -0.649363 0.163765 -1.595639
-0.383057 0.087769 -0.767456 -0.744774 0.170648 -1.492158
-0.426025 0.112793 -0.739624 -0.828318 0.219302 -1.438045
-0.442261 0.121948 -0.710083 -0.859884 0.237103 -1.380608
-0.445679 0.101440 -0.674316 -0.866529 0.197230 -1.311068
-0.458618 0.072021 -0.649902 -0.891687 0.140031 -1.263600
-0.467285 0.045654 -0.629639 -0.908539 0.088765 -1.224201
-0.469604 0.018921 -0.600098 -0.913048 0.036788 -1.166765
-0.483276 -0.027832 -0.558105 -0.939630 -0.054114 -1.085120
-0.502075 -0.056641 -0.530640 -0.976181 -0.110126 -1.031718
-0.515015 -0.071777 -0.499146 -1.001339 -0.139556 -0.970484
-0.529419 -0.092407 -0.452759 -1.029345 -0.179667 -0.880295
-0.543213 -0.122192 -0.396240 -1.056164 -0.237578 -0.770407
-0.557495 -0.139404 -0.347168 -1.083933 -0.271043 -0.674996
-0.568726 -0.130249 -0.325439 -1.105768 -0.253242 -0.632749
-0.572266 -0.121948 -0.334595 -1.112651 -0.237103 -0.650550
-0.568115 -0.127563 -0.331543 -1.104582 -0.248021 -0.644616
-0.577271 -0.154785 -0.322144 -1.122382 -0.300947 -0.626341
-0.586914 -0.179810 -0.302856 -1.141132 -0.349602 -0.588841
-0.589966 -0.204468 -0.271973 -1.147066 -0.397545 -0.528794
-0.594482 -0.220581 -0.228271 -1.155847 -0.428874 -0.443826
-0.595459 -0.221191 -0.187378 -1.157746 -0.430061 -0.364317
-0.605225 -0.228027 -0.156372 -1.176733 -0.443352 -0.304033
-0.607056 -0.260986 -0.121948 -1.180293 -0.507434 -0.237103
-0.600464 -0.282715 -0.091797 -1.167477 -0.549680 -0.178480
-0.584717 -0.293701 -0.068115 -1.136860 -0.571041 -0.132436
-0.565308 -0.301147 -0.034790 -1.099123 -0.585518 -0.067642
-0.546143 -0.309937 0.005249 -1.061860 -0.602607 0.010206
-0.527832 -0.302124 0.050293 -1.026259 -0.587417 0.097784
-0.519653 -0.294434 0.089966 -1.010358 -0.572465 0.174920
-0.515747 -0.293213 0.123901 -1.002763 -0.570091 0.240900
-0.509033 -0.296509 0.157471 -0.989709 -0.576500 0.306169
-0.501709 -0.310669 0.193359 -0.975469 -0.604031 0.375947
-0.490479 -0.323975 0.226685 -0.953633 -0.629901 0.440741
-0.471924 -0.334351 0.263916 -0.917558 -0.650075 0.513130
-0.444946 -0.330811 0.302979 -0.865105 -0.643192 0.589079
-0.413208 -0.319092 0.337769 -0.803397 -0.620408 0.656721
-0.384766 -0.307373 0.363159 -0.748097 -0.597623 0.706087
-0.353638 -0.301880 0.382935 -0.687575 -0.586943 0.744536
-0.309692 -0.301270 0.388062 -0.602132 -0.585756 0.754505
-0.270630 -0.305176 0.388916 -0.526183 -0.593351 0.756166
-0.233521 -0.310547 0.389526 -0.454032 -0.603794 0.757353
-0.198608 -0.311890 0.383423 -0.386153 -0.606404 0.745486
-0.164185 -0.313721 0.370850 -0.319223 -0.609965 0.721040
-0.130005 -0.316406 0.352295 -0.252767 -0.615186 0.684964
-0.103027 -0.311035 0.331787 -0.200315 -0.604743 0.645091
-0.069702 -0.302490 0.317627 -0.135521 -0.588129 0.617559
-0.029785 -0.292725 0.310913 -0.057911 -0.569142 0.604506
-0.001465 -0.281128 0.309448 -0.002848 -0.546595 0.601658
0.023926 -0.260498 0.308472 0.046519 -0.506484 0.599759
0.038818 -0.229492 0.301880 0.075474 -0.446200 0.586943
0.041016 -0.203369 0.290405 0.079746 -0.395409 0.564633
0.045410 -0.182983 0.271606 0.088291 -0.355773 0.528082
0.058960 -0.171997 0.245361 0.114635 -0.334412 0.477054
0.071655 -0.162476 0.209229 0.139319 -0.315900 0.406801
0.081665 -0.160645 0.166870 0.158781 -0.312340 0.324444
0.088989 -0.163940 0.128296 0.173021 -0.318748 0.249445
0.097046 -0.170532 0.103638 0.188686 -0.331564 0.201502
0.101929 -0.171875 0.093872 0.198179 -0.334175 0.182515
0.096558 -0.171265 0.087891 0.187736 -0.332988 0.170885
0.086792 -0.163940 0.082764 0.168749 -0.318748 0.160917
0.078003 -0.146362 0.076660 0.151660 -0.284571 0.149050
0.072021 -0.126709 0.070435 0.140031 -0.246359 0.136945
0.063965 -0.111938 0.065796 0.124366 -0.217641 0.127926
0.049805 -0.111816 0.055542 0.096835 -0.217404 0.107990
0.041260 -0.117065 0.044922 0.080221 -0.227609 0.087341
0.034790 -0.120117 0.035767 0.067642 -0.233543 0.069541
0.028809 -0.118286 0.019897 0.056012 -0.229983 0.038686
0.026978 -0.107178 0.001465 0.052452 -0.208385 0.002848
