-0.136353 -0.283447 0.064941 -0.265109 -0.551104 0.126265
-0.125732 -0.247070 0.025269 -0.244460 -0.480377 0.049129
-0.176514 -0.234375 -0.015747 -0.343194 -0.455693 -0.030617
-0.222656 -0.247925 -0.012939 -0.432909 -0.482038 -0.025158
-0.244751 -0.228394 0.004272 -0.475867 -0.444064 0.008307
-0.270752 -0.200195 0.031250 -0.526421 -0.389238 0.060759
-0.299927 -0.169189 0.056396 -0.583145 -0.328954 0.109651
-0.313843 -0.148804 0.079468 -0.610202 -0.289318 0.154509
-0.313110 -0.141113 0.104858 -0.608778 -0.274365 0.203875
-0.310913 -0.150024 0.130859 -0.604506 -0.291691 0.254429
-0.314575 -0.158813 0.143188 -0.611626 -0.308780 0.278400
-0.317505 -0.167114 0.163208 -0.617322 -0.324919 0.317324
-0.327881 -0.164063 0.180054 -0.637496 -0.318985 0.350077
-0.331299 -0.171631 0.213013 -0.644142 -0.333700 0.414159
-0.327271 -0.161133 0.246216 -0.636309 -0.313289 0.478715
-0.324951 -0.152222 0.273926 -0.631800 -0.295963 0.532592
-0.330811 -0.147949 0.302856 -0.643192 -0.287656 0.588841
-0.339233 -0.154053 0.329224 -0.659569 -0.299523 0.640107
-0.338013 -0.161133 0.351929 -0.657195 -0.313289 0.684252
-0.325317 -0.164551 0.364014 -0.632512 -0.319935 0.707749
-0.297119 -0.158569 0.369629 -0.577686 -0.308305 0.718666
-0.270630 -0.148193 0.372192 -0.526183 -0.288131 0.723651
-0.244629 -0.137451 0.373901 -0.475630 -0.267245 0.726973
-0.218750 -0.123413 0.367798 -0.425314 -0.239951 0.715106
-0.187134 -0.100342 0.360962 -0.363843 -0.195094 0.701815
-0.154541 -0.080322 0.372681 -0.300473 -0.156170 0.724600
-0.128174 -0.059814 0.400146 -0.249207 -0.116297 0.778001
-0.107788 -0.039063 0.426270 -0.209571 -0.075949 0.828792
-0.082153 -0.023926 0.450928 -0.159730 -0.046519 0.876735
-0.043701 -0.007935 0.467407 -0.084968 -0.015427 0.908776
0.007935 -0.004395 0.478149 0.015427 -0.008544 0.929662
0.055298 0.004883 0.481567 0.107515 0.009494 0.936307
0.109619 0.018188 0.482056 0.213132 0.035364 0.937257
0.166870 0.052002 0.481689 0.324444 0.101107 0.936545
0.227661 0.097412 0.471802 0.442640 0.189398 0.917320
0.285889 0.140625 0.449463 0.555851 0.273416 0.873887
0.336548 0.165405 0.430298 0.654347 0.321596 0.836625
0.385742 0.193115 0.412598 0.749995 0.375472 0.802210
0.431030 0.231934 0.393555 0.838049 0.450947 0.765185
0.471069 0.274170 0.371582 0.915896 0.533066 0.722464
0.517944 0.298584 0.349976 1.007035 0.580534 0.680455
0.551880 0.321899 0.321167 1.073015 0.625866 0.624442
0.580322 0.334229 0.283936 1.128316 0.649838 0.552054
0.612671 0.351563 0.248657 1.191211 0.683540 0.483462
0.640991 0.355713 0.234497 1.246274 0.691610 0.455931
0.665283 0.371338 0.206543 1.293505 0.721989 0.401580
0.684937 0.380493 0.157959 1.331716 0.739790 0.307118
0.698975 0.369629 0.107056 1.359010 0.718666 0.208147
0.721313 0.337036 0.065552 1.402444 0.655297 0.127452
0.740479 0.306274 0.003784 1.439706 0.595487 0.007358
0.753784 0.281494 -0.066772 1.465576 0.547307 -0.129825
0.771240 0.264526 -0.122681 1.499516 0.514316 -0.238527
0.782227 0.255981 -0.169556 1.520877 0.497703 -0.329666
0.783569 0.256470 -0.203003 1.523487 0.498652 -0.394697
0.789673 0.261963 -0.214722 1.535354 0.509332 -0.417482
0.791504 0.270142 -0.220947 1.538914 0.525234 -0.429586
0.788574 0.297363 -0.250244 1.533218 0.578161 -0.486548
0.780762 0.323608 -0.284424 1.518028 0.629189 -0.553003
0.750000 0.343750 -0.325928 1.458219 0.668350 -0.633699
0.742554 0.356323 -0.365845 1.443741 0.692796 -0.711309
0.738159 0.371094 -0.410278 1.435197 0.721514 -0.797701
0.719238 0.371582 -0.456055 1.398409 0.722464 -0.886703
0.691040 0.355835 -0.490723 1.343583 0.691847 -0.954108
0.650146 0.326416 -0.537109 1.264074 0.634648 -1.044297
0.611206 0.301636 -0.590210 1.188363 0.586468 -1.147540
0.568237 0.242920 -0.639038 1.104819 0.472307 -1.242476
0.537598 0.240601 -0.685669 1.045247 0.467798 -1.333140
0.495728 0.265503 -0.721802 0.963839 0.516215 -1.403393
0.451050 0.280518 -0.750854 0.876972 0.545408 -1.459880
0.407593 0.298218 -0.765625 0.792479 0.579822 -1.488598
0.356079 0.289185 -0.775024 0.692322 0.562259 -1.506873
0.300415 0.261597 -0.768188 0.584094 0.508620 -1.493582
0.241455 0.235474 -0.764160 0.469459 0.457829 -1.485750
0.172485 0.200684 -0.749146 0.335362 0.390187 -1.456557
0.102905 0.166260 -0.745850 0.200078 0.323257 -1.450149
0.041870 0.135010 -0.761230 0.081408 0.262498 -1.480054
-0.018799 0.109131 -0.770142 -0.036550 0.212182 -1.497380
-0.074341 0.080078 -0.776611 -0.144540 0.155695 -1.509959
-0.131104 0.043823 -0.765381 -0.254903 0.085205 -1.488124
-0.192383 0.006958 -0.749268 -0.374048 0.013528 -1.456795
-0.254761 -0.017212 -0.719849 -0.495329 -0.033465 -1.399596
-0.314819 -0.025513 -0.694336 -0.612101 -0.049604 -1.349992
-0.366455 -0.021362 -0.678955 -0.712496 -0.041535 -1.320087
-0.402710 -0.016724 -0.649170 -0.782986 -0.032516 -1.262176
-0.427734 -0.010254 -0.614624 -0.831640 -0.019937 -1.195008
-0.451782 -0.012085 -0.591431 -0.878396 -0.023497 -1.149914
-0.475098 -0.027466 -0.579956 -0.923728 -0.053402 -1.127604
-0.490479 -0.065186 -0.562500 -0.953633 -0.126740 -1.093664
-0.506226 -0.113159 -0.540161 -0.984250 -0.220014 -1.050231
-0.516113 -0.153809 -0.516479 -1.003475 -0.299049 -1.004187
-0.520020 -0.150391 -0.497925 -1.011070 -0.292403 -0.968111
-0.538574 -0.148438 -0.500488 -1.047145 -0.288606 -0.973095
-0.546143 -0.135254 -0.501953 -1.061860 -0.262973 -0.975943
-0.549805 -0.126343 -0.490967 -1.068981 -0.245647 -0.954583
-0.556396 -0.138184 -0.476074 -1.081797 -0.268669 -0.925627
-0.556274 -0.171875 -0.445801 -1.081560 -0.334175 -0.866767
-0.558594 -0.210449 -0.405884 -1.086069 -0.409175 -0.789156
-0.572144 -0.229004 -0.369995 -1.112414 -0.445250 -0.719378
-0.587158 -0.225220 -0.345459 -1.141607 -0.437893 -0.671673
-0.603027 -0.220093 -0.320190 -1.172461 -0.427925 -0.622544
-0.613281 -0.232788 -0.306152 -1.192398 -0.452608 -0.595249
-0.605225 -0.244751 -0.286865 -1.176733 -0.475867 -0.557750
-0.588135 -0.249146 -0.251221 -1.143505 -0.484412 -0.488446
-0.578979 -0.253052 -0.215454 -1.125705 -0.492006 -0.418906
-0.582031 -0.267822 -0.186523 -1.131639 -0.520725 -0.362656
-0.582642 -0.285522 -0.154053 -1.132825 -0.555139 -0.299523
-0.572144 -0.304321 -0.111816 -1.112414 -0.591689 -0.217404
-0.566528 -0.330811 -0.062500 -1.101496 -0.643192 -0.121518
-0.575073 -0.346191 -0.021851 -1.118110 -0.673097 -0.042484
-0.583618 -0.361328 0.011719 -1.134724 -0.702527 0.022785
-0.576416 -0.358032 0.041870 -1.120721 -0.696119 0.081408
-0.555054 -0.343262 0.064575 -1.079186 -0.667401 0.125553
-0.525513 -0.333984 0.091309 -1.021750 -0.649363 0.177531
-0.497437 -0.331665 0.121094 -0.967162 -0.644854 0.235442
-0.470703 -0.322144 0.150391 -0.915184 -0.626341 0.292403
-0.442749 -0.322510 0.188477 -0.860833 -0.627053 0.366453
-0.419922 -0.320435 0.244629 -0.816451 -0.623018 0.475630
-0.411255 -0.298218 0.296021 -0.799599 -0.579822 0.575550
-0.414917 -0.271851 0.331421 -0.806720 -0.528557 0.644379
-0.425171 -0.271362 0.368408 -0.826656 -0.527607 0.716293
-0.419312 -0.294189 0.397217 -0.815264 -0.571990 0.772305
-0.396729 -0.322144 0.413940 -0.771356 -0.626341 0.804821
-0.358765 -0.338379 0.414795 -0.697543 -0.657907 0.806482
-0.308472 -0.342896 0.403809 -0.599759 -0.666689 0.785122
-0.259155 -0.350952 0.378662 -0.503873 -0.682353 0.736230
-0.212036 -0.371094 0.358032 -0.412260 -0.721514 0.696119
-0.156982 -0.336060 0.331543 -0.305220 -0.653398 0.644616
-0.113159 -0.289795 0.314087 -0.220014 -0.563446 0.610677
-0.077637 -0.241333 0.302124 -0.150948 -0.469222 0.587417
-0.043213 -0.209473 0.292114 -0.084018 -0.407276 0.567955
-0.010132 -0.193848 0.283691 -0.019699 -0.376896 0.551579
0.019287 -0.181396 0.272827 0.037500 -0.352688 0.530456
0.043457 -0.164429 0.256714 0.084493 -0.319697 0.499127
0.063232 -0.150391 0.241455 0.122942 -0.292403 0.469459
0.076660 -0.145508 0.226563 0.149050 -0.282910 0.440504
0.084351 -0.146118 0.207886 0.164002 -0.284096 0.404191
0.093506 -0.146851 0.190063 0.181803 -0.285520 0.369539
0.100220 -0.137695 0.163696 0.194856 -0.267720 0.318273
0.106201 -0.129150 0.140259 0.206486 -0.251106 0.272704
0.102295 -0.124634 0.129150 0.198891 -0.242324 0.251106
0.093262 -0.115356 0.110229 0.181328 -0.224287 0.214318
0.084839 -0.102905 0.092651 0.164952 -0.200078 0.180141
0.075562 -0.101563 0.084229 0.146914 -0.197467 0.163765
0.072388 -0.103760 0.079102 0.140743 -0.201739 0.153797
0.070190 -0.099976 0.074951 0.136471 -0.194382 0.145727
0.068848 -0.096436 0.069580 0.133860 -0.187499 0.135284
0.065186 -0.095459 0.058472 0.126740 -0.185600 0.113686
0.054810 -0.095581 0.043335 0.106566 -0.185837 0.084256
0.042603 -0.090820 0.027710 0.082832 -0.176581 0.053876
0.041870 -0.083008 0.014648 0.081408 -0.161391 0.028481
