-0.110840 -0.385986 -0.010010 -0.215505 -0.750470 -0.019462
-0.140991 -0.397949 0.009644 -0.274128 -0.773729 0.018750
-0.178833 -0.431030 0.025269 -0.347704 -0.838049 0.049129
-0.147583 -0.428711 0.068848 -0.286944 -0.833539 0.133860
-0.202148 -0.414185 0.091309 -0.393036 -0.805296 0.177531
-0.252808 -0.350098 0.081665 -0.491532 -0.680692 0.158781
-0.270142 -0.253296 0.051270 -0.525234 -0.492481 0.099683
-0.266357 -0.219238 0.051514 -0.517877 -0.426263 0.100158
-0.239624 -0.211548 0.074829 -0.465899 -0.411311 0.145490
-0.220825 -0.227905 0.100952 -0.429349 -0.443114 0.196280
-0.222656 -0.230591 0.104370 -0.432909 -0.448336 0.202926
-0.225342 -0.234741 0.125488 -0.438130 -0.456405 0.243986
-0.230469 -0.219238 0.135010 -0.448098 -0.426263 0.262498
-0.225708 -0.212646 0.157837 -0.438842 -0.413447 0.306881
-0.229126 -0.199707 0.166138 -0.445488 -0.388289 0.323020
-0.240601 -0.188354 0.174805 -0.467798 -0.366216 0.339871
-0.246582 -0.177490 0.182861 -0.479427 -0.345093 0.355536
-0.234253 -0.166748 0.195190 -0.455456 -0.324207 0.379507
-0.207886 -0.155029 0.214600 -0.404191 -0.301422 0.417244
-0.181152 -0.150146 0.237793 -0.352213 -0.291929 0.462339
-0.165405 -0.140503 0.243896 -0.321596 -0.273179 0.474206
-0.153442 -0.132202 0.246094 -0.298337 -0.257040 0.478478
-0.129028 -0.116821 0.269653 -0.250869 -0.227135 0.524285
-0.104370 -0.081787 0.287720 -0.202926 -0.159018 0.559411
-0.077393 -0.041382 0.302002 -0.150474 -0.080458 0.587180
-0.054565 -0.002319 0.323853 -0.106091 -0.004509 0.629664
-0.019043 0.031494 0.343262 -0.037025 0.061234 0.667401
0.022705 0.056763 0.352783 0.044145 0.110363 0.685913
0.063354 0.063110 0.352783 0.123180 0.122705 0.685913
0.103271 0.069580 0.344360 0.200790 0.135284 0.669537
0.138306 0.088623 0.329834 0.268907 0.172309 0.641293
0.173462 0.117554 0.317627 0.337261 0.228559 0.617559
0.210571 0.143555 0.314697 0.409412 0.279112 0.611863
0.238770 0.165161 0.307007 0.464238 0.321121 0.596911
0.260620 0.182983 0.296265 0.506721 0.355773 0.576025
0.280518 0.200928 0.289185 0.545408 0.390662 0.562259
0.303345 0.220581 0.286865 0.589791 0.428874 0.557750
0.328369 0.244141 0.281982 0.638445 0.474681 0.548256
0.356079 0.261475 0.279419 0.692322 0.508383 0.543272
0.384888 0.279297 0.278320 0.748334 0.543035 0.541136
0.407593 0.289307 0.262207 0.792479 0.562496 0.509807
0.428467 0.295410 0.232300 0.833064 0.574363 0.451659
0.454102 0.301758 0.202271 0.882906 0.586705 0.393273
0.477905 0.302246 0.171387 0.929187 0.587655 0.333226
0.497803 0.293701 0.148682 0.967874 0.571041 0.289080
0.515259 0.276733 0.138184 1.001813 0.538050 0.268669
0.533691 0.265869 0.134888 1.037652 0.516927 0.262261
0.555908 0.258179 0.140747 1.080848 0.501975 0.273653
0.567871 0.256592 0.136719 1.104107 0.498889 0.265821
0.583130 0.251709 0.119019 1.133775 0.489396 0.231407
0.593994 0.253540 0.088745 1.154898 0.492956 0.172546
0.605103 0.246582 0.050781 1.176496 0.479427 0.098734
0.614990 0.240112 0.007568 1.195720 0.466848 0.014715
0.619995 0.229858 -0.036499 1.205451 0.446912 -0.070965
0.624390 0.221802 -0.072021 1.213996 0.431247 -0.140031
0.629028 0.216187 -0.103027 1.223014 0.420330 -0.200315
0.629883 0.208740 -0.125732 1.224676 0.405852 -0.244460
0.620117 0.210938 -0.151855 1.205689 0.410124 -0.295251
0.600464 0.208984 -0.182983 1.167477 0.406327 -0.355773
0.580200 0.203247 -0.212036 1.128078 0.395172 -0.412260
0.559326 0.191040 -0.234985 1.087493 0.371438 -0.456880
0.539551 0.177002 -0.256958 1.049044 0.344143 -0.499601
0.514404 0.167114 -0.289063 1.000152 0.324919 -0.562022
0.487061 0.161987 -0.330322 0.946988 0.314951 -0.642243
0.459839 0.164673 -0.371460 0.894061 0.320172 -0.722227
0.432495 0.165161 -0.410400 0.840897 0.321121 -0.797938
0.406616 0.157104 -0.447632 0.790581 0.305457 -0.870327
0.382202 0.139526 -0.482666 0.743112 0.271280 -0.938443
0.355347 0.128296 -0.523560 0.690898 0.249445 -1.017952
0.322632 0.117310 -0.563965 0.627290 0.228084 -1.096512
0.286987 0.102905 -0.593018 0.557987 0.200078 -1.152999
0.247925 0.093384 -0.608643 0.482038 0.181565 -1.183379
0.207886 0.087280 -0.611572 0.404191 0.169698 -1.189075
0.172485 0.096191 -0.609253 0.335362 0.187024 -1.184565
0.141235 0.105225 -0.599243 0.274603 0.204587 -1.165103
0.106812 0.094971 -0.586914 0.207673 0.184651 -1.141132
0.067627 0.069702 -0.581055 0.131487 0.135521 -1.129740
0.031738 0.043213 -0.577271 0.061708 0.084018 -1.122382
-0.001831 0.021851 -0.583862 -0.003560 0.042484 -1.135199
-0.030396 0.012939 -0.597168 -0.059098 0.025158 -1.161069
-0.051270 0.016602 -0.608154 -0.099683 0.032278 -1.182429
-0.077026 0.027466 -0.624390 -0.149762 0.053402 -1.213996
-0.102173 0.035156 -0.635986 -0.198654 0.068354 -1.236543
-0.123535 0.036987 -0.635376 -0.240188 0.071914 -1.235356
-0.146484 0.019287 -0.621338 -0.284808 0.037500 -1.208062
-0.173828 0.002075 -0.606323 -0.337973 0.004035 -1.178869
-0.209839 -0.008789 -0.595215 -0.407988 -0.017089 -1.157271
-0.246216 -0.020996 -0.576050 -0.478715 -0.040823 -1.120009
-0.271484 -0.027832 -0.553345 -0.527845 -0.054114 -1.075863
-0.288330 -0.033569 -0.531860 -0.560598 -0.065269 -1.034092
-0.311157 -0.042847 -0.508545 -0.604980 -0.083306 -0.988760
-0.335693 -0.070068 -0.474976 -0.652686 -0.136233 -0.923491
-0.351440 -0.083252 -0.439575 -0.683303 -0.161866 -0.854662
-0.368164 -0.106079 -0.402588 -0.715818 -0.206249 -0.782748
-0.391724 -0.102051 -0.378784 -0.761625 -0.198416 -0.736467
-0.406860 -0.092896 -0.358521 -0.791055 -0.180616 -0.697068
-0.418335 -0.083862 -0.331665 -0.813365 -0.163053 -0.644854
-0.432739 -0.076538 -0.307251 -0.841371 -0.148812 -0.597386
-0.442627 -0.080322 -0.291382 -0.860596 -0.156170 -0.566531
-0.448486 -0.101440 -0.269165 -0.871988 -0.197230 -0.523335
-0.458740 -0.153442 -0.236694 -0.891925 -0.298337 -0.460203
-0.469727 -0.215210 -0.202393 -0.913285 -0.418431 -0.393510
-0.480957 -0.255737 -0.169678 -0.935121 -0.497228 -0.329903
-0.489136 -0.261230 -0.145996 -0.951023 -0.507908 -0.283859
-0.496948 -0.240845 -0.136597 -0.966212 -0.468272 -0.265584
-0.505859 -0.229492 -0.135498 -0.983538 -0.446200 -0.263448
-0.501953 -0.235352 -0.131470 -0.975943 -0.457592 -0.255615
-0.497681 -0.253540 -0.104980 -0.967636 -0.492956 -0.204113
-0.495728 -0.263794 -0.076416 -0.963839 -0.512892 -0.148575
-0.501099 -0.280884 -0.051270 -0.974282 -0.546120 -0.099683
-0.503540 -0.293823 -0.009644 -0.979029 -0.571278 -0.018750
-0.490723 -0.311523 0.032837 -0.954108 -0.605692 0.063845
-0.484009 -0.339478 0.075806 -0.941054 -0.660043 0.147388
-0.490601 -0.373779 0.104858 -0.953871 -0.726736 0.203875
-0.492310 -0.396729 0.119019 -0.957193 -0.771356 0.231407
-0.479980 -0.417725 0.134521 -0.933222 -0.812178 0.261549
-0.463379 -0.454224 0.154907 -0.900944 -0.883143 0.301185
-0.450806 -0.479736 0.171997 -0.876498 -0.932747 0.334412
-0.433228 -0.489746 0.184570 -0.842321 -0.952209 0.358858
-0.406616 -0.490601 0.191772 -0.790581 -0.953871 0.372862
-0.381592 -0.504883 0.198608 -0.741926 -0.981639 0.386153
-0.349731 -0.539063 0.215210 -0.679980 -1.048095 0.418431
-0.318726 -0.537842 0.210083 -0.619695 -1.045721 0.408463
-0.278076 -0.529541 0.222778 -0.540661 -1.029582 0.433146
-0.255859 -0.536499 0.227417 -0.497465 -1.043111 0.442165
-0.260376 -0.564575 0.238037 -0.506247 -1.097699 0.462814
-0.261353 -0.611084 0.257080 -0.508146 -1.188125 0.499839
-0.240112 -0.633667 0.258545 -0.466848 -1.232033 0.502687
-0.186035 -0.570679 0.248413 -0.361707 -1.109566 0.482987
-0.156372 -0.526978 0.253418 -0.304033 -1.024598 0.492718
-0.133789 -0.535767 0.250122 -0.260125 -1.041687 0.486310
-0.111328 -0.557983 0.237793 -0.216454 -1.084882 0.462339
-0.086426 -0.545410 0.208862 -0.168037 -1.060436 0.406089
-0.050903 -0.516602 0.172119 -0.098971 -1.004424 0.334650
-0.025879 -0.475464 0.148926 -0.050316 -0.924440 0.289555
0.000122 -0.432617 0.143066 0.000237 -0.841134 0.278163
0.018799 -0.349731 0.153809 0.036550 -0.679980 0.299049
0.034912 -0.305542 0.211914 0.067879 -0.594063 0.412023
0.006470 -0.325928 0.271484 0.012579 -0.633699 0.527845
-0.004639 -0.312988 0.252930 -0.009019 -0.608540 0.491769
0.003662 -0.261230 0.201538 0.007120 -0.507908 0.391849
0.000122 -0.230103 0.166382 0.000237 -0.447386 0.323495
-0.008667 -0.223267 0.149780 -0.016851 -0.434095 0.291217
-0.008301 -0.213135 0.131836 -0.016139 -0.414396 0.256328
-0.017090 -0.197510 0.106689 -0.033228 -0.384017 0.207435
-0.031738 -0.181763 0.083740 -0.061708 -0.353400 0.162815
-0.036499 -0.156738 0.068970 -0.070965 -0.304745 0.134097
-0.035156 -0.133301 0.065308 -0.068354 -0.259176 0.126977
-0.036133 -0.105835 0.057251 -0.070253 -0.205774 0.111313
-0.028931 -0.108154 0.072266 -0.056250 -0.210283 0.140505
