0.011597 -0.325195 0.217163 0.022547 -0.632275 0.422228
-0.119019 -0.317139 0.146851 -0.231407 -0.616610 0.285520
-0.150269 -0.281738 0.080444 -0.292166 -0.547781 0.156407
-0.180176 -0.298706 0.063965 -0.350314 -0.580772 0.124366
-0.190674 -0.303101 0.073853 -0.370726 -0.589316 0.143591
-0.183838 -0.292236 0.092773 -0.357434 -0.568193 0.180379
-0.199097 -0.278198 0.105957 -0.387102 -0.540899 0.206011
-0.210449 -0.258301 0.122803 -0.409175 -0.502212 0.238764
-0.210815 -0.238281 0.152466 -0.409887 -0.463288 0.296438
-0.223145 -0.220703 0.171753 -0.433858 -0.429111 0.333938
-0.229614 -0.224365 0.207275 -0.446437 -0.436231 0.403004
-0.234741 -0.216553 0.233032 -0.456405 -0.421042 0.453083
-0.227417 -0.214233 0.248413 -0.442165 -0.416532 0.482987
-0.217407 -0.216064 0.261719 -0.422703 -0.420092 0.508858
-0.219971 -0.205811 0.249268 -0.427687 -0.400156 0.484649
-0.231567 -0.195313 0.233521 -0.450235 -0.379744 0.454032
-0.238159 -0.201050 0.220947 -0.463051 -0.390899 0.429586
-0.228516 -0.220093 0.215820 -0.444301 -0.427925 0.419618
-0.206177 -0.211670 0.205811 -0.400868 -0.411548 0.400156
-0.183838 -0.195435 0.196777 -0.357434 -0.379982 0.382593
-0.166992 -0.163208 0.189941 -0.324682 -0.317324 0.369301
-0.132690 -0.144653 0.207764 -0.257989 -0.281248 0.403953
-0.085083 -0.128174 0.244751 -0.165426 -0.249207 0.475867
-0.040771 -0.086670 0.268433 -0.079272 -0.168512 0.521911
0.005981 -0.071899 0.293945 0.011630 -0.139793 0.571515
0.046631 -0.032349 0.308716 0.090664 -0.062895 0.600234
0.087158 -0.004028 0.314453 0.169461 -0.007832 0.611389
0.124146 0.004639 0.317505 0.241375 0.009019 0.617322
0.155640 0.018311 0.308105 0.302609 0.035601 0.599047
0.190430 0.033569 0.278931 0.370251 0.065269 0.542323
0.231934 0.060059 0.244873 0.450947 0.116771 0.476105
0.269653 0.086426 0.211426 0.524285 0.168037 0.411073
0.311401 0.108398 0.187012 0.605455 0.210758 0.363605
0.359253 0.116211 0.175171 0.698492 0.225948 0.340583
0.399536 0.140869 0.167480 0.776815 0.273891 0.325631
0.435913 0.171631 0.157715 0.847542 0.333700 0.306644
0.474243 0.188477 0.148560 0.922067 0.366453 0.288843
0.503540 0.216187 0.140259 0.979029 0.420330 0.272704
0.533813 0.231567 0.137695 1.037889 0.450235 0.267720
0.562988 0.261597 0.127075 1.094613 0.508620 0.247071
0.591919 0.275635 0.134033 1.150863 0.535914 0.260600
0.624756 0.277954 0.148071 1.214708 0.540424 0.287894
0.637207 0.308716 0.124634 1.238916 0.600234 0.242324
0.633179 0.322754 0.087524 1.231084 0.627528 0.170173
0.636475 0.321289 0.050049 1.237492 0.624680 0.097310
0.654053 0.307129 0.029785 1.271669 0.597148 0.057911
0.675171 0.275879 0.023438 1.312729 0.536389 0.045569
0.685913 0.250732 0.009888 1.333615 0.487497 0.019225
0.681274 0.245605 -0.020630 1.324596 0.477529 -0.040111
0.671143 0.254028 -0.056274 1.304897 0.493905 -0.109414
0.669556 0.253540 -0.093262 1.301811 0.492956 -0.181328
0.661621 0.254395 -0.132080 1.286384 0.494617 -0.256802
0.655518 0.238647 -0.154663 1.274517 0.464000 -0.300710
0.657349 0.227783 -0.171997 1.278077 0.442877 -0.334412
0.654541 0.215942 -0.188599 1.272619 0.419855 -0.366691
0.645752 0.203613 -0.211548 1.255530 0.395884 -0.411311
0.630737 0.208008 -0.247314 1.226337 0.404428 -0.480851
0.610718 0.219849 -0.287598 1.187413 0.427450 -0.559174
0.588013 0.230713 -0.324585 1.143268 0.448573 -0.631088
0.560791 0.231812 -0.356567 1.090341 0.450709 -0.693271
0.534912 0.233398 -0.390747 1.040025 0.453795 -0.759726
0.500244 0.230469 -0.435181 0.972620 0.448098 -0.846118
0.456543 0.228760 -0.470825 0.887653 0.444776 -0.915421
0.413818 0.233887 -0.503174 0.804584 0.454744 -0.978317
0.373291 0.214600 -0.544189 0.725787 0.417244 -1.058063
0.334717 0.198486 -0.579590 0.650787 0.385915 -1.126892
0.296753 0.178589 -0.609131 0.576974 0.347229 -1.184328
0.259888 0.146484 -0.642456 0.505297 0.284808 -1.249122
0.217529 0.135254 -0.661499 0.422940 0.262973 -1.286147
0.169189 0.130859 -0.666138 0.328954 0.254429 -1.295166
0.116577 0.127930 -0.663940 0.226660 0.248733 -1.290894
0.058472 0.136719 -0.664185 0.113686 0.265821 -1.291368
0.003540 0.134644 -0.664429 0.006883 0.261786 -1.291843
-0.040283 0.115112 -0.657349 -0.078322 0.223812 -1.278077
-0.081787 0.079834 -0.634644 -0.159018 0.155221 -1.233932
-0.129395 0.045410 -0.594238 -0.251581 0.088291 -1.155373
-0.178101 0.028442 -0.551880 -0.346279 0.055300 -1.073015
-0.213867 0.006958 -0.513550 -0.415820 0.013528 -0.998491
-0.239136 -0.000122 -0.487915 -0.464950 -0.000237 -0.948649
-0.265503 -0.004761 -0.471313 -0.516215 -0.009256 -0.916371
-0.295166 -0.012817 -0.467896 -0.573889 -0.024921 -0.909725
-0.326416 -0.010254 -0.473999 -0.634648 -0.019937 -0.921592
-0.355957 -0.020508 -0.474854 -0.692084 -0.039873 -0.923254
-0.384277 -0.048096 -0.456909 -0.747147 -0.093512 -0.888365
-0.420898 -0.069702 -0.419189 -0.818349 -0.135521 -0.815027
-0.450317 -0.099609 -0.362061 -0.875548 -0.193670 -0.703951
-0.462891 -0.103271 -0.326294 -0.899994 -0.200790 -0.634411
-0.481323 -0.124512 -0.303345 -0.935833 -0.242087 -0.589791
-0.493652 -0.139282 -0.302002 -0.959804 -0.270805 -0.587180
-0.493652 -0.141968 -0.309204 -0.959804 -0.276027 -0.601183
-0.499146 -0.153564 -0.312134 -0.970484 -0.298574 -0.606879
-0.505737 -0.161499 -0.305298 -0.983301 -0.314001 -0.593588
-0.496338 -0.162598 -0.286621 -0.965026 -0.316137 -0.557275
-0.481201 -0.164673 -0.259155 -0.935595 -0.320172 -0.503873
-0.476440 -0.165039 -0.220581 -0.926339 -0.320884 -0.428874
-0.493774 -0.162720 -0.184448 -0.960041 -0.316375 -0.358621
-0.519165 -0.161865 -0.167236 -1.009408 -0.314713 -0.325156
-0.531982 -0.163452 -0.169312 -1.034329 -0.317799 -0.329191
-0.527832 -0.175659 -0.174683 -1.026259 -0.341533 -0.339634
-0.516602 -0.189941 -0.174561 -1.004424 -0.369301 -0.339397
-0.507202 -0.194214 -0.168213 -0.986149 -0.377608 -0.327055
-0.505615 -0.192505 -0.156616 -0.983063 -0.374286 -0.304508
-0.503418 -0.192383 -0.133667 -0.978791 -0.374048 -0.259888
-0.499023 -0.191162 -0.091064 -0.970247 -0.371675 -0.177056
-0.498779 -0.184692 -0.051758 -0.969772 -0.359096 -0.100632
-0.505615 -0.189819 -0.017944 -0.983063 -0.369064 -0.034889
-0.504883 -0.203735 0.001221 -0.981639 -0.396121 0.002373
-0.510742 -0.204834 0.001221 -0.993032 -0.398257 0.002373
-0.519531 -0.206787 0.000854 -1.010120 -0.402054 0.001661
-0.525513 -0.196289 0.000610 -1.021750 -0.381643 0.001187
-0.515503 -0.198120 0.010864 -1.002288 -0.385203 0.021123
-0.500610 -0.200195 0.026001 -0.973333 -0.389238 0.050553
-0.481689 -0.221802 0.044067 -0.936545 -0.431247 0.085680
-0.455200 -0.243530 0.073364 -0.885042 -0.473494 0.142642
-0.432983 -0.248779 0.102295 -0.841846 -0.483700 0.198891
-0.412354 -0.250122 0.126709 -0.801735 -0.486310 0.246359
-0.394775 -0.247437 0.138306 -0.767558 -0.481089 0.268907
-0.387573 -0.239624 0.139404 -0.753555 -0.465899 0.271043
-0.381592 -0.236816 0.147339 -0.741926 -0.460440 0.286470
-0.370117 -0.235474 0.154419 -0.719616 -0.457829 0.300235
-0.352783 -0.252808 0.161987 -0.685913 -0.491532 0.314951
-0.329712 -0.256958 0.156250 -0.641056 -0.499601 0.303796
-0.283936 -0.298462 0.164795 -0.552054 -0.580297 0.320409
-0.236450 -0.308838 0.159058 -0.459728 -0.600471 0.309254
-0.204224 -0.291504 0.145874 -0.397070 -0.566769 0.283622
-0.163086 -0.286865 0.140381 -0.317087 -0.557750 0.272941
-0.129272 -0.258789 0.140015 -0.251343 -0.503161 0.272229
-0.110474 -0.237793 0.146606 -0.214793 -0.462339 0.285046
-0.092773 -0.227417 0.152588 -0.180379 -0.442165 0.296675
-0.079224 -0.212769 0.158203 -0.154034 -0.413684 0.307593
-0.069458 -0.210571 0.156250 -0.135047 -0.409412 0.303796
-0.060059 -0.205078 0.141724 -0.116771 -0.398732 0.275552
-0.050171 -0.205078 0.124634 -0.097547 -0.398732 0.242324
-0.033813 -0.205811 0.116821 -0.065743 -0.400156 0.227135
-0.016602 -0.199341 0.115356 -0.032278 -0.387577 0.224287
-0.004272 -0.185669 0.109009 -0.008307 -0.360995 0.211945
0.002075 -0.177979 0.104248 0.004035 -0.346042 0.202689
0.007813 -0.174561 0.102905 0.015190 -0.339397 0.200078
0.019409 -0.174561 0.103760 0.037737 -0.339397 0.201739
0.023682 -0.173462 0.101074 0.046044 -0.337261 0.196518
0.018188 -0.163696 0.088013 0.035364 -0.318273 0.171122
0.012329 -0.155884 0.073120 0.023971 -0.303084 0.142167
0.019043 -0.155518 0.067749 0.037025 -0.302372 0.131724
0.032959 -0.156128 0.068726 0.064082 -0.303558 0.133623
0.040405 -0.152100 0.063599 0.078560 -0.295726 0.123654
0.044189 -0.154175 0.064087 0.085917 -0.299761 0.124604
0.047485 -0.152588 0.068848 0.092325 -0.296675 0.133860
0.048584 -0.151489 0.069336 0.094461 -0.294539 0.134809
0.047974 -0.144653 0.063354 0.093275 -0.281248 0.123180
0.048462 -0.148315 0.055298 0.094224 -0.288368 0.107515
