0.150269 -0.192383 -0.009644 0.292166 -0.374048 -0.018750
0.147949 -0.157837 0.004272 0.287656 -0.306881 0.008307
0.061401 -0.145020 0.000488 0.119382 -0.281960 0.000949
0.053223 -0.153198 -0.004028 0.103480 -0.297862 -0.007832
0.027588 -0.158691 -0.016479 0.053639 -0.308542 -0.032041
-0.037964 -0.200317 -0.005737 -0.073813 -0.389475 -0.011155
-0.106567 -0.186523 0.012085 -0.207198 -0.362656 0.023497
-0.183228 -0.164063 0.002197 -0.356248 -0.318985 0.004272
-0.248901 -0.168457 -0.004761 -0.483937 -0.327530 -0.009256
-0.284424 -0.172241 0.003906 -0.553003 -0.334887 0.007595
-0.299683 -0.178833 0.013428 -0.582670 -0.347704 0.026107
-0.294434 -0.211426 0.048096 -0.572465 -0.411073 0.093512
-0.297852 -0.215454 0.063965 -0.579110 -0.418906 0.124366
-0.296387 -0.218994 0.075684 -0.576262 -0.425788 0.147151
-0.282715 -0.224121 0.097046 -0.549680 -0.435757 0.188686
-0.270386 -0.218018 0.107788 -0.525709 -0.423890 0.209571
-0.265869 -0.221924 0.115845 -0.516927 -0.431485 0.225236
-0.273071 -0.233521 0.139404 -0.530930 -0.454032 0.271043
-0.298828 -0.233398 0.153442 -0.581009 -0.453795 0.298337
-0.327759 -0.233521 0.163330 -0.637259 -0.454032 0.317561
-0.350708 -0.248901 0.165039 -0.681879 -0.483937 0.320884
-0.349487 -0.271729 0.169434 -0.679505 -0.528319 0.329428
-0.333496 -0.291260 0.181519 -0.648414 -0.566294 0.352925
-0.336670 -0.311646 0.199951 -0.654585 -0.605930 0.388763
-0.347778 -0.320923 0.224365 -0.676182 -0.623968 0.436231
-0.338257 -0.329956 0.259888 -0.657670 -0.641531 0.505297
-0.310303 -0.334351 0.304077 -0.603319 -0.650075 0.591215
-0.265747 -0.329834 0.343872 -0.516690 -0.641293 0.668588
-0.209717 -0.309937 0.382202 -0.407751 -0.602607 0.743112
-0.156006 -0.266479 0.426636 -0.303321 -0.518114 0.829504
-0.116455 -0.195801 0.465942 -0.226423 -0.380694 0.905928
-0.086548 -0.129883 0.491089 -0.168274 -0.252530 0.954820
-0.042114 -0.093872 0.522217 -0.081882 -0.182515 1.015342
0.001587 -0.069946 0.552490 0.003085 -0.135996 1.074202
0.033203 -0.069946 0.561157 0.064557 -0.135996 1.091053
0.054077 -0.063965 0.542725 0.105142 -0.124366 1.055215
0.072876 -0.075317 0.517456 0.141692 -0.146439 1.006086
0.118286 -0.073975 0.493774 0.229983 -0.143828 0.960041
0.180542 -0.063232 0.474731 0.351026 -0.122942 0.923016
0.233154 -0.059326 0.465942 0.453320 -0.115347 0.905928
0.276978 -0.046631 0.452881 0.538525 -0.090664 0.880532
0.313965 -0.037476 0.444214 0.610439 -0.072863 0.863681
0.352539 -0.001465 0.441528 0.685439 -0.002848 0.858460
0.397461 0.038208 0.426758 0.772780 0.074288 0.829742
0.448608 0.058838 0.415649 0.872226 0.114398 0.808144
0.490112 0.085571 0.416138 0.952921 0.166376 0.809093
0.527832 0.109009 0.403442 1.026259 0.211945 0.784410
0.551758 0.124634 0.378296 1.072778 0.242324 0.735518
0.567017 0.146484 0.346313 1.102446 0.284808 0.673334
0.575928 0.184937 0.287964 1.119771 0.359571 0.559886
0.587769 0.198364 0.231079 1.142793 0.385678 0.449285
0.613159 0.223389 0.183350 1.192160 0.434333 0.356485
0.642212 0.245117 0.128662 1.248647 0.476579 0.250157
0.662842 0.245361 0.078857 1.288758 0.477054 0.153322
0.670776 0.245728 0.037109 1.304185 0.477766 0.072151
0.675293 0.240479 -0.001953 1.312966 0.467560 -0.003797
0.679199 0.232788 -0.033447 1.320561 0.452608 -0.065031
0.686890 0.234009 -0.058838 1.335514 0.454981 -0.114398
0.702637 0.250122 -0.080566 1.366131 0.486310 -0.156645
0.716187 0.259888 -0.091431 1.392475 0.505297 -0.177768
0.723877 0.267822 -0.099854 1.407428 0.520725 -0.194144
0.719482 0.280273 -0.119873 1.398884 0.544933 -0.233068
0.717163 0.285522 -0.152344 1.394374 0.555139 -0.296201
0.720581 0.279907 -0.188599 1.401020 0.544221 -0.366691
0.711182 0.263794 -0.246582 1.382745 0.512892 -0.479427
0.704834 0.217529 -0.291016 1.370403 0.422940 -0.565819
0.694946 0.187256 -0.350708 1.351178 0.364080 -0.681879
0.687012 0.175903 -0.409180 1.335751 0.342007 -0.795565
0.684814 0.187500 -0.442017 1.331479 0.364555 -0.859409
0.663940 0.203369 -0.474976 1.290894 0.395409 -0.923491
0.617310 0.216919 -0.526489 1.200230 0.421754 -1.023649
0.561768 0.233032 -0.587158 1.092240 0.453083 -1.141607
0.509155 0.257568 -0.634155 0.989946 0.500788 -1.232983
0.457764 0.247437 -0.673462 0.890026 0.481089 -1.309406
0.421387 0.240845 -0.703003 0.819299 0.468272 -1.366843
0.374268 0.255371 -0.745361 0.727685 0.496516 -1.449200
0.326782 0.257202 -0.793213 0.635360 0.500076 -1.542237
0.296265 0.266235 -0.850586 0.576025 0.517639 -1.653787
0.278320 0.279785 -0.915405 0.541136 0.543984 -1.779815
0.256592 0.281982 -0.987183 0.498889 0.548256 -1.919371
0.214966 0.281494 -1.061646 0.417956 0.547307 -2.064148
0.178467 0.245850 -1.093018 0.346992 0.478003 -2.125145
0.145996 0.194824 -1.063843 0.283859 0.378795 -2.068421
0.089722 0.173462 -0.994995 0.174445 0.337261 -1.934561
0.026611 0.150757 -0.919678 0.051740 0.293115 -1.788122
-0.020264 0.155884 -0.872070 -0.039398 0.303084 -1.695559
-0.071289 0.159058 -0.837158 -0.138607 0.309254 -1.627680
-0.118774 0.157227 -0.804932 -0.230932 0.305694 -1.565022
-0.150879 0.158325 -0.782593 -0.293353 0.307830 -1.521589
-0.177490 0.152588 -0.770996 -0.345093 0.296675 -1.499041
-0.210083 0.130615 -0.768677 -0.408463 0.253954 -1.494532
-0.251831 0.092407 -0.774658 -0.489633 0.179667 -1.506161
-0.289063 0.036499 -0.761353 -0.562022 0.070965 -1.480291
-0.321899 -0.005615 -0.735840 -0.625866 -0.010918 -1.430687
-0.356445 -0.031128 -0.708374 -0.693034 -0.060522 -1.377286
-0.389038 -0.052612 -0.669922 -0.756404 -0.102294 -1.302523
-0.414307 -0.063354 -0.610107 -0.805533 -0.123180 -1.186227
-0.447021 -0.059814 -0.559692 -0.869140 -0.116297 -1.088205
-0.480957 -0.060547 -0.521118 -0.935121 -0.117721 -1.013206
-0.509521 -0.056763 -0.517822 -0.990658 -0.110363 -1.006797
-0.526245 -0.065308 -0.516724 -1.023174 -0.126977 -1.004661
-0.527710 -0.095093 -0.495605 -1.026022 -0.184888 -0.963602
-0.511963 -0.112061 -0.464478 -0.995405 -0.217878 -0.903080
-0.493408 -0.125610 -0.424194 -0.959329 -0.244223 -0.824758
-0.479370 -0.148193 -0.370972 -0.932035 -0.288131 -0.721277
-0.472900 -0.177246 -0.316284 -0.919456 -0.344618 -0.614949
-0.488281 -0.207397 -0.274658 -0.949361 -0.403241 -0.534016
-0.515747 -0.229004 -0.237915 -1.002763 -0.445250 -0.462576
-0.533936 -0.243530 -0.199341 -1.038126 -0.473494 -0.387577
-0.535400 -0.255005 -0.155396 -1.040974 -0.495804 -0.302134
-0.535156 -0.261841 -0.112305 -1.040500 -0.509095 -0.218353
-0.541992 -0.267700 -0.080200 -1.053791 -0.520487 -0.155933
-0.552368 -0.277466 -0.058838 -1.073965 -0.539474 -0.114398
-0.558716 -0.282593 -0.043945 -1.086306 -0.549443 -0.085443
-0.558350 -0.300659 -0.028442 -1.085594 -0.584569 -0.055300
-0.544800 -0.322021 -0.000854 -1.059250 -0.626104 -0.001661
-0.524902 -0.343018 0.039795 -1.020563 -0.666926 0.077373
-0.512085 -0.358032 0.082520 -0.995642 -0.696119 0.160442
-0.505249 -0.364136 0.132690 -0.982351 -0.707986 0.257989
-0.505249 -0.356323 0.171631 -0.982351 -0.692796 0.333700
-0.510254 -0.363281 0.189209 -0.992082 -0.706325 0.367877
-0.512695 -0.370361 0.205444 -0.996829 -0.720090 0.399444
-0.500488 -0.382568 0.220215 -0.973095 -0.743824 0.428162
-0.475952 -0.369751 0.229248 -0.925390 -0.718904 0.445725
-0.452393 -0.376587 0.245117 -0.879583 -0.732195 0.476579
-0.445435 -0.390381 0.263306 -0.866055 -0.759014 0.511943
-0.447632 -0.415039 0.284180 -0.870327 -0.806957 0.552528
-0.435791 -0.437866 0.319702 -0.847305 -0.851340 0.621594
-0.411499 -0.449951 0.360352 -0.800074 -0.874836 0.700629
-0.387329 -0.448486 0.394653 -0.753081 -0.871988 0.767321
-0.351074 -0.435425 0.418823 -0.682591 -0.846593 0.814315
-0.304199 -0.416504 0.432373 -0.591452 -0.809805 0.840659
-0.255859 -0.402832 0.424805 -0.497465 -0.783223 0.825944
-0.202515 -0.391724 0.391602 -0.393748 -0.761625 0.761388
-0.167847 -0.395630 0.364868 -0.326343 -0.769220 0.709410
-0.132690 -0.385620 0.333374 -0.257989 -0.749758 0.648176
-0.104004 -0.357544 0.306885 -0.202214 -0.695170 0.596673
-0.084229 -0.351074 0.285400 -0.163765 -0.682591 0.554902
-0.052856 -0.347290 0.276123 -0.102768 -0.675233 0.536864
-0.022949 -0.347046 0.283569 -0.044620 -0.674758 0.551341
-0.000122 -0.334717 0.297119 -0.000237 -0.650787 0.577686
0.012085 -0.305664 0.300049 0.023497 -0.594300 0.583382
0.005737 -0.267212 0.277466 0.011155 -0.519538 0.539474
-0.000977 -0.230347 0.241211 -0.001899 -0.447861 0.468984
0.005371 -0.192871 0.202881 0.010443 -0.374998 0.394460
0.012329 -0.165405 0.163818 0.023971 -0.321596 0.318511
0.014526 -0.146362 0.125610 0.028243 -0.284571 0.244223
0.014038 -0.138306 0.085205 0.027294 -0.268907 0.165664
0.015869 -0.145264 0.052002 0.030854 -0.282435 0.101107
0.024536 -0.170532 0.037598 0.047705 -0.331564 0.073101
