0.181396 -0.167847 0.127075 0.352688 -0.326343 0.247071
0.164673 -0.145630 0.119141 0.320172 -0.283147 0.231644
0.110596 -0.115234 0.086548 0.215030 -0.224049 0.168274
0.065552 -0.103638 0.059082 0.127452 -0.201502 0.114873
0.066284 -0.059204 0.007324 0.128876 -0.115110 0.014240
0.013672 -0.056763 -0.043945 0.026582 -0.110363 -0.085443
-0.043335 -0.059814 -0.086182 -0.084256 -0.116297 -0.167562
-0.068359 -0.057373 -0.103638 -0.132911 -0.111550 -0.201502
-0.062622 -0.062012 -0.088135 -0.121756 -0.120569 -0.171360
-0.048584 -0.045532 -0.064697 -0.094461 -0.088528 -0.125790
-0.044800 -0.026489 -0.052002 -0.087104 -0.051503 -0.101107
-0.047485 -0.023193 -0.041138 -0.092325 -0.045095 -0.079984
-0.064575 0.009277 -0.055908 -0.125553 0.018038 -0.108702
-0.063354 -0.007324 -0.044922 -0.123180 -0.014240 -0.087341
-0.054321 -0.010376 -0.037354 -0.105616 -0.020174 -0.072626
-0.047485 -0.012451 -0.025269 -0.092325 -0.024209 -0.049129
-0.047729 -0.015747 -0.019043 -0.092800 -0.030617 -0.037025
-0.051147 -0.022705 -0.020752 -0.099446 -0.044145 -0.040348
-0.051025 -0.022461 -0.022583 -0.099208 -0.043671 -0.043908
-0.051147 -0.018799 -0.023315 -0.099446 -0.036550 -0.045332
-0.049805 -0.021973 -0.020996 -0.096835 -0.042721 -0.040823
-0.046387 -0.018433 -0.021240 -0.090189 -0.035838 -0.041297
-0.045166 -0.016113 -0.025269 -0.087816 -0.031329 -0.049129
-0.040771 -0.023193 -0.023926 -0.079272 -0.045095 -0.046519
-0.038818 -0.021606 -0.026611 -0.075474 -0.042009 -0.051740
-0.039917 -0.025146 -0.025024 -0.077610 -0.048892 -0.048655
-0.039429 -0.027222 -0.022217 -0.076661 -0.052927 -0.043196
-0.040527 -0.024292 -0.019043 -0.078797 -0.047231 -0.037025
-0.044922 -0.021729 -0.019165 -0.087341 -0.042247 -0.037262
-0.039795 -0.023315 -0.019287 -0.077373 -0.045332 -0.037500
-0.035889 -0.019531 -0.020264 -0.069778 -0.037974 -0.039398
-0.030884 -0.019165 -0.021484 -0.060047 -0.037262 -0.041772
-0.028687 -0.014771 -0.022461 -0.055775 -0.028718 -0.043671
-0.030273 -0.015015 -0.021973 -0.058860 -0.029193 -0.042721
-0.030029 -0.014160 -0.023071 -0.058386 -0.027531 -0.044857
-0.028076 -0.010742 -0.024170 -0.054588 -0.020886 -0.046993
-0.025757 -0.013672 -0.021973 -0.050079 -0.026582 -0.042721
-0.025024 -0.015625 -0.019287 -0.048655 -0.030380 -0.037500
-0.025269 -0.017090 -0.017334 -0.049129 -0.033228 -0.033702
-0.025635 -0.011963 -0.019775 -0.049841 -0.023259 -0.038449
-0.025024 -0.003418 -0.026733 -0.048655 -0.006646 -0.051978
-0.023804 0.002686 -0.033936 -0.046281 0.005221 -0.065981
-0.022095 0.002197 -0.038086 -0.042959 0.004272 -0.074050
-0.020264 0.000488 -0.038574 -0.039398 0.000949 -0.075000
-0.022949 0.000488 -0.040161 -0.044620 0.000949 -0.078085
-0.024170 -0.006226 -0.036377 -0.046993 -0.012104 -0.070727
-0.027344 -0.010376 -0.031128 -0.053164 -0.020174 -0.060522
-0.031738 -0.012329 -0.027344 -0.061708 -0.023971 -0.053164
-0.031860 -0.012085 -0.025635 -0.061946 -0.023497 -0.049841
-0.027466 -0.009033 -0.026001 -0.053402 -0.017563 -0.050553
-0.021484 -0.007935 -0.028076 -0.041772 -0.015427 -0.054588
-0.016846 -0.005005 -0.032593 -0.032753 -0.009731 -0.063370
-0.015991 -0.006104 -0.035767 -0.031092 -0.011867 -0.069541
-0.015259 -0.006104 -0.035156 -0.029668 -0.011867 -0.068354
-0.016968 -0.003418 -0.034912 -0.032990 -0.006646 -0.067879
-0.023804 -0.006958 -0.034180 -0.046281 -0.013528 -0.066455
-0.030273 -0.016357 -0.032471 -0.058860 -0.031804 -0.063133
-0.030762 -0.022949 -0.030151 -0.059810 -0.044620 -0.058623
-0.027954 -0.022949 -0.023438 -0.054351 -0.044620 -0.045569
-0.026611 -0.016602 -0.016113 -0.051740 -0.032278 -0.031329
-0.029663 -0.012329 -0.013916 -0.057674 -0.023971 -0.027057
-0.035156 -0.015869 -0.012207 -0.068354 -0.030854 -0.023734
-0.039673 -0.030029 -0.002197 -0.077136 -0.058386 -0.004272
-0.047852 -0.048462 0.014526 -0.093037 -0.094224 0.028243
-0.063843 -0.059570 0.030518 -0.124129 -0.115822 0.059335
-0.085571 -0.068115 0.047852 -0.166376 -0.132436 0.093037
-0.100098 -0.069702 0.067139 -0.194619 -0.135521 0.130537
-0.122192 -0.072998 0.078613 -0.237578 -0.141929 0.152847
-0.157837 -0.089600 0.082886 -0.306881 -0.174208 0.161154
-0.162842 -0.116211 0.087280 -0.316612 -0.225948 0.169698
-0.172852 -0.151489 0.105713 -0.336074 -0.294539 0.205537
-0.186279 -0.182373 0.134399 -0.362181 -0.354586 0.261312
-0.191772 -0.210693 0.163330 -0.372862 -0.409649 0.317561
-0.201172 -0.250122 0.200439 -0.391137 -0.486310 0.389713
-0.218018 -0.272583 0.233276 -0.423890 -0.529981 0.453557
-0.229858 -0.290405 0.269409 -0.446912 -0.564633 0.523810
-0.234375 -0.304932 0.311890 -0.455693 -0.592876 0.606404
-0.249878 -0.293579 0.327271 -0.485836 -0.570803 0.636309
-0.265381 -0.302490 0.331177 -0.515978 -0.588129 0.643904
-0.272217 -0.304688 0.341919 -0.529269 -0.592401 0.664790
-0.276367 -0.318604 0.365479 -0.537338 -0.619458 0.710597
-0.277588 -0.338745 0.392944 -0.539712 -0.658619 0.763998
-0.278076 -0.366455 0.417969 -0.540661 -0.712496 0.812653
-0.288696 -0.386719 0.446777 -0.561310 -0.751894 0.868665
-0.255249 -0.368774 0.466797 -0.496279 -0.717005 0.907589
-0.209839 -0.309692 0.488892 -0.407988 -0.602132 0.950548
-0.172607 -0.248657 0.508057 -0.335599 -0.483462 0.987810
-0.128418 -0.178345 0.519897 -0.249682 -0.346754 1.010832
-0.084351 -0.118042 0.537598 -0.164002 -0.229508 1.045247
-0.027222 -0.059937 0.555786 -0.052927 -0.116534 1.080610
0.039307 -0.003174 0.570557 0.076424 -0.006171 1.109329
0.105103 0.028564 0.575195 0.204350 0.055538 1.118347
0.171875 0.036133 0.571899 0.334175 0.070253 1.111939
0.226563 0.025635 0.559448 0.440504 0.049841 1.087731
0.272705 0.036133 0.526489 0.530218 0.070253 1.023649
0.332397 0.066650 0.487915 0.646278 0.129588 0.948649
0.402954 0.100830 0.450195 0.783460 0.196043 0.875311
0.467041 0.136353 0.409424 0.908064 0.265109 0.796039
0.516724 0.177246 0.368042 1.004661 0.344618 0.715581
0.550171 0.214478 0.322876 1.069693 0.417007 0.627765
0.581055 0.241577 0.271729 1.129740 0.469696 0.528319
0.622070 0.263550 0.231445 1.209486 0.512418 0.449997
0.664673 0.280762 0.204712 1.292318 0.545883 0.398020
0.691284 0.298462 0.174072 1.344058 0.580297 0.338447
0.705444 0.305054 0.143799 1.371590 0.593113 0.279587
0.717285 0.306641 0.116577 1.394611 0.596199 0.226660
0.721924 0.321777 0.080688 1.403630 0.625629 0.156882
0.734497 0.306641 0.046631 1.428077 0.596199 0.090664
0.745728 0.304688 0.009033 1.449912 0.592401 0.017563
0.751953 0.308594 -0.037231 1.462016 0.599996 -0.072389
0.758301 0.312256 -0.092041 1.474358 0.607116 -0.178955
0.749634 0.307495 -0.147461 1.457507 0.597860 -0.286707
0.742065 0.280762 -0.196167 1.442792 0.545883 -0.381406
0.739258 0.266846 -0.233276 1.437333 0.518826 -0.453557
0.731323 0.267822 -0.272461 1.421906 0.520725 -0.529743
0.721680 0.280151 -0.315918 1.403156 0.544696 -0.614237
0.713379 0.291016 -0.356567 1.387017 0.565819 -0.693271
0.703369 0.295654 -0.400146 1.367555 0.574838 -0.778001
0.685669 0.296265 -0.446289 1.333140 0.576025 -0.867716
0.654297 0.305298 -0.495361 1.272144 0.593588 -0.963127
0.612915 0.310425 -0.542358 1.191686 0.603556 -1.054503
0.564941 0.298462 -0.589478 1.098411 0.580297 -1.146116
0.518799 0.269165 -0.626587 1.008696 0.523335 -1.218268
0.477783 0.236816 -0.648315 0.928950 0.460440 -1.260514
0.432373 0.224243 -0.666138 0.840659 0.435994 -1.295166
0.384766 0.231323 -0.685425 0.748097 0.449760 -1.332666
0.345703 0.242188 -0.709473 0.672148 0.470883 -1.379422
0.316162 0.255127 -0.746460 0.614711 0.496041 -1.451336
0.295654 0.265625 -0.783936 0.574838 0.516452 -1.524199
0.280273 0.279907 -0.815796 0.544933 0.544221 -1.586145
0.259155 0.299683 -0.846924 0.503873 0.582670 -1.646667
0.236816 0.287598 -0.869751 0.460440 0.559174 -1.691050
0.211304 0.261963 -0.895020 0.410836 0.509332 -1.740179
0.175903 0.220215 -0.926392 0.342007 0.428162 -1.801175
0.133179 0.168945 -0.962280 0.258938 0.328479 -1.870953
0.092896 0.116211 -0.973755 0.180616 0.225948 -1.893263
0.059204 0.073120 -0.942261 0.115110 0.142167 -1.832030
0.022339 0.042969 -0.880615 0.043433 0.083544 -1.712173
-0.021240 0.051758 -0.811523 -0.041297 0.100632 -1.577838
-0.062744 0.080322 -0.754028 -0.121993 0.156170 -1.466051
-0.103149 0.099976 -0.719238 -0.200553 0.194382 -1.398409
-0.140625 0.093140 -0.701660 -0.273416 0.181091 -1.364232
-0.175293 0.053223 -0.685425 -0.340821 0.103480 -1.332666
-0.209229 0.003540 -0.664063 -0.406801 0.006883 -1.291131
-0.249146 -0.030396 -0.637329 -0.484412 -0.059098 -1.239154
-0.291870 -0.044312 -0.608765 -0.567481 -0.086155 -1.183616
-0.329834 -0.056641 -0.577026 -0.641293 -0.110126 -1.121907
-0.360229 -0.068115 -0.543823 -0.700391 -0.132436 -1.057351
-0.405151 -0.077393 -0.520996 -0.787732 -0.150474 -1.012968
-0.439819 -0.083496 -0.501343 -0.855137 -0.162341 -0.974757
