0.133667 -0.150513 0.022583 0.259888 -0.292641 0.043908
0.136475 -0.082275 0.075439 0.265346 -0.159967 0.146676
0.158447 -0.067627 0.089722 0.308068 -0.131487 0.174445
0.090942 -0.055542 0.052856 0.176819 -0.107990 0.102768
0.107056 -0.072510 0.020996 0.208147 -0.140980 0.040823
0.091309 -0.077148 -0.021606 0.177531 -0.149999 -0.042009
0.053711 -0.092529 -0.053833 0.104430 -0.179904 -0.104667
0.016602 -0.084106 -0.090454 0.032278 -0.163527 -0.175869
-0.014282 -0.073120 -0.106689 -0.027769 -0.142167 -0.207435
-0.040649 -0.061768 -0.092407 -0.079034 -0.120094 -0.179667
-0.053833 -0.049438 -0.060669 -0.104667 -0.096123 -0.117958
-0.068726 -0.038208 -0.050171 -0.133623 -0.074288 -0.097547
-0.078125 -0.025513 -0.059692 -0.151898 -0.049604 -0.116059
-0.074585 -0.005615 -0.074341 -0.145015 -0.010918 -0.144540
-0.069702 0.010742 -0.085815 -0.135521 0.020886 -0.166850
-0.062134 0.011475 -0.084961 -0.120806 0.022310 -0.165189
-0.055908 0.002197 -0.075073 -0.108702 0.004272 -0.145964
-0.058960 0.005615 -0.065918 -0.114635 0.010918 -0.128164
-0.058350 -0.001831 -0.065674 -0.113449 -0.003560 -0.127689
-0.060425 0.003906 -0.069336 -0.117483 0.007595 -0.134809
-0.060669 0.003418 -0.076416 -0.117958 0.006646 -0.148575
-0.055786 -0.017334 -0.084106 -0.108465 -0.033702 -0.163527
-0.056885 -0.023682 -0.083496 -0.110601 -0.046044 -0.162341
-0.043091 -0.046509 -0.065186 -0.083781 -0.090427 -0.126740
-0.029419 -0.038208 -0.046875 -0.057199 -0.074288 -0.091139
-0.014526 -0.041626 -0.039673 -0.028243 -0.080933 -0.077136
-0.009033 -0.027832 -0.037354 -0.017563 -0.054114 -0.072626
-0.012451 -0.021851 -0.039551 -0.024209 -0.042484 -0.076898
-0.022583 -0.020508 -0.044678 -0.043908 -0.039873 -0.086867
-0.036865 -0.020020 -0.045166 -0.071677 -0.038924 -0.087816
-0.049927 -0.027588 -0.040527 -0.097072 -0.053639 -0.078797
-0.056763 -0.024170 -0.029419 -0.110363 -0.046993 -0.057199
-0.053101 -0.017090 -0.017212 -0.103243 -0.033228 -0.033465
-0.046143 -0.007690 -0.015503 -0.089715 -0.014952 -0.030142
-0.044434 -0.005493 -0.020020 -0.086392 -0.010680 -0.038924
-0.048096 -0.003418 -0.017578 -0.093512 -0.006646 -0.034177
-0.054688 -0.002563 -0.012085 -0.106328 -0.004984 -0.023497
-0.058228 0.001709 0.003052 -0.113211 0.003323 0.005934
-0.064209 0.005737 0.022217 -0.124841 0.011155 0.043196
-0.077271 0.013794 0.035034 -0.150236 0.026819 0.068117
-0.090820 0.005737 0.038452 -0.176581 0.011155 0.074762
-0.095825 -0.010376 0.039917 -0.186312 -0.020174 0.077610
-0.098877 -0.035645 0.052368 -0.192246 -0.069303 0.101819
-0.104370 -0.041748 0.058960 -0.202926 -0.081170 0.114635
-0.095215 -0.029175 0.071167 -0.185125 -0.056724 0.138369
-0.087402 -0.004883 0.086304 -0.169936 -0.009494 0.167800
-0.085938 0.020508 0.100708 -0.167088 0.039873 0.195806
-0.085083 0.018555 0.132935 -0.165426 0.036076 0.258464
-0.088623 0.012451 0.171265 -0.172309 0.024209 0.332988
-0.102905 -0.012451 0.218506 -0.200078 -0.024209 0.424839
-0.122559 -0.044312 0.265503 -0.238290 -0.086155 0.516215
-0.133545 -0.079224 0.314087 -0.259650 -0.154034 0.610677
-0.140259 -0.120605 0.354004 -0.272704 -0.234492 0.688287
-0.154297 -0.159180 0.375000 -0.299998 -0.309492 0.729109
-0.181030 -0.198242 0.378052 -0.351976 -0.385441 0.735043
-0.207031 -0.247559 0.386108 -0.402529 -0.481326 0.750707
-0.222046 -0.293579 0.413208 -0.431722 -0.570803 0.803397
-0.220215 -0.321777 0.452271 -0.428162 -0.625629 0.879346
-0.202515 -0.318359 0.477417 -0.393748 -0.618983 0.928238
-0.175171 -0.288330 0.483398 -0.340583 -0.560598 0.939868
-0.156372 -0.239380 0.452515 -0.304033 -0.465424 0.879820
-0.134277 -0.230225 0.412842 -0.261074 -0.447624 0.802685
-0.091187 -0.258667 0.413696 -0.177293 -0.502924 0.804346
-0.038330 -0.276611 0.447388 -0.074525 -0.537813 0.869852
0.003540 -0.265991 0.468018 0.006883 -0.517164 0.909963
0.048340 -0.237427 0.476807 0.093987 -0.461627 0.927051
0.092407 -0.207886 0.486206 0.179667 -0.404191 0.945326
0.130493 -0.185425 0.491943 0.253717 -0.360520 0.956481
0.166260 -0.159790 0.487183 0.323257 -0.310678 0.947225
0.199341 -0.139771 0.467651 0.387577 -0.271755 0.909251
0.229614 -0.134033 0.424316 0.446437 -0.260600 0.824995
0.261597 -0.128174 0.376831 0.508620 -0.249207 0.732669
0.295166 -0.122925 0.329468 0.573889 -0.239002 0.640581
0.325439 -0.116699 0.289429 0.632749 -0.226897 0.562734
0.351685 -0.126465 0.265625 0.683777 -0.245885 0.516452
0.389648 -0.115845 0.268555 0.757590 -0.225236 0.522149
0.422607 -0.097534 0.244873 0.821672 -0.189635 0.476105
0.448730 -0.086304 0.196167 0.872463 -0.167800 0.381406
0.464233 -0.078735 0.129639 0.902605 -0.153084 0.252055
0.480347 -0.086914 0.059814 0.933934 -0.168986 0.116297
0.505981 -0.082031 0.015381 0.983775 -0.159493 0.029905
0.541748 -0.068848 -0.016724 1.053316 -0.133860 -0.032516
0.574097 -0.041016 -0.057495 1.116211 -0.079746 -0.111787
0.604004 -0.014160 -0.101807 1.174360 -0.027531 -0.197942
0.636963 0.001831 -0.138062 1.238442 0.003560 -0.268432
0.658203 0.018799 -0.160034 1.279739 0.036550 -0.311153
0.648193 0.036621 -0.193115 1.260277 0.071202 -0.375472
0.630981 0.031616 -0.225830 1.226812 0.061471 -0.439080
0.633911 0.007202 -0.240356 1.232508 0.014003 -0.467323
0.631226 0.005005 -0.261475 1.227287 0.009731 -0.508383
0.617554 -0.012085 -0.301270 1.200704 -0.023497 -0.585756
0.612793 -0.031128 -0.349365 1.191448 -0.060522 -0.679268
0.603271 -0.041626 -0.377441 1.172936 -0.080933 -0.733856
0.592041 -0.047852 -0.392090 1.151100 -0.093037 -0.762337
0.570313 -0.047607 -0.407471 1.108854 -0.092563 -0.792242
0.551270 -0.042480 -0.426392 1.071829 -0.082594 -0.829030
0.547119 -0.034180 -0.447388 1.063759 -0.066455 -0.869852
0.543091 -0.033691 -0.472534 1.055927 -0.065506 -0.918744
0.532959 -0.031372 -0.495483 1.036228 -0.060996 -0.963364
0.507080 -0.017090 -0.513062 0.985912 -0.033228 -0.997541
0.470825 -0.024292 -0.528809 0.915421 -0.047231 -1.028158
0.417603 -0.045166 -0.558716 0.811941 -0.087816 -1.086306
0.362671 -0.089600 -0.586548 0.705138 -0.174208 -1.140420
0.288696 -0.086548 -0.599365 0.561310 -0.168274 -1.165341
0.230225 -0.086792 -0.611816 0.447624 -0.168749 -1.189550
0.192505 -0.088867 -0.632813 0.374286 -0.172784 -1.230372
0.149414 -0.079834 -0.665527 0.290505 -0.155221 -1.293979
0.107910 -0.070557 -0.710815 0.209809 -0.137183 -1.382033
0.067017 -0.057251 -0.749512 0.130300 -0.111313 -1.457269
0.026855 -0.039307 -0.756958 0.052215 -0.076424 -1.471747
-0.004028 -0.016479 -0.742798 -0.007832 -0.032041 -1.444216
-0.017822 -0.004761 -0.724243 -0.034652 -0.009256 -1.408140
-0.029175 0.015259 -0.709961 -0.056724 0.029668 -1.380371
-0.062988 0.028809 -0.705688 -0.122468 0.056012 -1.372064
-0.115845 0.007813 -0.699829 -0.225236 0.015190 -1.360672
-0.179321 -0.001709 -0.680176 -0.348653 -0.003323 -1.322460
-0.235474 -0.008789 -0.654297 -0.457829 -0.017089 -1.272144
-0.277588 0.024170 -0.620239 -0.539712 0.046993 -1.205926
-0.299194 0.073486 -0.582031 -0.581721 0.142879 -1.131639
-0.304688 0.108276 -0.541870 -0.592401 0.210521 -1.053554
-0.337402 0.135132 -0.523682 -0.656009 0.262736 -1.018190
-0.407959 0.137817 -0.540649 -0.793191 0.267957 -1.051180
-0.502075 0.125854 -0.571655 -0.976181 0.244698 -1.111465
-0.591309 0.081909 -0.596069 -1.149676 0.159255 -1.158933
-0.661011 0.041382 -0.573853 -1.285198 0.080458 -1.115737
-0.702271 0.008423 -0.521606 -1.365419 0.016376 -1.014155
-0.718994 -0.008057 -0.459473 -1.397934 -0.015664 -0.893349
-0.709473 -0.004517 -0.398071 -1.379422 -0.008782 -0.773967
-0.706909 0.045532 -0.345337 -1.374438 0.088528 -0.671436
-0.682983 0.144165 -0.321533 -1.327919 0.280299 -0.625154
-0.674927 0.223999 -0.311646 -1.312254 0.435519 -0.605930
-0.677612 0.236328 -0.307617 -1.317476 0.459491 -0.598098
-0.698364 0.213501 -0.301636 -1.357824 0.415108 -0.586468
-0.733398 0.163452 -0.285645 -1.425940 0.317799 -0.555376
-0.769409 0.120605 -0.248535 -1.495956 0.234492 -0.483225
-0.786377 0.078003 -0.176147 -1.528946 0.151660 -0.342482
-0.773438 0.046997 -0.099365 -1.503788 0.091376 -0.193195
-0.762085 0.039673 -0.035156 -1.481715 0.077136 -0.068354
-0.772461 0.035645 0.005371 -1.501889 0.069303 0.010443
-0.789185 0.017334 0.001831 -1.534405 0.033702 0.003560
-0.790894 -0.017700 0.001587 -1.537728 -0.034414 0.003085
-0.788452 -0.044189 0.008545 -1.532981 -0.085917 0.016614
-0.775635 -0.075195 0.031982 -1.508060 -0.146202 0.062183
-0.738770 -0.083008 0.079346 -1.436383 -0.161391 0.154271
-0.684448 -0.061890 0.151978 -1.330767 -0.120332 0.295489
-0.616333 -0.026855 0.255371 -1.198331 -0.052215 0.496516
-0.566284 -0.015381 0.356567 -1.101022 -0.029905 0.693271
-0.535522 -0.035034 0.423706 -1.041212 -0.068117 0.823808
-0.529297 -0.069092 0.450562 -1.029107 -0.134335 0.876023
-0.526855 -0.115234 0.464966 -1.024361 -0.224049 0.904029
