-0.218628 -0.101318 -0.122070 -0.425076 -0.196992 -0.237340
-0.323364 -0.104004 -0.168457 -0.628714 -0.202214 -0.327530
-0.350342 -0.118042 -0.097900 -0.681167 -0.229508 -0.190347
-0.331787 -0.128174 -0.044678 -0.645091 -0.249207 -0.086867
-0.430176 -0.162109 -0.053711 -0.836387 -0.315188 -0.104430
-0.813354 -0.187988 -0.297607 -1.581398 -0.365504 -0.578636
-1.035522 -0.127075 -0.320923 -2.013358 -0.247071 -0.623968
-0.926025 -0.027100 -0.182495 -1.800463 -0.052690 -0.354824
-0.579224 -0.149170 -0.036621 -1.126180 -0.290030 -0.071202
-0.179932 -0.149658 0.099854 -0.349840 -0.290979 0.194144
0.059082 -0.169312 0.217163 0.114873 -0.329191 0.422228
0.132080 -0.227295 0.277222 0.256802 -0.441928 0.539000
0.001709 -0.122314 0.239136 0.003323 -0.237815 0.464950
-0.177979 -0.047485 0.162354 -0.346042 -0.092325 0.315663
-0.286011 -0.005981 0.139648 -0.556088 -0.011630 0.271517
-0.293823 -0.001343 0.163696 -0.571278 -0.002611 0.318273
-0.263306 -0.016357 0.197021 -0.511943 -0.031804 0.383067
-0.230469 -0.004272 0.222046 -0.448098 -0.008307 0.431722
-0.219482 0.017334 0.237061 -0.426738 0.033702 0.460915
-0.246948 0.024536 0.259033 -0.480139 0.047705 0.503636
-0.306763 0.020630 0.288696 -0.596436 0.040111 0.561310
-0.366089 0.004272 0.325073 -0.711784 0.008307 0.632037
-0.402832 -0.039673 0.364624 -0.783223 -0.077136 0.708935
-0.422729 -0.080566 0.408813 -0.821909 -0.156645 0.794853
-0.445557 -0.097656 0.460205 -0.866292 -0.189872 0.894773
-0.462646 -0.113037 0.505859 -0.899520 -0.219777 0.983538
-0.469971 -0.125366 0.531616 -0.913760 -0.243748 1.033617
-0.468262 -0.149048 0.535645 -0.910437 -0.289792 1.041449
-0.441650 -0.166260 0.534668 -0.858697 -0.323257 1.039550
-0.374268 -0.148315 0.556152 -0.727685 -0.288368 1.081322
-0.271362 -0.090820 0.611328 -0.527607 -0.176581 1.188600
-0.162476 -0.018433 0.683716 -0.315900 -0.035838 1.329343
-0.059814 0.045288 0.761108 -0.116297 0.088053 1.479817
0.016846 0.069092 0.819824 0.032753 0.134335 1.593977
0.063965 0.056396 0.829834 0.124366 0.109651 1.613439
0.096924 0.029053 0.805664 0.188448 0.056487 1.566446
0.126831 0.002808 0.765991 0.246597 0.005459 1.489310
0.165039 -0.027832 0.711914 0.320884 -0.054114 1.384169
0.233887 -0.037842 0.671997 0.454744 -0.073575 1.306558
0.312378 -0.022461 0.648682 0.607354 -0.043671 1.261226
0.382813 -0.001831 0.627197 0.744299 -0.003560 1.219454
0.445557 0.026733 0.605713 0.866292 0.051978 1.177683
0.502441 0.060791 0.579834 0.976893 0.118195 1.127366
0.568359 0.076416 0.539795 1.105056 0.148575 1.049519
0.644287 0.080933 0.479736 1.252682 0.157357 0.932747
0.728638 0.092529 0.407837 1.416684 0.179904 0.792954
0.805054 0.110718 0.332520 1.565259 0.215268 0.646515
0.857666 0.121826 0.270264 1.667553 0.236866 0.525471
0.896606 0.128296 0.222046 1.743264 0.249445 0.431722
0.926880 0.130859 0.167358 1.802125 0.254429 0.325394
0.957642 0.133423 0.102905 1.861935 0.259413 0.200078
0.993042 0.143433 0.031494 1.930763 0.278875 0.061234
1.032349 0.167480 -0.041382 2.007187 0.325631 -0.080458
1.072021 0.175293 -0.109863 2.084322 0.340821 -0.213606
1.092651 0.178833 -0.167114 2.124433 0.347704 -0.324919
1.093628 0.174927 -0.217529 2.126332 0.340109 -0.422940
1.073975 0.157104 -0.273560 2.088120 0.305457 -0.531880
1.043457 0.125854 -0.337402 2.028785 0.244698 -0.656009
0.998535 0.087646 -0.406128 1.941444 0.170410 -0.789631
0.944336 0.063354 -0.470947 1.836064 0.123180 -0.915659
0.901733 0.066284 -0.520508 1.753233 0.128876 -1.012019
0.879028 0.077393 -0.545532 1.709087 0.150474 -1.060674
0.864990 0.075073 -0.551270 1.681793 0.145964 -1.071829
0.840820 0.069336 -0.562378 1.634800 0.134809 -1.093427
0.800537 0.062988 -0.588623 1.556478 0.122468 -1.144455
0.737671 0.049438 -0.620850 1.434247 0.096123 -1.207113
0.693481 0.022217 -0.648560 1.348330 0.043196 -1.260989
0.660522 0.003418 -0.684692 1.284248 0.006646 -1.331242
0.621826 -0.020996 -0.736572 1.209011 -0.040823 -1.432111
0.564697 -0.046387 -0.789185 1.097936 -0.090189 -1.534405
0.490845 -0.073853 -0.849487 0.954345 -0.143591 -1.651651
0.413696 -0.082031 -0.933472 0.804346 -0.159493 -1.814941
0.349121 -0.064209 -1.021484 0.678793 -0.124841 -1.986063
0.306274 -0.022095 -1.069702 0.595487 -0.042959 -2.079813
0.290039 0.015381 -1.063965 0.563920 0.029905 -2.068658
0.273071 0.032715 -1.031982 0.530930 0.063607 -2.006475
0.231689 0.031250 -1.018066 0.450472 0.060759 -1.979418
0.171997 -0.008911 -1.027832 0.334412 -0.017326 -1.998405
0.092773 -0.045044 -1.053467 0.180379 -0.087579 -2.048247
0.008545 -0.052856 -1.074341 0.016614 -0.102768 -2.088832
-0.054321 -0.045166 -1.080811 -0.105616 -0.087816 -2.101411
-0.110229 -0.026978 -1.080322 -0.214318 -0.052452 -2.100461
-0.176758 -0.022583 -1.086914 -0.343669 -0.043908 -2.113278
-0.228516 -0.014160 -1.104858 -0.444301 -0.027531 -2.148167
-0.258789 -0.001709 -1.130249 -0.503161 -0.003323 -2.197534
-0.297363 -0.032471 -1.140503 -0.578161 -0.063133 -2.217470
-0.337891 -0.048096 -1.111084 -0.656958 -0.093512 -2.160271
-0.364136 -0.042847 -1.074219 -0.707986 -0.083306 -2.088594
-0.385986 -0.042725 -1.043823 -0.750470 -0.083069 -2.029497
-0.413208 -0.057983 -1.003174 -0.803397 -0.112737 -1.950462
-0.433838 -0.072510 -0.949951 -0.843507 -0.140980 -1.846982
-0.439697 -0.070923 -0.899292 -0.854900 -0.137895 -1.748486
-0.439453 -0.053223 -0.842773 -0.854425 -0.103480 -1.638597
-0.444214 -0.018555 -0.783325 -0.863681 -0.036076 -1.523013
-0.449341 -0.014526 -0.720947 -0.873650 -0.028243 -1.401732
-0.455322 -0.015747 -0.654419 -0.885279 -0.030617 -1.272381
-0.490723 -0.011963 -0.611206 -0.954108 -0.023259 -1.188363
-0.546143 -0.021484 -0.600464 -1.061860 -0.041772 -1.167477
-0.602783 -0.030151 -0.588013 -1.171986 -0.058623 -1.143268
-0.638428 -0.032104 -0.547852 -1.241290 -0.062420 -1.065183
-0.676392 -0.031738 -0.491699 -1.315103 -0.061708 -0.956007
-0.726318 -0.024048 -0.446655 -1.412175 -0.046756 -0.868428
-0.784424 -0.039917 -0.432861 -1.525149 -0.077610 -0.841609
-0.828979 -0.028687 -0.428589 -1.611778 -0.055775 -0.833302
-0.836914 -0.030884 -0.425049 -1.627205 -0.060047 -0.826419
-0.833008 -0.046509 -0.415527 -1.619610 -0.090427 -0.807906
-0.830688 -0.074951 -0.393921 -1.615101 -0.145727 -0.765897
-0.833008 -0.114502 -0.352295 -1.619610 -0.222625 -0.684964
-0.913574 -0.205200 -0.337036 -1.776255 -0.398969 -0.655297
-1.004150 -0.196289 -0.309937 -1.952361 -0.381643 -0.602607
-0.943481 -0.158569 -0.223022 -1.834403 -0.308305 -0.433621
-0.836182 -0.119873 -0.086426 -1.625781 -0.233068 -0.168037
-0.796997 -0.115845 0.001465 -1.549595 -0.225236 0.002848
-0.802856 -0.112671 0.059204 -1.560987 -0.219065 0.115110
-0.792725 -0.124268 0.091797 -1.541288 -0.241612 0.178480
-0.751831 -0.158081 0.108521 -1.461779 -0.307356 0.210996
-0.699341 -0.205566 0.113647 -1.359722 -0.399681 0.220964
-0.671997 -0.243530 0.140015 -1.306558 -0.473494 0.272229
-0.672974 -0.272461 0.212769 -1.308457 -0.529743 0.413684
-0.680664 -0.286377 0.305420 -1.323409 -0.556800 0.593825
-0.699341 -0.303711 0.391968 -1.359722 -0.590503 0.762100
-0.717163 -0.319214 0.464600 -1.394374 -0.620645 0.903317
-0.715576 -0.338013 0.509888 -1.391289 -0.657195 0.991370
-0.697388 -0.330811 0.530151 -1.355925 -0.643192 1.030769
-0.651978 -0.313965 0.525635 -1.267635 -0.610439 1.021987
-0.573242 -0.311523 0.512085 -1.114550 -0.605692 0.995642
-0.483398 -0.326416 0.507202 -0.939868 -0.634648 0.986149
-0.403931 -0.351196 0.541626 -0.785359 -0.682828 1.053079
-0.361084 -0.350708 0.619751 -0.702053 -0.681879 1.204977
-0.359619 -0.342041 0.724731 -0.699205 -0.665027 1.409089
-0.356567 -0.334229 0.828613 -0.693271 -0.649838 1.611066
-0.332886 -0.309692 0.907715 -0.647227 -0.602132 1.764862
-0.290039 -0.289185 0.934448 -0.563920 -0.562259 1.816840
-0.239380 -0.281372 0.884521 -0.465424 -0.547069 1.719768
-0.207520 -0.265625 0.785400 -0.403478 -0.516452 1.527047
-0.203613 -0.276001 0.685181 -0.395884 -0.536626 1.332191
-0.187744 -0.302856 0.632813 -0.365029 -0.588841 1.230372
-0.138184 -0.298706 0.628784 -0.268669 -0.580772 1.222540
-0.059937 -0.293213 0.651245 -0.116534 -0.570091 1.266210
0.011230 -0.293213 0.674927 0.021835 -0.570091 1.312254
0.031982 -0.312744 0.672363 0.062183 -0.608066 1.307270
0.016968 -0.352905 0.642334 0.032990 -0.686151 1.248885
0.007568 -0.366577 0.606323 0.014715 -0.712733 1.178869
0.020142 -0.364746 0.561523 0.039161 -0.709173 1.091765
0.051758 -0.354736 0.512939 0.100632 -0.689711 0.997304
0.099365 -0.327148 0.468018 0.193195 -0.636072 0.909963
0.150513 -0.291016 0.428223 0.292641 -0.565819 0.832590
0.182129 -0.252563 0.407837 0.354112 -0.491057 0.792954
0.208618 -0.249268 0.343506 0.405615 -0.484649 0.667876
0.205322 -0.237305 0.302002 0.399206 -0.461390 0.587180
