0.103394 -0.179199 0.142944 0.201027 -0.348416 0.277925
0.046143 -0.169800 0.088867 0.089715 -0.330140 0.172784
-0.039917 -0.183105 0.041748 -0.077610 -0.356010 0.081170
-0.033936 -0.161377 0.005981 -0.065981 -0.313764 0.011630
-0.049683 -0.172974 0.001953 -0.096597 -0.336311 0.003797
-0.072388 -0.145996 0.020264 -0.140743 -0.283859 0.039398
-0.085327 -0.088379 0.026001 -0.165901 -0.171834 0.050553
-0.083252 -0.053223 0.024048 -0.161866 -0.103480 0.046756
-0.073608 -0.037842 0.019043 -0.143116 -0.073575 0.037025
-0.070557 -0.026489 0.009155 -0.137183 -0.051503 0.017801
-0.073120 -0.018555 0.004028 -0.142167 -0.036076 0.007832
-0.087524 -0.002808 -0.011475 -0.170173 -0.005459 -0.022310
-0.090698 -0.005005 -0.012207 -0.176344 -0.009731 -0.023734
-0.089966 -0.001465 -0.003052 -0.174920 -0.002848 -0.005934
-0.095825 -0.003296 0.015381 -0.186312 -0.006408 0.029905
-0.106812 -0.016968 0.034424 -0.207673 -0.032990 0.066930
-0.122070 -0.027344 0.036133 -0.237340 -0.053164 0.070253
-0.129761 -0.048462 0.034668 -0.252293 -0.094224 0.067405
-0.135742 -0.052246 0.030640 -0.263922 -0.101582 0.059572
-0.140137 -0.044800 0.031494 -0.272467 -0.087104 0.061234
-0.148560 -0.027466 0.036377 -0.288843 -0.053402 0.070727
-0.144043 -0.010254 0.057617 -0.280062 -0.019937 0.112025
-0.135376 -0.001343 0.084473 -0.263210 -0.002611 0.164239
-0.135498 -0.008057 0.115845 -0.263448 -0.015664 0.225236
-0.152588 -0.016235 0.132935 -0.296675 -0.031566 0.258464
-0.177246 -0.046387 0.156860 -0.344618 -0.090189 0.304982
-0.209961 -0.091187 0.183228 -0.408225 -0.177293 0.356248
-0.245728 -0.144653 0.201904 -0.477766 -0.281248 0.392561
-0.272217 -0.194336 0.214111 -0.529269 -0.377846 0.416295
-0.283569 -0.239136 0.232178 -0.551341 -0.464950 0.451421
-0.281860 -0.267456 0.258911 -0.548019 -0.520013 0.503399
-0.274048 -0.266113 0.276855 -0.532829 -0.517402 0.538288
-0.260986 -0.244385 0.285034 -0.507434 -0.475155 0.554190
-0.238525 -0.226440 0.297363 -0.463763 -0.440266 0.578161
-0.220337 -0.207764 0.310181 -0.428399 -0.403953 0.603082
-0.217407 -0.206909 0.320557 -0.422703 -0.402292 0.623256
-0.214478 -0.215332 0.337158 -0.417007 -0.418668 0.655534
-0.207397 -0.238647 0.363403 -0.403241 -0.464000 0.706562
-0.192383 -0.264526 0.396606 -0.374048 -0.514316 0.771119
-0.175659 -0.290161 0.428223 -0.341533 -0.564158 0.832590
-0.162964 -0.301025 0.442261 -0.316849 -0.585281 0.859884
-0.148682 -0.291016 0.436157 -0.289080 -0.565819 0.848017
-0.119141 -0.271118 0.422974 -0.231644 -0.527133 0.822384
-0.069946 -0.242554 0.409058 -0.135996 -0.471595 0.795327
-0.024170 -0.199341 0.391724 -0.046993 -0.387577 0.761625
0.020752 -0.163208 0.387085 0.040348 -0.317324 0.752606
0.068359 -0.138916 0.396362 0.132911 -0.270093 0.770644
0.099609 -0.133789 0.393921 0.193670 -0.260125 0.765897
0.125488 -0.148071 0.377075 0.243986 -0.287894 0.733144
0.149170 -0.154541 0.343506 0.290030 -0.300473 0.667876
0.177979 -0.164551 0.305542 0.346042 -0.319935 0.594063
0.214966 -0.170044 0.276855 0.417956 -0.330615 0.538288
0.253662 -0.156982 0.255615 0.493193 -0.305220 0.496991
0.297729 -0.134888 0.240601 0.578873 -0.262261 0.467798
0.343506 -0.097900 0.227295 0.667876 -0.190347 0.441928
0.391846 -0.094604 0.204102 0.761862 -0.183939 0.396833
0.437378 -0.069336 0.175781 0.850390 -0.134809 0.341770
0.477295 -0.042236 0.143677 0.928001 -0.082120 0.279350
0.520874 -0.025757 0.104248 1.012731 -0.050079 0.202689
0.550659 -0.014526 0.067139 1.070642 -0.028243 0.130537
0.573975 -0.013184 0.037476 1.115974 -0.025633 0.072863
0.599243 0.018433 0.017944 1.165103 0.035838 0.034889
0.624023 0.051025 -0.009399 1.213284 0.099208 -0.018275
0.639771 0.085693 -0.049927 1.243900 0.166613 -0.097072
0.650146 0.115112 -0.101807 1.264074 0.223812 -0.197942
0.664917 0.146118 -0.159302 1.292793 0.284096 -0.309729
0.678711 0.176147 -0.213623 1.319612 0.342482 -0.415345
0.687988 0.210815 -0.271484 1.337650 0.409887 -0.527845
0.690674 0.227783 -0.325195 1.342871 0.442877 -0.632275
0.689575 0.224976 -0.375488 1.340735 0.437418 -0.730059
0.682617 0.219360 -0.416504 1.327207 0.426500 -0.809805
0.667969 0.210083 -0.455444 1.298726 0.408463 -0.885517
0.647583 0.205933 -0.501587 1.259090 0.400393 -0.975231
0.621826 0.188110 -0.553101 1.209011 0.365741 -1.075389
0.593994 0.161011 -0.611938 1.154898 0.313052 -1.189787
0.570190 0.144165 -0.664795 1.108616 0.280299 -1.292555
0.550171 0.145630 -0.682983 1.069693 0.283147 -1.327919
0.536499 0.149414 -0.683838 1.043111 0.290505 -1.329580
0.524292 0.153320 -0.691650 1.019377 0.298099 -1.344770
0.516113 0.152222 -0.705078 1.003475 0.295963 -1.370878
0.514771 0.162109 -0.722778 1.000864 0.315188 -1.405292
0.479980 0.218994 -0.765137 0.933222 0.425788 -1.487649
0.436768 0.243286 -0.819092 0.849204 0.473019 -1.592553
0.395264 0.262085 -0.879761 0.768508 0.509570 -1.710511
0.354248 0.236938 -0.933228 0.688762 0.460678 -1.814466
0.295044 0.209961 -0.975098 0.573651 0.408225 -1.895874
0.228149 0.173462 -1.009399 0.443589 0.337261 -1.962567
0.157104 0.126709 -1.041016 0.305457 0.246359 -2.024038
0.082397 0.112427 -1.051270 0.160205 0.218590 -2.043975
0.015747 0.102173 -1.039063 0.030617 0.198654 -2.020241
-0.037720 0.086548 -1.008301 -0.073338 0.168274 -1.960431
-0.102905 0.087402 -0.992432 -0.200078 0.169936 -1.929577
-0.157104 0.073486 -0.990234 -0.305457 0.142879 -1.925304
-0.233154 0.062134 -0.989502 -0.453320 0.120806 -1.923880
-0.293335 0.023071 -0.969238 -0.570329 0.044857 -1.884482
-0.343872 -0.012329 -0.947388 -0.668588 -0.023971 -1.841998
-0.387695 -0.040894 -0.912964 -0.753793 -0.079509 -1.775068
-0.394043 -0.065674 -0.854736 -0.766134 -0.127689 -1.661857
-0.400146 -0.041870 -0.794434 -0.778001 -0.081408 -1.544611
-0.419312 -0.025146 -0.729736 -0.815264 -0.048892 -1.418820
-0.436157 0.005371 -0.654175 -0.848017 0.010443 -1.271907
-0.447388 0.045044 -0.578003 -0.869852 0.087579 -1.123806
-0.463989 0.045044 -0.515747 -0.902130 0.087579 -1.002763
-0.502319 0.013306 -0.470581 -0.976655 0.025870 -0.914947
-0.555054 -0.033936 -0.441772 -1.079186 -0.065981 -0.858934
-0.599121 -0.079468 -0.416016 -1.164866 -0.154509 -0.808856
-0.626587 -0.103516 -0.394653 -1.218268 -0.201265 -0.767321
-0.634888 -0.134644 -0.357666 -1.234407 -0.261786 -0.695407
-0.629395 -0.162842 -0.327637 -1.223727 -0.316612 -0.637021
-0.622803 -0.205566 -0.275635 -1.210910 -0.399681 -0.535914
-0.633057 -0.211670 -0.228638 -1.230847 -0.411548 -0.444538
-0.631958 -0.190918 -0.185791 -1.228711 -0.371200 -0.361232
-0.629272 -0.148438 -0.148926 -1.223489 -0.288606 -0.289555
-0.622192 -0.119873 -0.118896 -1.209723 -0.233068 -0.231169
-0.636108 -0.110352 -0.107910 -1.236780 -0.214556 -0.209809
-0.654663 -0.118530 -0.100708 -1.272856 -0.230457 -0.195806
-0.655762 -0.127563 -0.083984 -1.274992 -0.248021 -0.163290
-0.660522 -0.135010 -0.054321 -1.284248 -0.262498 -0.105616
-0.685303 -0.144409 -0.026855 -1.332428 -0.280774 -0.052215
-0.705200 -0.169678 0.017700 -1.371115 -0.329903 0.034414
-0.704834 -0.194946 0.089478 -1.370403 -0.379032 0.173970
-0.709595 -0.202393 0.145142 -1.379659 -0.393510 0.282198
-0.706909 -0.225464 0.185913 -1.374438 -0.438368 0.361469
-0.681152 -0.235596 0.223755 -1.324359 -0.458067 0.435045
-0.645264 -0.238647 0.255737 -1.254581 -0.464000 0.497228
-0.605835 -0.246094 0.273682 -1.177920 -0.478478 0.532117
-0.560425 -0.246216 0.280151 -1.089629 -0.478715 0.544696
-0.518677 -0.228271 0.295776 -1.008459 -0.443826 0.575076
-0.508667 -0.224976 0.328491 -0.988997 -0.437418 0.638683
-0.507568 -0.251343 0.373047 -0.986861 -0.488684 0.725312
-0.485596 -0.283203 0.434204 -0.944140 -0.550629 0.844219
-0.450439 -0.301636 0.495239 -0.875786 -0.586468 0.962890
-0.407349 -0.309326 0.523071 -0.792005 -0.601420 1.017003
-0.355957 -0.304199 0.530884 -0.692084 -0.591452 1.032193
-0.307007 -0.295166 0.514893 -0.596911 -0.573889 1.001101
-0.254883 -0.310791 0.497070 -0.495567 -0.604268 0.966450
-0.191772 -0.299072 0.496582 -0.372862 -0.581484 0.965500
-0.145874 -0.260864 0.510010 -0.283622 -0.507196 0.991608
-0.120117 -0.210815 0.530640 -0.233543 -0.409887 1.031718
-0.088867 -0.166992 0.561768 -0.172784 -0.324682 1.092240
-0.045410 -0.129639 0.604492 -0.088291 -0.252055 1.175309
-0.016235 -0.108887 0.625977 -0.031566 -0.211708 1.217081
-0.002930 -0.109009 0.609741 -0.005696 -0.211945 1.185515
0.008545 -0.140015 0.558350 0.016614 -0.272229 1.085594
0.017578 -0.171387 0.490234 0.034177 -0.333226 0.953159
0.024902 -0.173828 0.422729 0.048417 -0.337973 0.821909
0.041748 -0.155762 0.369141 0.081170 -0.302846 0.717717
0.056885 -0.133789 0.340576 0.110601 -0.260125 0.662179
0.061646 -0.119873 0.331177 0.119857 -0.233068 0.643904
0.065552 -0.109375 0.332275 0.127452 -0.212657 0.646040
