-0.172607 -0.265381 0.041870 -0.335599 -0.515978 0.081408
-0.237427 -0.249023 -0.016846 -0.461627 -0.484174 -0.032753
-0.309448 -0.343384 -0.137817 -0.601658 -0.667638 -0.267957
-0.399658 -0.341919 -0.177246 -0.777052 -0.664790 -0.344618
-0.514038 -0.213257 -0.116211 -0.999440 -0.414633 -0.225948
-0.558350 -0.125610 -0.013184 -1.085594 -0.244223 -0.025633
-0.534546 -0.111572 0.068604 -1.039313 -0.216929 0.133385
-0.380127 -0.169800 0.163208 -0.739078 -0.330140 0.317324
-0.294312 -0.142944 0.231201 -0.572227 -0.277925 0.449522
-0.313232 -0.147705 0.259888 -0.609015 -0.287182 0.505297
-0.373047 -0.151733 0.279053 -0.725312 -0.295014 0.542560
-0.393311 -0.140259 0.303589 -0.764710 -0.272704 0.590265
-0.362427 -0.108887 0.323120 -0.704663 -0.211708 0.628240
-0.308105 -0.072266 0.328369 -0.599047 -0.140505 0.638445
-0.265381 -0.075073 0.347900 -0.515978 -0.145964 0.676420
-0.293091 -0.110474 0.360107 -0.569854 -0.214793 0.700154
-0.369873 -0.117554 0.382080 -0.719141 -0.228559 0.742875
-0.387085 -0.076050 0.430420 -0.752606 -0.147863 0.836862
-0.312012 -0.032471 0.505981 -0.606642 -0.063133 0.983775
-0.220093 -0.012329 0.585327 -0.427925 -0.023971 1.138047
-0.159424 -0.019043 0.629395 -0.309966 -0.037025 1.223727
-0.120605 -0.025391 0.625732 -0.234492 -0.049367 1.216606
-0.090820 -0.016479 0.592285 -0.176581 -0.032041 1.151575
-0.065674 -0.033447 0.550293 -0.127689 -0.065031 1.069930
-0.026489 -0.066284 0.506592 -0.051503 -0.128876 0.984962
0.012573 -0.080811 0.480103 0.024446 -0.157119 0.933459
0.066528 -0.099976 0.474609 0.129350 -0.194382 0.922779
0.133545 -0.097168 0.484131 0.259650 -0.188923 0.941292
0.214478 -0.077271 0.490723 0.417007 -0.150236 0.954108
0.301514 -0.041748 0.486816 0.586231 -0.081170 0.946513
0.394531 -0.022095 0.465820 0.767084 -0.042959 0.905691
0.482910 -0.025635 0.434814 0.938918 -0.049841 0.845406
0.556763 -0.018188 0.397339 1.082509 -0.035364 0.772543
0.617310 0.003540 0.361206 1.200230 0.006883 0.702290
0.663574 0.043091 0.327881 1.290182 0.083781 0.637496
0.712280 0.080078 0.291260 1.384881 0.155695 0.566294
0.764648 0.105103 0.243042 1.486700 0.204350 0.472545
0.808594 0.126587 0.185913 1.572142 0.246122 0.361469
0.850098 0.146118 0.122925 1.652838 0.284096 0.239002
0.886719 0.169067 0.057251 1.724040 0.328716 0.111313
0.907959 0.190430 -0.008545 1.765337 0.370251 -0.016614
0.921631 0.214966 -0.075684 1.791919 0.417956 -0.147151
0.934570 0.243896 -0.142212 1.817077 0.474206 -0.276501
0.948120 0.262207 -0.201416 1.843422 0.509807 -0.391611
0.952148 0.254639 -0.250000 1.851254 0.495092 -0.486073
0.936157 0.241577 -0.292236 1.820163 0.469696 -0.568193
0.906494 0.218018 -0.335571 1.762489 0.423890 -0.652448
0.864868 0.170532 -0.382446 1.681556 0.331564 -0.743587
0.821167 0.126343 -0.426514 1.596588 0.245647 -0.829267
0.792480 0.091919 -0.469727 1.540813 0.178717 -0.913285
0.760498 0.062744 -0.523193 1.478630 0.121993 -1.017240
0.734375 0.040039 -0.576660 1.427839 0.077848 -1.121196
0.723999 0.032471 -0.620972 1.407665 0.063133 -1.207350
0.715454 0.036621 -0.655396 1.391051 0.071202 -1.274280
0.696411 0.043945 -0.677734 1.354026 0.085443 -1.317713
0.659668 0.038452 -0.688354 1.282587 0.074762 -1.338362
0.616455 0.012817 -0.692139 1.198568 0.024921 -1.345719
0.573975 -0.001587 -0.699951 1.115974 -0.003085 -1.360909
0.532471 -0.008911 -0.730469 1.035278 -0.017326 -1.420244
0.490723 -0.016724 -0.780396 0.954108 -0.032516 -1.517316
0.454712 -0.006958 -0.826782 0.884093 -0.013528 -1.607506
0.425781 0.037720 -0.855591 0.827843 0.073338 -1.663518
0.412109 0.066406 -0.870117 0.801261 0.129113 -1.691761
0.372437 0.084351 -0.877808 0.724125 0.164002 -1.706714
0.328369 0.091919 -0.889404 0.638445 0.178717 -1.729261
0.274170 0.057495 -0.916748 0.533066 0.111787 -1.782426
0.178467 -0.013428 -0.954590 0.346992 -0.026107 -1.856001
0.068359 -0.078247 -0.998169 0.132911 -0.152135 -1.940732
-0.017212 -0.111572 -1.038330 -0.033465 -0.216929 -2.018816
-0.075195 -0.115356 -1.075806 -0.146202 -0.224287 -2.091680
-0.102051 -0.101929 -1.095581 -0.198416 -0.198179 -2.130129
-0.107056 -0.068726 -1.077881 -0.208147 -0.133623 -2.095715
-0.095581 -0.007324 -1.033203 -0.185837 -0.014240 -2.008848
-0.075073 0.048950 -0.971313 -0.145964 0.095173 -1.888517
-0.073975 0.097778 -0.924072 -0.143828 0.190110 -1.796666
-0.088867 0.139771 -0.904541 -0.172784 0.271755 -1.758692
-0.101563 0.125366 -0.896484 -0.197467 0.243748 -1.743027
-0.136597 0.092773 -0.906372 -0.265584 0.180379 -1.762252
-0.206421 0.029419 -0.917847 -0.401342 0.057199 -1.784562
-0.286011 -0.021729 -0.916260 -0.556088 -0.042247 -1.781476
-0.346313 -0.035645 -0.904297 -0.673334 -0.069303 -1.758217
-0.390991 -0.050171 -0.878296 -0.760201 -0.097547 -1.707663
-0.439087 -0.030518 -0.833374 -0.853713 -0.059335 -1.620322
-0.505615 -0.005981 -0.789673 -0.983063 -0.011630 -1.535354
-0.569214 0.007813 -0.760742 -1.106718 0.015190 -1.479105
-0.618530 0.019531 -0.734131 -1.202603 0.037974 -1.427364
-0.648804 0.012573 -0.701416 -1.261464 0.024446 -1.363757
-0.658447 -0.013550 -0.627686 -1.280213 -0.026345 -1.220404
-0.649658 -0.000488 -0.517090 -1.263125 -0.000949 -1.005373
-0.609741 0.021606 -0.411377 -1.185515 0.042009 -0.799837
-0.596802 0.071777 -0.319092 -1.160357 0.139556 -0.620408
-0.651978 0.103882 -0.276733 -1.267635 0.201977 -0.538050
-0.715332 0.081421 -0.283447 -1.390814 0.158306 -0.551104
-0.770020 0.049072 -0.304932 -1.497143 0.095411 -0.592876
-0.815308 -0.022461 -0.312866 -1.585196 -0.043671 -0.608303
-0.835693 -0.074219 -0.307739 -1.624832 -0.144303 -0.598335
-0.853394 -0.097168 -0.276611 -1.659246 -0.188923 -0.537813
-0.883789 -0.113281 -0.242188 -1.718344 -0.220252 -0.470883
-0.958862 -0.159058 -0.255005 -1.864308 -0.309254 -0.495804
-0.984131 -0.101074 -0.220581 -1.913437 -0.196518 -0.428874
-0.922241 -0.069946 -0.122681 -1.793106 -0.135996 -0.238527
-0.842407 -0.059937 -0.034058 -1.637885 -0.116534 -0.066218
-0.791260 -0.047852 0.031494 -1.538440 -0.093037 0.061234
-0.749756 -0.040649 0.094604 -1.457744 -0.079034 0.183939
-0.718018 -0.043945 0.152954 -1.396036 -0.085443 0.297387
-0.680908 -0.063232 0.195313 -1.323884 -0.122942 0.379744
-0.642334 -0.088257 0.226196 -1.248885 -0.171597 0.439792
-0.612061 -0.142334 0.247070 -1.190024 -0.276739 0.480377
-0.610840 -0.202026 0.268188 -1.187651 -0.392798 0.521437
-0.628540 -0.247803 0.296387 -1.222065 -0.481801 0.576262
-0.646484 -0.265381 0.330566 -1.256954 -0.515978 0.642717
-0.671875 -0.276855 0.369629 -1.306321 -0.538288 0.718666
-0.672607 -0.268311 0.411011 -1.307745 -0.521674 0.799125
-0.625854 -0.244873 0.448486 -1.216844 -0.476105 0.871988
-0.552856 -0.227539 0.485962 -1.074914 -0.442402 0.944852
-0.489380 -0.208740 0.522217 -0.951497 -0.405852 1.015342
-0.448242 -0.192871 0.550415 -0.871514 -0.374998 1.070167
-0.424683 -0.177368 0.583496 -0.825707 -0.344855 1.134487
-0.414429 -0.178955 0.619873 -0.805770 -0.347941 1.205214
-0.415771 -0.215210 0.644531 -0.808381 -0.418431 1.253157
-0.425659 -0.280151 0.671875 -0.827606 -0.544696 1.306321
-0.403931 -0.287842 0.706421 -0.785359 -0.559648 1.373488
-0.341675 -0.263428 0.712646 -0.664315 -0.512180 1.385593
-0.270752 -0.232056 0.690430 -0.526421 -0.451184 1.342397
-0.204346 -0.198853 0.645752 -0.397308 -0.386627 1.255530
-0.146973 -0.185303 0.601440 -0.285758 -0.360283 1.169376
-0.093872 -0.168335 0.585815 -0.182515 -0.327292 1.138996
-0.030518 -0.148926 0.589722 -0.059335 -0.289555 1.146591
0.038574 -0.127319 0.602783 0.075000 -0.247546 1.171986
0.094116 -0.122803 0.611328 0.182989 -0.238764 1.188600
0.129639 -0.143799 0.609497 0.252055 -0.279587 1.185040
0.156006 -0.178955 0.594238 0.303321 -0.347941 1.155373
0.170898 -0.198608 0.563477 0.332276 -0.386153 1.095563
0.184082 -0.210815 0.512939 0.357909 -0.409887 0.997304
0.201050 -0.218384 0.455811 0.390899 -0.424602 0.886229
0.214844 -0.215332 0.406250 0.417719 -0.418668 0.789868
0.233398 -0.213989 0.367188 0.453795 -0.416058 0.713920
0.262329 -0.218506 0.340454 0.510044 -0.424839 0.661942
0.287354 -0.208740 0.334351 0.558699 -0.405852 0.650075
0.297607 -0.190063 0.326538 0.578636 -0.369539 0.634885
0.305542 -0.199097 0.291138 0.594063 -0.387102 0.566057
0.305298 -0.203003 0.266602 0.593588 -0.394697 0.518351
0.303223 -0.215088 0.254395 0.589553 -0.418194 0.494617
0.301636 -0.227905 0.239502 0.586468 -0.443114 0.465662
0.294067 -0.238647 0.219238 0.571753 -0.464000 0.426263
0.275635 -0.238770 0.196289 0.535914 -0.464238 0.381643
0.253052 -0.224487 0.174927 0.492006 -0.436469 0.340109
0.232788 -0.206421 0.148193 0.452608 -0.401342 0.288131
0.207764 -0.191772 0.121826 0.403953 -0.372862 0.236866
0.169800 -0.180420 0.097656 0.330140 -0.350789 0.189872
