-0.385864 -0.376099 -0.176758 -0.750233 -0.731245 -0.343669
-0.502075 -0.364136 -0.220337 -0.976181 -0.707986 -0.428399
-0.571045 -0.357666 -0.270020 -1.110278 -0.695407 -0.524997
-0.568115 -0.304443 -0.225708 -1.104582 -0.591927 -0.438842
-0.539551 -0.293701 -0.088135 -1.049044 -0.571041 -0.171360
-0.509644 -0.345093 0.070190 -0.990896 -0.670961 0.136471
-0.490112 -0.256226 0.157593 -0.952921 -0.498177 0.306406
-0.436157 -0.189453 0.216431 -0.848017 -0.368352 0.420804
-0.393311 -0.124512 0.263428 -0.764710 -0.242087 0.512180
-0.365234 -0.061401 0.306641 -0.710122 -0.119382 0.596199
-0.357788 -0.025269 0.349731 -0.695644 -0.049129 0.679980
-0.393066 -0.032349 0.381470 -0.764236 -0.062895 0.741688
-0.440918 -0.044189 0.396851 -0.857273 -0.085917 0.771593
-0.459595 -0.061157 0.397827 -0.893586 -0.118907 0.773492
-0.458496 -0.088501 0.394287 -0.891450 -0.172072 0.766609
-0.453125 -0.141113 0.405396 -0.881007 -0.274365 0.788207
-0.445435 -0.170166 0.440186 -0.866055 -0.330852 0.855849
-0.413330 -0.143188 0.495605 -0.803634 -0.278400 0.963602
-0.345825 -0.061401 0.557495 -0.672385 -0.119382 1.083933
-0.267578 0.033569 0.615479 -0.520250 0.065269 1.196670
-0.190674 0.102783 0.669556 -0.370726 0.199841 1.301811
-0.123657 0.114624 0.706299 -0.240426 0.222863 1.373251
-0.094604 0.095947 0.718140 -0.183939 0.186549 1.396273
-0.087769 0.056641 0.698608 -0.170648 0.110126 1.358298
-0.070923 -0.001831 0.656982 -0.137895 -0.003560 1.277365
-0.036377 -0.048096 0.609741 -0.070727 -0.093512 1.185515
0.011108 -0.062134 0.556519 0.021598 -0.120806 1.082034
0.071411 -0.054077 0.505371 0.138844 -0.105142 0.982589
0.137695 -0.041504 0.468628 0.267720 -0.080696 0.911149
0.212158 -0.034180 0.443604 0.412497 -0.066455 0.862495
0.299805 -0.013916 0.417603 0.582908 -0.027057 0.811941
0.391846 0.023193 0.385864 0.761862 0.045095 0.750233
0.483154 0.033447 0.350098 0.939393 0.065031 0.680692
0.573975 0.037720 0.307983 1.115974 0.073338 0.598810
0.652710 0.052124 0.249146 1.269058 0.101344 0.484412
0.719360 0.084473 0.185303 1.398646 0.164239 0.360283
0.790649 0.120850 0.132080 1.537253 0.234967 0.256802
0.864868 0.143311 0.096313 1.681556 0.278637 0.187261
0.930908 0.152344 0.065430 1.809957 0.296201 0.127214
0.981201 0.155029 0.035767 1.907741 0.301422 0.069541
1.014038 0.149414 0.000488 1.971586 0.290505 0.000949
1.037964 0.137939 -0.047241 2.018105 0.268195 -0.091851
1.051025 0.114868 -0.108398 2.043500 0.223337 -0.210758
1.063232 0.083496 -0.174438 2.067234 0.162341 -0.339159
1.070313 0.056641 -0.250488 2.081000 0.110126 -0.487022
1.065552 0.040283 -0.342163 2.071743 0.078322 -0.665265
1.050415 0.033447 -0.442505 2.042313 0.065031 -0.860359
1.021851 0.038940 -0.521362 1.986776 0.075712 -1.013680
0.980713 0.025269 -0.565674 1.906792 0.049129 -1.099835
0.949463 0.003540 -0.594360 1.846033 0.006883 -1.155610
0.925537 -0.002197 -0.641724 1.799514 -0.004272 -1.247698
0.886230 0.001099 -0.703613 1.723090 0.002136 -1.368029
0.851074 0.001465 -0.761475 1.654737 0.002848 -1.480529
0.841431 0.031250 -0.817627 1.635987 0.060759 -1.589705
0.851196 0.050781 -0.866455 1.654974 0.098734 -1.684641
0.858398 0.048462 -0.905762 1.668977 0.094224 -1.761065
0.824463 0.061523 -0.950439 1.602996 0.119620 -1.847932
0.743896 0.082397 -1.020020 1.446352 0.160205 -1.983215
0.650024 0.108276 -1.094238 1.263837 0.210521 -2.127518
0.573242 0.140991 -1.146729 1.114550 0.274128 -2.229575
0.521362 0.142090 -1.172729 1.013680 0.276264 -2.280128
0.465332 0.109985 -1.183960 0.904741 0.213844 -2.301963
0.392456 0.091553 -1.186279 0.763049 0.178005 -2.306473
0.308594 0.099365 -1.203857 0.599996 0.193195 -2.340650
0.213623 0.075806 -1.245850 0.415345 0.147388 -2.422295
0.097290 0.075806 -1.252319 0.189160 0.147388 -2.434874
0.001465 0.060181 -1.213257 0.002848 0.117009 -2.358925
-0.051025 0.023315 -1.145874 -0.099208 0.045332 -2.227913
-0.083008 0.027710 -1.078003 -0.161391 0.053876 -2.095952
-0.132446 0.053833 -1.029907 -0.257514 0.104667 -2.002440
-0.195068 0.060669 -0.990967 -0.379270 0.117958 -1.926728
-0.253784 0.047485 -0.939575 -0.493430 0.092325 -1.826808
-0.323853 0.012695 -0.871582 -0.629664 0.024683 -1.694610
-0.396240 -0.062378 -0.785400 -0.770407 -0.121281 -1.527047
-0.439819 -0.098877 -0.709595 -0.855137 -0.192246 -1.379659
-0.438843 -0.071533 -0.636353 -0.853238 -0.139081 -1.237255
-0.433594 -0.042358 -0.551758 -0.843033 -0.082357 -1.072778
-0.443726 0.009277 -0.487671 -0.862732 0.018038 -0.948174
-0.470703 0.051636 -0.463745 -0.915184 0.100395 -0.901656
-0.536865 0.059204 -0.481812 -1.043823 0.115110 -0.936782
-0.617798 0.027588 -0.478027 -1.201179 0.053639 -0.929425
-0.690308 -0.039795 -0.437378 -1.342159 -0.077373 -0.850390
-0.728271 -0.074219 -0.374023 -1.415972 -0.144303 -0.727211
-0.735840 -0.084717 -0.311157 -1.430687 -0.164714 -0.604980
-0.722046 -0.080811 -0.237305 -1.403868 -0.157119 -0.461390
-0.718262 -0.073364 -0.176025 -1.396510 -0.142642 -0.342245
-0.738159 -0.047485 -0.168457 -1.435197 -0.092325 -0.327530
-0.778442 -0.020508 -0.189819 -1.513519 -0.039873 -0.369064
-0.826660 -0.034668 -0.189209 -1.607268 -0.067405 -0.367877
-0.876465 -0.057495 -0.159668 -1.704103 -0.111787 -0.310441
-0.938110 -0.092041 -0.158203 -1.823960 -0.178955 -0.307593
-0.904663 -0.084229 -0.116455 -1.758929 -0.163765 -0.226423
-0.785156 -0.086670 -0.009766 -1.526573 -0.168512 -0.018987
-0.677002 -0.082397 0.080444 -1.316289 -0.160205 0.156407
-0.633545 -0.063721 0.126465 -1.231796 -0.123892 0.245885
-0.658813 -0.048340 0.154785 -1.280926 -0.093987 0.300947
-0.685059 -0.070313 0.162354 -1.331954 -0.136708 0.315663
-0.682007 -0.104980 0.162354 -1.326020 -0.204113 0.315663
-0.662476 -0.163818 0.165039 -1.288046 -0.318511 0.320884
-0.649048 -0.207520 0.175415 -1.261938 -0.403478 0.341058
-0.644531 -0.228638 0.204590 -1.253157 -0.444538 0.397782
-0.641479 -0.249878 0.251831 -1.247223 -0.485836 0.489633
-0.631592 -0.265137 0.310669 -1.227999 -0.515503 0.604031
-0.606812 -0.261230 0.360352 -1.179819 -0.507908 0.700629
-0.568726 -0.238892 0.391602 -1.105768 -0.464475 0.761388
-0.528809 -0.227295 0.409180 -1.028158 -0.441928 0.795565
-0.477417 -0.225464 0.425781 -0.928238 -0.438368 0.827843
-0.417725 -0.206299 0.444580 -0.812178 -0.401105 0.864393
-0.375244 -0.179810 0.464233 -0.729584 -0.349602 0.902605
-0.366333 -0.173828 0.480957 -0.712258 -0.337973 0.935121
-0.382324 -0.197021 0.495728 -0.743350 -0.383067 0.963839
-0.401978 -0.207031 0.523315 -0.781562 -0.402529 1.017478
-0.409302 -0.202515 0.561035 -0.795802 -0.393748 1.090816
-0.396973 -0.215820 0.584473 -0.771831 -0.419618 1.136385
-0.365601 -0.233276 0.604370 -0.710834 -0.453557 1.175072
-0.330933 -0.256348 0.596313 -0.643430 -0.498415 1.159407
-0.289185 -0.287109 0.580444 -0.562259 -0.558224 1.128553
-0.254883 -0.266846 0.563965 -0.495567 -0.518826 1.096512
-0.249756 -0.247070 0.546875 -0.485598 -0.480377 1.063285
-0.247559 -0.244507 0.542114 -0.481326 -0.475393 1.054028
-0.235718 -0.256836 0.547363 -0.458304 -0.499364 1.064234
-0.215332 -0.297363 0.555664 -0.418668 -0.578161 1.080373
-0.193970 -0.325073 0.546387 -0.377134 -0.632037 1.062335
-0.177002 -0.336426 0.504028 -0.344143 -0.654110 0.979978
-0.163696 -0.334229 0.450195 -0.318273 -0.649838 0.875311
-0.156860 -0.320679 0.402344 -0.304982 -0.623493 0.782274
-0.117920 -0.302002 0.359985 -0.229271 -0.587180 0.699916
-0.050049 -0.273682 0.332642 -0.097310 -0.532117 0.646752
0.018188 -0.232910 0.329956 0.035364 -0.452845 0.641531
0.075928 -0.193237 0.326294 0.147626 -0.375710 0.634411
0.114258 -0.179443 0.305420 0.222151 -0.348890 0.593825
0.125366 -0.171753 0.276367 0.243748 -0.333938 0.537338
0.123901 -0.159302 0.240234 0.240900 -0.309729 0.467086
0.132202 -0.163574 0.200806 0.257040 -0.318036 0.390425
0.156982 -0.166504 0.169189 0.305220 -0.323732 0.328954
0.183594 -0.152222 0.150269 0.356960 -0.295963 0.292166
0.199219 -0.131348 0.134888 0.387339 -0.255378 0.262261
0.197510 -0.108154 0.117676 0.384017 -0.210283 0.228796
0.192749 -0.086060 0.096069 0.374760 -0.167325 0.186787
0.187500 -0.080933 0.065796 0.364555 -0.157357 0.127926
0.173340 -0.086792 0.036743 0.337023 -0.168749 0.071439
0.151855 -0.101074 0.012451 0.295251 -0.196518 0.024209
0.132446 -0.123047 0.000366 0.257514 -0.239239 0.000712
0.105591 -0.129150 0.010010 0.205299 -0.251106 0.019462
0.081055 -0.128052 0.016479 0.157594 -0.248970 0.032041
0.069824 -0.120850 0.021851 0.135759 -0.234967 0.042484
0.076660 -0.095581 0.029419 0.149050 -0.185837 0.057199
0.075562 -0.075195 0.025024 0.146914 -0.146202 0.048655
0.059814 -0.062988 0.009277 0.116297 -0.122468 0.018038
0.044434 -0.054443 -0.007813 0.086392 -0.105854 -0.015190
