-0.379150 -0.136719 -0.202148 -0.737179 -0.265821 -0.393036
-0.570557 -0.069580 -0.245361 -1.109329 -0.135284 -0.477054
-0.678711 -0.055786 -0.232788 -1.319612 -0.108465 -0.452608
-0.689331 -0.117676 -0.156982 -1.340261 -0.228796 -0.305220
-0.462646 -0.239868 -0.035034 -0.899520 -0.466374 -0.068117
-0.252930 -0.173828 0.042603 -0.491769 -0.337973 0.082832
-0.212280 -0.113037 0.051758 -0.412735 -0.219777 0.100632
-0.238525 -0.110229 0.054565 -0.463763 -0.214318 0.106091
-0.262451 -0.093872 0.074463 -0.510282 -0.182515 0.144778
-0.265015 -0.083496 0.112427 -0.515266 -0.162341 0.218590
-0.250000 -0.071045 0.160034 -0.486073 -0.138132 0.311153
-0.224121 -0.035278 0.198364 -0.435757 -0.068591 0.385678
-0.205200 0.014648 0.233887 -0.398969 0.028481 0.454744
-0.197632 0.034790 0.278687 -0.384254 0.067642 0.541848
-0.200806 0.024780 0.322876 -0.390425 0.048180 0.627765
-0.232788 0.003174 0.363281 -0.452608 0.006171 0.706325
-0.288696 -0.032593 0.405396 -0.561310 -0.063370 0.788207
-0.323730 -0.056274 0.444092 -0.629426 -0.109414 0.863444
-0.320801 -0.067139 0.478638 -0.623730 -0.130537 0.930611
-0.290039 -0.057129 0.525391 -0.563920 -0.111075 1.021513
-0.226563 -0.029175 0.602295 -0.440504 -0.056724 1.171037
-0.131836 0.013794 0.705688 -0.256328 0.026819 1.372064
-0.012451 0.092285 0.827637 -0.024209 0.179429 1.609167
0.129395 0.258057 0.946899 0.251581 0.501737 1.841049
0.305786 0.434814 1.038330 0.594537 0.845406 2.018816
0.471191 0.538086 1.098633 0.916134 1.046196 2.136063
0.589844 0.583374 1.124268 1.146828 1.134249 2.185904
0.684326 0.579834 1.120850 1.330530 1.127366 2.179259
0.758057 0.568115 1.116699 1.473883 1.104582 2.171189
0.793945 0.602295 1.083008 1.543661 1.171037 2.105683
0.825562 0.613281 1.019653 1.605132 1.192398 1.982503
0.878540 0.584106 0.949707 1.708138 1.135673 1.846507
0.937500 0.509888 0.866333 1.822773 0.991370 1.684404
1.000244 0.422607 0.788696 1.944766 0.821672 1.533456
1.075806 0.364380 0.738159 2.091680 0.708461 1.435197
1.132080 0.308350 0.697876 2.201094 0.599522 1.356874
1.160889 0.262939 0.642334 2.257106 0.511231 1.248885
1.190186 0.254517 0.583252 2.314068 0.494854 1.134012
1.233521 0.247070 0.513184 2.398324 0.480377 0.997779
1.233276 0.210205 0.400757 2.397849 0.408700 0.779188
1.166504 0.153809 0.262573 2.268024 0.299049 0.510519
1.106934 0.066650 0.113403 2.152202 0.129588 0.220489
1.067017 -0.018555 -0.025879 2.074591 -0.036076 -0.050316
1.012329 -0.086304 -0.148560 1.968263 -0.167800 -0.288843
0.968628 -0.129028 -0.250488 1.883295 -0.250869 -0.487022
0.963745 -0.130859 -0.328125 1.873802 -0.254429 -0.637971
0.962524 -0.112549 -0.404297 1.871428 -0.218828 -0.786071
0.947876 -0.084961 -0.490112 1.842947 -0.165189 -0.952921
0.921997 -0.081665 -0.580078 1.792631 -0.158781 -1.127841
0.885986 -0.127441 -0.656494 1.722616 -0.247783 -1.276416
0.833008 -0.172119 -0.703369 1.619610 -0.334650 -1.367555
0.786987 -0.226929 -0.738525 1.530133 -0.441216 -1.435909
0.753784 -0.274048 -0.791992 1.465576 -0.532829 -1.539864
0.775024 -0.315186 -0.880615 1.506873 -0.612813 -1.712173
0.834961 -0.376953 -0.970215 1.623408 -0.732907 -1.886381
0.924683 -0.386963 -1.054443 1.797853 -0.752369 -2.050145
1.033081 -0.380981 -1.137817 2.008611 -0.740739 -2.212249
1.101074 -0.363281 -1.210571 2.140809 -0.706325 -2.353703
1.121094 -0.296265 -1.277832 2.179733 -0.576025 -2.484478
1.125122 -0.211426 -1.359985 2.187565 -0.411073 -2.644208
1.125488 -0.148193 -1.432495 2.188277 -0.288131 -2.785188
1.110107 -0.114136 -1.480469 2.158373 -0.221913 -2.878463
1.033081 -0.136353 -1.493652 2.008611 -0.265109 -2.904096
0.857544 -0.164429 -1.477905 1.667315 -0.319697 -2.873479
0.465210 -0.075195 -1.407349 0.904504 -0.146202 -2.736296
-0.034302 -0.008057 -1.329834 -0.066693 -0.015664 -2.585585
-0.388672 -0.124756 -1.253784 -0.755691 -0.242562 -2.437722
-0.562256 -0.219360 -1.222168 -1.093189 -0.426500 -2.376251
-0.621094 -0.223877 -1.269043 -1.207587 -0.435282 -2.467390
-0.627441 -0.206787 -1.348877 -1.219929 -0.402054 -2.622610
-0.599487 -0.165161 -1.430176 -1.165578 -0.321121 -2.780679
-0.541992 -0.058960 -1.492676 -1.053791 -0.114635 -2.902197
-0.480225 0.058350 -1.537598 -0.933697 0.113449 -2.989538
-0.473999 0.089355 -1.545166 -0.921592 0.173733 -3.004253
-0.510864 0.048462 -1.469604 -0.993269 0.094224 -2.857340
-0.568726 -0.040771 -1.336548 -1.105768 -0.079272 -2.598639
-0.617920 -0.123535 -1.166016 -1.201416 -0.240188 -2.267074
-0.635742 -0.135986 -0.990479 -1.236068 -0.264397 -1.925779
-0.657715 -0.115479 -0.863159 -1.278789 -0.224524 -1.678233
-0.702515 -0.097412 -0.804443 -1.365893 -0.189398 -1.564072
-0.778320 -0.087769 -0.812378 -1.513282 -0.170648 -1.579500
-0.846069 -0.109497 -0.846924 -1.645005 -0.212894 -1.646667
-0.865723 -0.149170 -0.883789 -1.683217 -0.290030 -1.718344
-0.851929 -0.199585 -0.917114 -1.656398 -0.388051 -1.783138
-0.812988 -0.239746 -0.942993 -1.580686 -0.466136 -1.833454
-0.772461 -0.258423 -0.976929 -1.501889 -0.502449 -1.899434
-0.740479 -0.272705 -0.981812 -1.439706 -0.530218 -1.908928
-0.740601 -0.265625 -0.954956 -1.439944 -0.516452 -1.856713
-0.806641 -0.232788 -0.892212 -1.568345 -0.452608 -1.734720
-1.052368 -0.037354 -0.742310 -2.046111 -0.072626 -1.443266
-1.384521 0.035645 -0.793091 -2.691914 0.069303 -1.542000
-1.504639 -0.123779 -0.968384 -2.925456 -0.240663 -1.882820
-1.358276 -0.126831 -0.890747 -2.640885 -0.246597 -1.731872
-1.025757 -0.096436 -0.610229 -1.994370 -0.187499 -1.186464
-0.695557 -0.092896 -0.355591 -1.352365 -0.180616 -0.691372
-0.550049 -0.130737 -0.211548 -1.069455 -0.254191 -0.411311
-0.575806 -0.208374 -0.156006 -1.119534 -0.405140 -0.303321
-0.666870 -0.264038 -0.167725 -1.296590 -0.513367 -0.326106
-0.730591 -0.287964 -0.180542 -1.420482 -0.559886 -0.351026
-0.727539 -0.272705 -0.141724 -1.414548 -0.530218 -0.275552
-0.675781 -0.240356 -0.048096 -1.313916 -0.467323 -0.093512
-0.618042 -0.234131 0.079712 -1.201654 -0.455219 0.154983
-0.587280 -0.256592 0.212036 -1.141844 -0.498889 0.412260
-0.548218 -0.288574 0.330200 -1.065895 -0.561072 0.642005
-0.505859 -0.299316 0.422974 -0.983538 -0.581958 0.822384
-0.477661 -0.294556 0.510620 -0.928713 -0.572702 0.992794
-0.453613 -0.270996 0.596924 -0.881957 -0.526895 1.160594
-0.426392 -0.215454 0.643921 -0.829030 -0.418906 1.251970
-0.421265 -0.171021 0.640747 -0.819061 -0.332514 1.245799
-0.409180 -0.161377 0.655762 -0.795565 -0.313764 1.274992
-0.401978 -0.169189 0.672852 -0.781562 -0.328954 1.308220
-0.390869 -0.208374 0.697021 -0.759964 -0.405140 1.355213
-0.362549 -0.284912 0.752930 -0.704901 -0.553952 1.463915
-0.320435 -0.357666 0.816040 -0.623018 -0.695407 1.586620
-0.274048 -0.382202 0.867554 -0.532829 -0.743112 1.686777
-0.232666 -0.367188 0.904785 -0.452371 -0.713920 1.759166
-0.194946 -0.328979 0.919556 -0.379032 -0.639632 1.787884
-0.152588 -0.269409 0.910034 -0.296675 -0.523810 1.769372
-0.093872 -0.198730 0.893799 -0.182515 -0.386390 1.737806
-0.021362 -0.149170 0.890625 -0.041535 -0.290030 1.731635
0.053589 -0.118042 0.863525 0.104192 -0.229508 1.678945
0.132446 -0.113525 0.828735 0.257514 -0.220726 1.611303
0.174805 -0.143799 0.785156 0.339871 -0.279587 1.526573
0.162354 -0.213013 0.723145 0.315663 -0.414159 1.406004
0.104858 -0.261353 0.625000 0.203875 -0.508146 1.215182
0.037598 -0.255981 0.520142 0.073101 -0.497703 1.011307
0.011841 -0.222656 0.437866 0.023022 -0.432909 0.851340
0.049927 -0.172974 0.380127 0.097072 -0.336311 0.739078
0.101563 -0.114258 0.323608 0.197467 -0.222151 0.629189
0.107056 -0.073364 0.261841 0.208147 -0.142642 0.509095
0.088135 -0.054688 0.199951 0.171360 -0.106328 0.388763
0.083618 -0.040405 0.151001 0.162578 -0.078560 0.293590
0.089600 -0.024414 0.115234 0.174208 -0.047468 0.224049
0.090332 -0.012817 0.083618 0.175632 -0.024921 0.162578
0.080566 -0.032349 0.066040 0.156645 -0.062895 0.128401
0.073486 -0.052124 0.057495 0.142879 -0.101344 0.111787
0.072876 -0.055542 0.041626 0.141692 -0.107990 0.080933
0.064697 -0.051025 0.023560 0.125790 -0.099208 0.045807
0.051147 -0.050537 0.015869 0.099446 -0.098259 0.030854
0.049316 -0.054199 0.008789 0.095885 -0.105379 0.017089
0.062744 -0.047729 -0.003906 0.121993 -0.092800 -0.007595
0.060791 -0.031738 -0.015503 0.118195 -0.061708 -0.030142
0.023193 -0.046753 -0.022949 0.045095 -0.090901 -0.044620
-0.003784 -0.066528 -0.034180 -0.007358 -0.129350 -0.066455
0.003540 -0.063477 -0.051880 0.006883 -0.123417 -0.100870
0.026611 -0.063965 -0.055542 0.051740 -0.124366 -0.107990
0.029297 -0.067505 -0.047852 0.056962 -0.131249 -0.093037
0.004761 -0.099243 -0.040283 0.009256 -0.192958 -0.078322
-0.023438 -0.115112 -0.038330 -0.045569 -0.223812 -0.074525
-0.025513 -0.108032 -0.032593 -0.049604 -0.210046 -0.063370
