-0.414551 -0.338623 0.255127 -0.806008 -0.658382 0.496041
-0.448364 -0.306152 0.232056 -0.871751 -0.595249 0.451184
-0.467163 -0.277954 0.212646 -0.908301 -0.540424 0.413447
-0.492310 -0.259521 0.229370 -0.957193 -0.504585 0.445962
-0.511475 -0.243530 0.238647 -0.994456 -0.473494 0.464000
-0.529419 -0.226929 0.236938 -1.029345 -0.441216 0.460678
-0.536011 -0.224365 0.257324 -1.042161 -0.436231 0.500313
-0.497681 -0.228027 0.297729 -0.967636 -0.443352 0.578873
-0.408691 -0.194580 0.355957 -0.794615 -0.378320 0.692084
-0.305298 -0.155273 0.417236 -0.593588 -0.301897 0.811229
-0.220093 -0.116211 0.482910 -0.427925 -0.225948 0.938918
-0.175659 -0.037476 0.546753 -0.341533 -0.072863 1.063047
-0.168579 0.036865 0.581299 -0.327767 0.071677 1.130214
-0.173584 0.041626 0.599365 -0.337498 0.080933 1.165341
-0.192505 0.008789 0.615723 -0.374286 0.017089 1.197144
-0.224854 -0.009399 0.626099 -0.437181 -0.018275 1.217318
-0.260986 -0.002197 0.622070 -0.507434 -0.004272 1.209486
-0.266357 -0.002319 0.597900 -0.517877 -0.004509 1.162493
-0.218384 -0.010376 0.576904 -0.424602 -0.020174 1.121670
-0.161499 0.011475 0.560425 -0.314001 0.022310 1.089629
-0.121704 0.047607 0.550293 -0.236628 0.092563 1.069930
-0.081299 0.068481 0.547607 -0.158069 0.133148 1.064708
-0.028931 0.081299 0.547729 -0.056250 0.158069 1.064946
0.031738 0.097656 0.537842 0.061708 0.189872 1.045721
0.086060 0.110718 0.514282 0.167325 0.215268 0.999915
0.131836 0.087524 0.485229 0.256328 0.170173 0.943428
0.182251 0.051880 0.466064 0.354349 0.100870 0.906165
0.244873 0.024048 0.442261 0.476105 0.046756 0.859884
0.328003 0.014038 0.403442 0.637733 0.027294 0.784410
0.406616 0.032593 0.356934 0.790581 0.063370 0.693983
0.471069 0.071411 0.307495 0.915896 0.138844 0.597860
0.546509 0.132446 0.271973 1.062572 0.257514 0.528794
0.656738 0.199829 0.252563 1.276891 0.388526 0.491057
0.785767 0.260498 0.239746 1.527759 0.506484 0.466136
0.914063 0.307129 0.228516 1.777204 0.597148 0.444301
1.027588 0.342041 0.223511 1.997931 0.665027 0.434570
1.122681 0.373901 0.228149 2.182819 0.726973 0.443589
1.199219 0.381836 0.230225 2.331631 0.742400 0.447624
1.255859 0.374023 0.215820 2.441757 0.727211 0.419618
1.302490 0.359131 0.189697 2.532421 0.698255 0.368827
1.345581 0.366211 0.157837 2.616202 0.712021 0.306881
1.375854 0.383789 0.103638 2.675062 0.746198 0.201502
1.395630 0.381714 0.024170 2.713511 0.742163 0.046993
1.406738 0.377197 -0.059570 2.735109 0.733381 -0.115822
1.418823 0.362915 -0.142456 2.758606 0.705613 -0.276976
1.405762 0.355713 -0.239868 2.733211 0.691610 -0.466374
1.355103 0.334106 -0.354126 2.634715 0.649600 -0.688524
1.275757 0.291504 -0.485718 2.480443 0.566769 -0.944377
1.204712 0.247681 -0.604736 2.342311 0.481563 -1.175784
1.135498 0.211426 -0.723267 2.207739 0.411073 -1.406241
1.052002 0.191528 -0.843018 2.045398 0.372387 -1.639072
0.989746 0.178101 -0.948242 1.924355 0.346279 -1.843659
0.934082 0.220459 -1.034302 1.816128 0.428637 -2.010984
0.864624 0.250977 -1.114136 1.681081 0.487972 -2.166205
0.780396 0.257202 -1.194580 1.517316 0.500076 -2.322612
0.672119 0.242065 -1.261108 1.306796 0.470646 -2.451962
0.547607 0.213989 -1.330444 1.064708 0.416058 -2.586772
0.438843 0.182739 -1.400391 0.853238 0.355298 -2.722768
0.348511 0.175415 -1.449951 0.677607 0.341058 -2.819128
0.246216 0.183105 -1.469238 0.478715 0.356010 -2.856628
0.112549 0.159424 -1.454224 0.218828 0.309966 -2.827435
-0.014648 0.142334 -1.430420 -0.028481 0.276739 -2.781153
-0.069336 0.139893 -1.369019 -0.134809 0.271992 -2.661771
-0.105347 0.172119 -1.331909 -0.204825 0.334650 -2.589620
-0.191772 0.186401 -1.348999 -0.372862 0.362419 -2.622848
-0.316284 0.173706 -1.403809 -0.614949 0.337735 -2.729413
-0.421753 0.171143 -1.467285 -0.820011 0.332751 -2.852830
-0.474487 0.164429 -1.513550 -0.922542 0.319697 -2.942782
-0.492432 0.142212 -1.511841 -0.957431 0.276501 -2.939459
-0.503296 0.095215 -1.462891 -0.978554 0.185125 -2.844286
-0.540283 0.013550 -1.388550 -1.050468 0.026345 -2.699746
-0.610474 -0.083862 -1.299927 -1.186939 -0.163053 -2.527437
-0.683350 -0.151489 -1.204956 -1.328631 -0.294539 -2.342786
-0.740356 -0.158936 -1.096558 -1.439469 -0.309017 -2.132028
-0.808105 -0.141479 -0.999878 -1.571193 -0.275077 -1.944054
-0.856567 -0.110840 -0.931885 -1.665417 -0.215505 -1.811856
-0.876587 -0.025513 -0.882080 -1.704341 -0.049604 -1.715021
-0.892578 0.013184 -0.874512 -1.735432 0.025633 -1.700306
-0.865601 0.022095 -0.887573 -1.682980 0.042959 -1.725701
-0.804688 0.023438 -0.878418 -1.564547 0.045569 -1.707901
-0.758911 0.000366 -0.854980 -1.475545 0.000712 -1.662331
-0.733643 -0.024170 -0.794678 -1.426415 -0.046993 -1.545085
-0.735962 -0.084595 -0.718628 -1.430925 -0.164477 -1.397222
-0.743042 -0.154907 -0.629395 -1.444690 -0.301185 -1.223727
-0.753174 -0.181641 -0.547607 -1.464390 -0.353162 -1.064708
-0.796875 -0.160522 -0.477417 -1.549357 -0.312102 -0.928238
-0.847656 -0.144653 -0.443359 -1.648091 -0.281248 -0.862020
-0.815796 -0.082520 -0.399170 -1.586145 -0.160442 -0.776103
-0.754517 -0.020386 -0.365967 -1.467000 -0.039636 -0.711546
-0.703979 -0.006958 -0.341309 -1.368741 -0.013528 -0.663603
-0.680054 -0.016724 -0.333252 -1.322223 -0.032516 -0.647939
-0.691528 -0.062378 -0.348511 -1.344533 -0.121281 -0.677607
-0.722412 -0.141846 -0.363770 -1.404580 -0.275789 -0.707274
-0.737549 -0.227295 -0.337646 -1.434010 -0.441928 -0.656483
-0.711548 -0.288574 -0.250122 -1.383456 -0.561072 -0.486310
-0.662720 -0.346069 -0.114014 -1.288520 -0.672860 -0.221676
-0.633789 -0.389771 0.018921 -1.232271 -0.757828 0.036788
-0.637207 -0.404663 0.107666 -1.238916 -0.786783 0.209334
-0.644287 -0.373535 0.155396 -1.252682 -0.726261 0.302134
-0.639404 -0.314453 0.183228 -1.243188 -0.611389 0.356248
-0.609863 -0.261597 0.213623 -1.185752 -0.508620 0.415345
-0.567993 -0.227661 0.253784 -1.104344 -0.442640 0.493430
-0.538086 -0.239380 0.285645 -1.046196 -0.465424 0.555376
-0.521973 -0.276733 0.319824 -1.014867 -0.538050 0.621832
-0.503662 -0.317139 0.366089 -0.979266 -0.616610 0.711784
-0.455078 -0.333984 0.415161 -0.884805 -0.649363 0.807194
-0.407349 -0.318359 0.451050 -0.792005 -0.618983 0.876972
-0.382080 -0.301758 0.482910 -0.742875 -0.586705 0.938918
-0.360596 -0.279175 0.506958 -0.701103 -0.542797 0.985674
-0.316284 -0.261475 0.537109 -0.614949 -0.508383 1.044297
-0.261353 -0.241699 0.569458 -0.508146 -0.469934 1.107192
-0.215698 -0.232910 0.590210 -0.419380 -0.452845 1.147540
-0.184937 -0.254028 0.596191 -0.359571 -0.493905 1.159170
-0.145264 -0.297974 0.591309 -0.282435 -0.579348 1.149676
-0.076904 -0.330688 0.595093 -0.149524 -0.642955 1.157034
-0.018188 -0.342896 0.601196 -0.035364 -0.666689 1.168901
-0.001099 -0.358032 0.595459 -0.002136 -0.696119 1.157746
0.003296 -0.364014 0.574951 0.006408 -0.707749 1.117873
0.019409 -0.339722 0.540649 0.037737 -0.660518 1.051180
0.037598 -0.315063 0.499268 0.073101 -0.612575 0.970722
0.057495 -0.307251 0.452026 0.111787 -0.597386 0.878871
0.079102 -0.309082 0.401245 0.153797 -0.600946 0.780138
0.097656 -0.323608 0.359619 0.189872 -0.629189 0.699205
0.107788 -0.336060 0.322144 0.209571 -0.653398 0.626341
0.110718 -0.332275 0.281738 0.215268 -0.646040 0.547781
0.101685 -0.320557 0.234009 0.197704 -0.623256 0.454981
0.084595 -0.317505 0.192505 0.164477 -0.617322 0.374286
0.082275 -0.301147 0.176270 0.159967 -0.585518 0.342719
0.103760 -0.283447 0.196045 0.201739 -0.551104 0.381168
0.125000 -0.247681 0.205322 0.243036 -0.481563 0.399206
0.125488 -0.218140 0.197632 0.243986 -0.424127 0.384254
0.115601 -0.190918 0.183716 0.224761 -0.371200 0.357197
0.114380 -0.176758 0.165649 0.222388 -0.343669 0.322071
0.121948 -0.172607 0.145020 0.237103 -0.335599 0.281960
0.121704 -0.170654 0.125366 0.236628 -0.331802 0.243748
0.104492 -0.187378 0.106323 0.203163 -0.364317 0.206723
0.095825 -0.205200 0.091919 0.186312 -0.398969 0.178717
0.100342 -0.208374 0.082397 0.195094 -0.405140 0.160205
0.095703 -0.212891 0.072021 0.186075 -0.413921 0.140031
0.084839 -0.228394 0.065430 0.164952 -0.444064 0.127214
0.078125 -0.238770 0.065674 0.151898 -0.464238 0.127689
0.080078 -0.244629 0.075928 0.155695 -0.475630 0.147626
0.095703 -0.234253 0.103271 0.186075 -0.455456 0.200790
0.103882 -0.208862 0.114624 0.201977 -0.406089 0.222863
0.100098 -0.180176 0.110596 0.194619 -0.350314 0.215030
0.088623 -0.153076 0.098389 0.172309 -0.297625 0.191296
0.072510 -0.145020 0.084473 0.140980 -0.281960 0.164239
0.054199 -0.151367 0.064575 0.105379 -0.294302 0.125553
0.044800 -0.162231 0.049316 0.087104 -0.315425 0.095885
0.042114 -0.159546 0.035522 0.081882 -0.310204 0.069066
