-0.434937 -0.520874 -0.016724 -0.845643 -1.012731 -0.032516
-0.526245 -0.535889 -0.029785 -1.023174 -1.041924 -0.057911
-0.618652 -0.559204 -0.026001 -1.202841 -1.087256 -0.050553
-0.598022 -0.495850 0.036255 -1.162730 -0.964076 0.070490
-0.545166 -0.384033 0.122437 -1.059962 -0.746673 0.238052
-0.528198 -0.241943 0.184937 -1.026971 -0.470408 0.359571
-0.539429 -0.101807 0.209351 -1.048807 -0.197942 0.407039
-0.534546 -0.073486 0.217773 -1.039313 -0.142879 0.423415
-0.441650 -0.154663 0.244019 -0.858697 -0.300710 0.474443
-0.324829 -0.210327 0.294800 -0.631562 -0.408937 0.573177
-0.278198 -0.177246 0.384155 -0.540899 -0.344618 0.746910
-0.293701 -0.075928 0.491699 -0.571041 -0.147626 0.956007
-0.267212 0.012817 0.561157 -0.519538 0.024921 1.091053
-0.203857 0.131348 0.596069 -0.396358 0.255378 1.158933
-0.156982 0.226929 0.599976 -0.305220 0.441216 1.166528
-0.141357 0.259399 0.587769 -0.274840 0.504348 1.142793
-0.136353 0.233398 0.592773 -0.265109 0.453795 1.152524
-0.130005 0.176636 0.615234 -0.252767 0.343431 1.196195
-0.107544 0.113037 0.640137 -0.209097 0.219777 1.244612
-0.056763 0.072632 0.654175 -0.110363 0.141217 1.271907
0.022705 0.039673 0.645874 0.044145 0.077136 1.255767
0.135742 0.020752 0.616821 0.263922 0.040348 1.199281
0.265503 0.031372 0.568237 0.516215 0.060996 1.104819
0.381958 0.081543 0.521362 0.742638 0.158543 1.013680
0.479980 0.166382 0.491211 0.933222 0.323495 0.955057
0.576416 0.276733 0.486206 1.120721 0.538050 0.945326
0.684448 0.392822 0.499634 1.330767 0.763761 0.971434
0.791748 0.483887 0.518921 1.539389 0.940817 1.008934
0.890015 0.545166 0.524414 1.730448 1.059962 1.019614
0.973267 0.581665 0.502808 1.892314 1.130926 0.977605
1.036255 0.584961 0.453979 2.014782 1.137335 0.882668
1.082397 0.565674 0.394897 2.104496 1.099835 0.767796
1.122803 0.540283 0.337158 2.183056 1.050468 0.655534
1.155273 0.518677 0.283203 2.246188 1.008459 0.550629
1.169434 0.500366 0.223511 2.273720 0.972858 0.434570
1.167480 0.482178 0.158447 2.269922 0.937494 0.308068
1.168091 0.472534 0.098022 2.271109 0.918744 0.190584
1.160400 0.466553 0.032593 2.256157 0.907115 0.063370
1.133423 0.448242 -0.040161 2.203705 0.871514 -0.078085
1.110596 0.407227 -0.108521 2.159322 0.791767 -0.210996
1.099121 0.352661 -0.165527 2.137012 0.685676 -0.321833
1.072388 0.284424 -0.228516 2.085034 0.553003 -0.444301
1.019409 0.205566 -0.305664 1.982029 0.399681 -0.594300
0.941772 0.130371 -0.390869 1.831080 0.253479 -0.759964
0.867676 0.076172 -0.479736 1.687015 0.148100 -0.932747
0.817993 0.070801 -0.576294 1.590417 0.137657 -1.120484
0.793091 0.084229 -0.674683 1.542000 0.163765 -1.311780
0.779419 0.079346 -0.755737 1.515418 0.154271 -1.469374
0.777222 0.059448 -0.805176 1.511146 0.115585 -1.565497
0.778198 0.036011 -0.843628 1.513044 0.070015 -1.640259
0.777710 0.021729 -0.862549 1.512095 0.042247 -1.677046
0.756470 0.026489 -0.886108 1.470798 0.051503 -1.722853
0.703613 0.036255 -0.913696 1.368029 0.070490 -1.776492
0.627930 0.065186 -0.934082 1.220878 0.126740 -1.816128
0.538940 0.110474 -0.971069 1.047857 0.214793 -1.888042
0.446289 0.145874 -1.018311 0.867716 0.283622 -1.979893
0.359009 0.175049 -1.073364 0.698018 0.340346 -2.086933
0.295776 0.190308 -1.129639 0.575076 0.370014 -2.196347
0.260254 0.214600 -1.174072 0.506009 0.417244 -2.282739
0.233154 0.222778 -1.207275 0.453320 0.433146 -2.347296
0.198853 0.197876 -1.232178 0.386627 0.384729 -2.395713
0.148438 0.159302 -1.249268 0.288606 0.309729 -2.428941
0.063477 0.113159 -1.259277 0.123417 0.220014 -2.448402
-0.040039 0.062256 -1.244873 -0.077848 0.121044 -2.420396
-0.125122 0.039429 -1.198730 -0.243274 0.076661 -2.330682
-0.200562 0.042969 -1.149292 -0.389950 0.083544 -2.234559
-0.273438 0.044678 -1.097412 -0.531642 0.086867 -2.133689
-0.330933 0.061401 -1.040283 -0.643430 0.119382 -2.022614
-0.380493 0.101685 -0.997314 -0.739790 0.197704 -1.939070
-0.439087 0.141235 -0.977417 -0.853713 0.274603 -1.900384
-0.494995 0.153931 -0.976563 -0.962415 0.299286 -1.898722
-0.548706 0.127197 -0.991089 -1.066845 0.247309 -1.926966
-0.598389 0.063843 -0.999023 -1.163442 0.124129 -1.942393
-0.634399 -0.010742 -0.962524 -1.233457 -0.020886 -1.871428
-0.667969 -0.089355 -0.864746 -1.298726 -0.173733 -1.681319
-0.715576 -0.140869 -0.750854 -1.391289 -0.273891 -1.459880
-0.763428 -0.155762 -0.640991 -1.484326 -0.302846 -1.246274
-0.792114 -0.144409 -0.565552 -1.540101 -0.280774 -1.099598
-0.806885 -0.129517 -0.523926 -1.568819 -0.251818 -1.018664
-0.817261 -0.132568 -0.496338 -1.588993 -0.257752 -0.965026
-0.819946 -0.130981 -0.500977 -1.594215 -0.254666 -0.974045
-0.804688 -0.134277 -0.509766 -1.564547 -0.261074 -0.991133
-0.799683 -0.148438 -0.516724 -1.554816 -0.288606 -1.004661
-0.816772 -0.164185 -0.516235 -1.588044 -0.319223 -1.003712
-0.830933 -0.172363 -0.488281 -1.615575 -0.335124 -0.949361
-0.842773 -0.192505 -0.430298 -1.638597 -0.374286 -0.836625
-0.867920 -0.244995 -0.370972 -1.687489 -0.476342 -0.721277
-0.865112 -0.298462 -0.288818 -1.682031 -0.580297 -0.561547
-0.828247 -0.291382 -0.196533 -1.610354 -0.566531 -0.382118
-0.800415 -0.248535 -0.133057 -1.556240 -0.483225 -0.258701
-0.818604 -0.220581 -0.096191 -1.591604 -0.428874 -0.187024
-0.819702 -0.221069 -0.070313 -1.593740 -0.429823 -0.136708
-0.799316 -0.233643 -0.054932 -1.554104 -0.454269 -0.106803
-0.783447 -0.263306 -0.035156 -1.523250 -0.511943 -0.068354
-0.760254 -0.305542 0.000000 -1.478155 -0.594063 0.000000
-0.727173 -0.349609 0.061035 -1.413836 -0.679743 0.118670
-0.695190 -0.398071 0.148560 -1.351653 -0.773967 0.288843
-0.647217 -0.425903 0.255249 -1.258378 -0.828080 0.496279
-0.601074 -0.418091 0.347412 -1.168664 -0.812890 0.675470
-0.580566 -0.386841 0.406616 -1.128790 -0.752131 0.790581
-0.565552 -0.368042 0.420532 -1.099598 -0.715581 0.817637
-0.536377 -0.385254 0.428467 -1.042873 -0.749046 0.833064
-0.463623 -0.376587 0.445313 -0.901418 -0.732195 0.865817
-0.392944 -0.349365 0.462646 -0.763998 -0.679268 0.899520
-0.359863 -0.344849 0.465332 -0.699679 -0.670486 0.904741
-0.337280 -0.372437 0.465454 -0.655771 -0.724125 0.904979
-0.301880 -0.404663 0.470825 -0.586943 -0.786783 0.915421
-0.275391 -0.447510 0.477539 -0.535440 -0.870089 0.928475
-0.253174 -0.468750 0.480835 -0.492244 -0.911387 0.934883
-0.212769 -0.449951 0.492065 -0.413684 -0.874836 0.956719
-0.174316 -0.429443 0.496094 -0.338922 -0.834963 0.964551
-0.153320 -0.411743 0.485229 -0.298099 -0.800549 0.943428
-0.129883 -0.399658 0.463379 -0.252530 -0.777052 0.900944
-0.096680 -0.393921 0.429565 -0.187973 -0.765897 0.835200
-0.062988 -0.396362 0.386108 -0.122468 -0.770644 0.750707
-0.028809 -0.421387 0.348633 -0.056012 -0.819299 0.677844
0.006104 -0.455811 0.335327 0.011867 -0.886229 0.651974
0.031738 -0.467651 0.327637 0.061708 -0.909251 0.637021
0.051025 -0.452759 0.310181 0.099208 -0.880295 0.603082
0.067383 -0.420410 0.288208 0.131012 -0.817400 0.560360
0.077026 -0.395630 0.265625 0.149762 -0.769220 0.516452
0.081055 -0.394165 0.242798 0.157594 -0.766372 0.472070
0.074219 -0.393799 0.208252 0.144303 -0.765660 0.404903
0.053223 -0.391357 0.158203 0.103480 -0.760913 0.307593
0.046021 -0.390869 0.124878 0.089477 -0.759964 0.242799
0.055908 -0.379272 0.125488 0.108702 -0.737416 0.243986
0.061279 -0.360107 0.128174 0.119145 -0.700154 0.249207
0.058105 -0.352905 0.129150 0.112974 -0.686151 0.251106
0.044678 -0.343506 0.131592 0.086867 -0.667876 0.255853
0.029541 -0.324341 0.108398 0.057436 -0.630613 0.210758
0.014526 -0.300781 0.073364 0.028243 -0.584806 0.142642
0.010864 -0.294556 0.040405 0.021123 -0.572702 0.078560
0.032104 -0.278198 0.040527 0.062420 -0.540899 0.078797
0.046387 -0.259277 0.041504 0.090189 -0.504111 0.080696
0.038940 -0.240356 0.023682 0.075712 -0.467323 0.046044
0.037720 -0.218628 0.018066 0.073338 -0.425076 0.035126
0.038452 -0.214844 0.024902 0.074762 -0.417719 0.048417
0.046875 -0.208740 0.029297 0.091139 -0.405852 0.056962
0.053101 -0.199219 0.034668 0.103243 -0.387339 0.067405
0.038574 -0.189209 0.029053 0.075000 -0.367877 0.056487
0.027954 -0.181274 0.020630 0.054351 -0.352450 0.040111
0.020630 -0.172974 0.012817 0.040111 -0.336311 0.024921
0.014648 -0.158325 -0.002686 0.028481 -0.307830 -0.005221
0.020996 -0.156006 -0.005615 0.040823 -0.303321 -0.010918
0.026123 -0.137939 0.001831 0.050791 -0.268195 0.003560
0.019043 -0.126221 0.003540 0.037025 -0.245410 0.006883
0.012451 -0.109741 -0.001465 0.024209 -0.213369 -0.002848
0.011841 -0.096924 -0.002197 0.023022 -0.188448 -0.004272
0.018799 -0.085571 0.000610 0.036550 -0.166376 0.001187
0.023315 -0.082031 0.000366 0.045332 -0.159493 0.000712
