-0.123047 -0.231079 0.174683 -0.239239 -0.449285 0.339634
-0.212646 -0.212769 0.175659 -0.413447 -0.413684 0.341533
-0.288330 -0.216431 0.157349 -0.560598 -0.420804 0.305932
-0.294067 -0.215332 0.161499 -0.571753 -0.418668 0.314001
-0.312622 -0.226685 0.197510 -0.607828 -0.440741 0.384017
-0.350708 -0.229858 0.235352 -0.681879 -0.446912 0.457592
-0.384888 -0.193726 0.264771 -0.748334 -0.376659 0.514791
-0.433594 -0.099854 0.296753 -0.843033 -0.194144 0.576974
-0.467407 -0.013794 0.315918 -0.908776 -0.026819 0.614237
-0.464966 0.030762 0.319458 -0.904029 0.059810 0.621119
-0.432007 0.041748 0.325928 -0.839947 0.081170 0.633699
-0.398071 0.047241 0.350098 -0.773967 0.091851 0.680692
-0.360962 0.055908 0.378296 -0.701815 0.108702 0.735518
-0.320068 0.068848 0.400269 -0.622306 0.133860 0.778239
-0.286987 0.083008 0.420654 -0.557987 0.161391 0.817875
-0.238892 0.069824 0.448486 -0.464475 0.135759 0.871988
-0.191895 0.058228 0.472778 -0.373099 0.113211 0.919219
-0.182129 0.048584 0.474976 -0.354112 0.094461 0.923491
-0.173706 0.039551 0.458862 -0.337735 0.076898 0.892162
-0.132202 0.066895 0.448242 -0.257040 0.130062 0.871514
-0.057861 0.102661 0.445679 -0.112499 0.199603 0.866529
0.015991 0.144043 0.438599 0.031092 0.280062 0.852764
0.085083 0.171021 0.432007 0.165426 0.332514 0.839947
0.145752 0.193115 0.424561 0.283384 0.375472 0.825469
0.197754 0.208862 0.414429 0.384491 0.406089 0.805770
0.254639 0.219727 0.403809 0.495092 0.427213 0.785122
0.328491 0.231445 0.394165 0.638683 0.449997 0.766372
0.421875 0.252930 0.389038 0.820248 0.491769 0.756404
0.514404 0.277588 0.376587 1.000152 0.539712 0.732195
0.587524 0.290771 0.350464 1.142319 0.565345 0.681404
0.640869 0.296509 0.306519 1.246037 0.576500 0.595961
0.680786 0.308716 0.231201 1.323647 0.600234 0.449522
0.717529 0.326416 0.145752 1.395086 0.634648 0.283384
0.752441 0.340698 0.063354 1.462965 0.662417 0.123180
0.790649 0.336548 -0.013916 1.537253 0.654347 -0.027057
0.817017 0.333618 -0.079346 1.588519 0.648651 -0.154271
0.844849 0.339722 -0.131104 1.642632 0.660518 -0.254903
0.863159 0.343628 -0.175415 1.678233 0.668113 -0.341058
0.874634 0.354614 -0.216675 1.700543 0.689474 -0.421279
0.891968 0.367798 -0.255127 1.734245 0.715106 -0.496041
0.919800 0.377808 -0.289185 1.788359 0.734568 -0.562259
0.947266 0.389526 -0.330078 1.841761 0.757353 -0.641768
0.959961 0.404663 -0.390625 1.866444 0.786783 -0.759489
0.953003 0.421021 -0.455688 1.852916 0.818587 -0.885991
0.938721 0.411987 -0.512329 1.825147 0.801023 -0.996117
0.918701 0.372070 -0.551270 1.786223 0.723413 -1.071829
0.891479 0.298462 -0.589111 1.733296 0.580297 -1.145404
0.857056 0.239014 -0.625732 1.666366 0.464712 -1.216606
0.827515 0.222900 -0.655762 1.608930 0.433383 -1.274992
0.824341 0.228394 -0.677002 1.602759 0.444064 -1.316289
0.838989 0.259155 -0.695435 1.631240 0.503873 -1.352128
0.840454 0.304810 -0.710327 1.634088 0.592639 -1.381083
0.815063 0.334229 -0.731567 1.584721 0.649838 -1.422380
0.788696 0.328491 -0.765625 1.533456 0.638683 -1.488598
0.719604 0.330200 -0.807251 1.399121 0.642005 -1.569531
0.623413 0.341919 -0.867310 1.212097 0.664790 -1.686303
0.507690 0.354492 -0.944214 0.987098 0.689236 -1.835827
0.390137 0.343994 -1.019043 0.758540 0.668825 -1.981317
0.287720 0.322144 -1.067505 0.559411 0.626341 -2.075541
0.191040 0.253662 -1.070068 0.371438 0.493193 -2.080525
0.110718 0.161255 -1.039063 0.215268 0.313527 -2.020241
0.057617 0.120239 -1.006348 0.112025 0.233780 -1.956633
0.008301 0.113892 -0.986816 0.016139 0.221438 -1.918659
-0.037842 0.120483 -0.965698 -0.073575 0.234255 -1.877599
-0.071167 0.139771 -0.928833 -0.138369 0.271755 -1.805922
-0.107422 0.145630 -0.897217 -0.208859 0.283147 -1.744451
-0.147095 0.145142 -0.879517 -0.285995 0.282198 -1.710037
-0.211182 0.112427 -0.874634 -0.410599 0.218590 -1.700543
-0.300293 0.056030 -0.856689 -0.583857 0.108939 -1.665654
-0.380371 0.008545 -0.815796 -0.739552 0.016614 -1.586145
-0.431396 -0.047607 -0.771851 -0.838761 -0.092563 -1.500703
-0.472900 -0.089478 -0.734375 -0.919456 -0.173970 -1.427839
-0.518311 -0.118042 -0.696045 -1.007747 -0.229508 -1.353314
-0.563965 -0.131104 -0.661011 -1.096512 -0.254903 -1.285198
-0.618042 -0.126465 -0.638916 -1.201654 -0.245885 -1.242239
-0.677490 -0.121704 -0.608276 -1.317239 -0.236628 -1.182667
-0.726929 -0.142944 -0.572021 -1.413361 -0.277925 -1.112177
-0.746948 -0.168457 -0.531372 -1.452285 -0.327530 -1.033142
-0.747070 -0.207397 -0.487793 -1.452523 -0.403241 -0.948412
-0.748779 -0.239014 -0.426636 -1.455845 -0.464712 -0.829504
-0.770508 -0.265503 -0.342285 -1.498092 -0.516215 -0.665502
-0.789429 -0.283203 -0.288208 -1.534880 -0.550629 -0.560360
-0.807861 -0.287354 -0.247437 -1.570718 -0.558699 -0.481089
-0.824707 -0.286621 -0.198853 -1.603471 -0.557275 -0.386627
-0.822998 -0.254150 -0.150635 -1.600148 -0.494142 -0.292878
-0.817871 -0.197266 -0.116211 -1.590180 -0.383542 -0.225948
-0.820435 -0.156494 -0.096313 -1.595164 -0.304270 -0.187261
-0.829224 -0.132568 -0.085083 -1.612253 -0.257752 -0.165426
-0.836060 -0.115601 -0.053589 -1.625544 -0.224761 -0.104192
-0.838867 -0.137207 -0.044434 -1.631002 -0.266770 -0.086392
-0.800659 -0.198242 -0.012085 -1.556715 -0.385441 -0.023497
-0.758301 -0.258911 0.061279 -1.474358 -0.503399 0.119145
-0.718994 -0.297607 0.135132 -1.397934 -0.578636 0.262736
-0.692139 -0.330444 0.190063 -1.345719 -0.642480 0.369539
-0.683105 -0.324219 0.220459 -1.328156 -0.630376 0.428637
-0.676514 -0.310669 0.246948 -1.315340 -0.604031 0.480139
-0.661743 -0.289917 0.259399 -1.286622 -0.563683 0.504348
-0.622925 -0.282959 0.264160 -1.211147 -0.550155 0.513604
-0.559326 -0.290039 0.269653 -1.087493 -0.563920 0.524285
-0.493164 -0.297974 0.281738 -0.958855 -0.579348 0.547781
-0.434814 -0.321045 0.306519 -0.845406 -0.624205 0.595961
-0.392700 -0.356812 0.338135 -0.763524 -0.693746 0.657433
-0.380005 -0.406006 0.364624 -0.738840 -0.789394 0.708935
-0.383545 -0.453003 0.381470 -0.745723 -0.880770 0.741688
-0.367676 -0.507568 0.397095 -0.714869 -0.986861 0.772068
-0.323242 -0.526367 0.432251 -0.628477 -1.023411 0.840422
-0.275513 -0.508667 0.461670 -0.535677 -0.988997 0.897621
-0.220337 -0.487671 0.481445 -0.428399 -0.948174 0.936070
-0.175781 -0.469360 0.481201 -0.341770 -0.912573 0.935595
-0.151001 -0.464966 0.467285 -0.293590 -0.904029 0.908539
-0.121216 -0.455444 0.452393 -0.235679 -0.885517 0.879583
-0.082153 -0.435303 0.435791 -0.159730 -0.846355 0.847305
-0.057129 -0.416870 0.419922 -0.111075 -0.810517 0.816451
-0.035278 -0.420898 0.413574 -0.068591 -0.818349 0.804109
-0.015259 -0.409302 0.406006 -0.029668 -0.795802 0.789394
-0.003906 -0.388794 0.381592 -0.007595 -0.755929 0.741926
0.010254 -0.377930 0.345093 0.019937 -0.734806 0.670961
0.033203 -0.380371 0.309692 0.064557 -0.739552 0.602132
0.064575 -0.376465 0.276367 0.125553 -0.731957 0.537338
0.099243 -0.354004 0.244385 0.192958 -0.688287 0.475155
0.117432 -0.326904 0.203735 0.228321 -0.635597 0.396121
0.114990 -0.306763 0.166992 0.223575 -0.596436 0.324682
0.103638 -0.289429 0.132813 0.201502 -0.562734 0.258226
0.084595 -0.275391 0.099487 0.164477 -0.535440 0.193432
0.074829 -0.265747 0.086792 0.145490 -0.516690 0.168749
0.080444 -0.250366 0.083130 0.156407 -0.486785 0.161629
0.089600 -0.229614 0.080322 0.174208 -0.446437 0.156170
0.095825 -0.200439 0.077271 0.186312 -0.389713 0.150236
0.093140 -0.163940 0.060547 0.181091 -0.318748 0.117721
0.093750 -0.135498 0.033081 0.182277 -0.263448 0.064319
0.090942 -0.100708 -0.000488 0.176819 -0.195806 -0.000949
0.085938 -0.075439 -0.026367 0.167088 -0.146676 -0.051266
0.077881 -0.063965 -0.030273 0.151423 -0.124366 -0.058860
0.066528 -0.063232 -0.040649 0.129350 -0.122942 -0.079034
0.058960 -0.067871 -0.037598 0.114635 -0.131961 -0.073101
0.072876 -0.049683 -0.017090 0.141692 -0.096597 -0.033228
0.074463 -0.017822 -0.002563 0.144778 -0.034652 -0.004984
0.058105 -0.006714 -0.005737 0.112974 -0.013054 -0.011155
0.049072 0.002319 -0.014893 0.095411 0.004509 -0.028956
0.054810 0.009033 -0.020142 0.106566 0.017563 -0.039161
0.050171 0.010620 -0.026367 0.097547 0.020649 -0.051266
0.037842 0.003906 -0.032227 0.073575 0.007595 -0.062658
0.029541 0.002686 -0.034424 0.057436 0.005221 -0.066930
0.023560 0.001953 -0.033813 0.045807 0.003797 -0.065743
0.028564 0.007324 -0.023315 0.055538 0.014240 -0.045332
0.026245 0.023071 -0.015625 0.051028 0.044857 -0.030380
0.020874 0.022827 -0.013916 0.040585 0.044383 -0.027057
0.028198 0.019409 -0.007324 0.054826 0.037737 -0.014240
0.043335 0.016479 -0.000732 0.084256 0.032041 -0.001424
0.049927 0.016724 -0.007080 0.097072 0.032516 -0.013766
