-0.352539 -0.232422 -0.027100 -0.685439 -0.451896 -0.052690
-0.411499 -0.213013 -0.072388 -0.800074 -0.414159 -0.140743
-0.441895 -0.137085 -0.059814 -0.859172 -0.266533 -0.116297
-0.505127 -0.138062 0.006104 -0.982114 -0.268432 0.011867
-0.551270 -0.182007 0.061279 -1.071829 -0.353874 0.119145
-0.537476 -0.178467 0.105835 -1.045009 -0.346992 0.205774
-0.491577 -0.152710 0.134277 -0.955769 -0.296913 0.261074
-0.424072 -0.160767 0.160889 -0.824520 -0.312577 0.312815
-0.361938 -0.185791 0.196045 -0.703714 -0.361232 0.381168
-0.322021 -0.188721 0.236084 -0.626104 -0.366928 0.459016
-0.293945 -0.167358 0.276245 -0.571515 -0.325394 0.537101
-0.276733 -0.134399 0.306396 -0.538050 -0.261312 0.595724
-0.267456 -0.091431 0.330566 -0.520013 -0.177768 0.642717
-0.260132 -0.043457 0.346191 -0.505772 -0.084493 0.673097
-0.250366 0.008423 0.344482 -0.486785 0.016376 0.669774
-0.239624 0.037964 0.333496 -0.465899 0.073813 0.648414
-0.236206 0.031250 0.327881 -0.459253 0.060759 0.637496
-0.237915 0.016479 0.332275 -0.462576 0.032041 0.646040
-0.245972 0.022217 0.330444 -0.478241 0.043196 0.642480
-0.256348 0.033325 0.311768 -0.498415 0.064794 0.606167
-0.259644 0.048340 0.285034 -0.504823 0.093987 0.554190
-0.248535 0.063232 0.261230 -0.483225 0.122942 0.507908
-0.210938 0.066284 0.247070 -0.410124 0.128876 0.480377
-0.146240 0.072021 0.230347 -0.284334 0.140031 0.447861
-0.070068 0.059326 0.213257 -0.136233 0.115347 0.414633
-0.000732 0.042236 0.204590 -0.001424 0.082120 0.397782
0.056396 0.053223 0.203979 0.109651 0.103480 0.396596
0.096802 0.086426 0.207397 0.188211 0.168037 0.403241
0.115723 0.139404 0.224243 0.224999 0.271043 0.435994
0.115967 0.207642 0.250610 0.225473 0.403716 0.487260
0.146973 0.259155 0.274414 0.285758 0.503873 0.533541
0.223999 0.296143 0.302002 0.435519 0.575788 0.587180
0.328369 0.300049 0.324219 0.638445 0.583382 0.630376
0.428223 0.289429 0.312744 0.832590 0.562734 0.608066
0.499023 0.277832 0.274414 0.970247 0.540186 0.533541
0.544189 0.274658 0.226440 1.058063 0.534016 0.440266
0.572021 0.285767 0.181763 1.112177 0.555614 0.353400
0.610840 0.296021 0.153564 1.187651 0.575550 0.298574
0.669434 0.310303 0.143677 1.301574 0.603319 0.279350
0.729614 0.334839 0.132446 1.418583 0.651024 0.257514
0.771484 0.362793 0.099731 1.499991 0.705375 0.193907
0.800049 0.389404 0.048828 1.555528 0.757115 0.094936
0.798462 0.424805 -0.003662 1.552443 0.825944 -0.007120
0.797485 0.420898 -0.056763 1.550544 0.818349 -0.110363
0.811035 0.387451 -0.106934 1.576889 0.753318 -0.207910
0.835449 0.355957 -0.161987 1.624357 0.692084 -0.314951
0.846924 0.331909 -0.221558 1.646667 0.645328 -0.430773
0.844971 0.332764 -0.281372 1.642869 0.646990 -0.547069
0.832886 0.358765 -0.333008 1.619373 0.697543 -0.647464
0.807251 0.396240 -0.377319 1.569531 0.770407 -0.733619
0.796021 0.413818 -0.409058 1.547696 0.804584 -0.795327
0.803833 0.408813 -0.421997 1.562886 0.794853 -0.820485
0.840942 0.414551 -0.430420 1.635037 0.806008 -0.836862
0.879883 0.429321 -0.452515 1.710749 0.834726 -0.879820
0.908081 0.413574 -0.495605 1.765574 0.804109 -0.963602
0.923828 0.374268 -0.560303 1.796191 0.727685 -1.089392
0.912720 0.353271 -0.622314 1.774593 0.686863 -1.209961
0.849487 0.372070 -0.662720 1.651651 0.723413 -1.288520
0.797241 0.372192 -0.709717 1.550069 0.723651 -1.379896
0.753540 0.389160 -0.748901 1.465102 0.756641 -1.456083
0.696289 0.417114 -0.796631 1.353789 0.810992 -1.548883
0.624268 0.436768 -0.831421 1.213758 0.849204 -1.616525
0.563843 0.459473 -0.850586 1.096275 0.893349 -1.653787
0.516113 0.478760 -0.872192 1.003475 0.930849 -1.695796
0.475342 0.455566 -0.894775 0.924203 0.885754 -1.739704
0.423096 0.403198 -0.933228 0.822621 0.783935 -1.814466
0.361084 0.330322 -0.985718 0.702053 0.642243 -1.916523
0.298828 0.266602 -1.035278 0.581009 0.518351 -2.012883
0.233887 0.224243 -1.066528 0.454744 0.435994 -2.073642
0.153076 0.186768 -1.077881 0.297625 0.363131 -2.095715
0.062012 0.160400 -1.075195 0.120569 0.311865 -2.090493
-0.020264 0.169312 -1.077515 -0.039398 0.329191 -2.095003
-0.098877 0.176025 -1.061279 -0.192246 0.342245 -2.063437
-0.158813 0.182983 -1.020752 -0.308780 0.355773 -1.984639
-0.196411 0.191528 -0.961670 -0.381881 0.372387 -1.869767
-0.231079 0.162598 -0.884155 -0.449285 0.316137 -1.719056
-0.266357 0.128784 -0.804810 -0.517877 0.250394 -1.564785
-0.331299 0.111450 -0.753296 -0.644142 0.216692 -1.464627
-0.412354 0.075684 -0.713989 -0.801735 0.147151 -1.388203
-0.470703 0.036743 -0.674805 -0.915184 0.071439 -1.312017
-0.502563 -0.014038 -0.637695 -0.977130 -0.027294 -1.239866
-0.533203 -0.087280 -0.610229 -1.036702 -0.169698 -1.186464
-0.578979 -0.148804 -0.588379 -1.125705 -0.289318 -1.143980
-0.649780 -0.187134 -0.570068 -1.263362 -0.363843 -1.108379
-0.719849 -0.201904 -0.560791 -1.399596 -0.392561 -1.090341
-0.737305 -0.229370 -0.545654 -1.433535 -0.445962 -1.060911
-0.721436 -0.232666 -0.510498 -1.402681 -0.452371 -0.992557
-0.701782 -0.237671 -0.478638 -1.364469 -0.462102 -0.930611
-0.711548 -0.229004 -0.455566 -1.383456 -0.445250 -0.885754
-0.710815 -0.219482 -0.438110 -1.382033 -0.426738 -0.851814
-0.691528 -0.206909 -0.402344 -1.344533 -0.402292 -0.782274
-0.678223 -0.229248 -0.346680 -1.318663 -0.445725 -0.674046
-0.662720 -0.270874 -0.282349 -1.288520 -0.526658 -0.548968
-0.619873 -0.320557 -0.195068 -1.205214 -0.623256 -0.379270
-0.603149 -0.328247 -0.111084 -1.172698 -0.638208 -0.215980
-0.622803 -0.319214 -0.060791 -1.210910 -0.620645 -0.118195
-0.655640 -0.284790 -0.026733 -1.274755 -0.553715 -0.051978
-0.674927 -0.237061 0.001343 -1.312254 -0.460915 0.002611
-0.676514 -0.207764 0.031250 -1.315340 -0.403953 0.060759
-0.665283 -0.211060 0.035400 -1.293505 -0.410361 0.068829
-0.621094 -0.247070 0.048462 -1.207587 -0.480377 0.094224
-0.555542 -0.303833 0.077026 -1.080136 -0.590740 0.149762
-0.523193 -0.325439 0.091553 -1.017240 -0.632749 0.178005
-0.524048 -0.376343 0.088013 -1.018902 -0.731720 0.171122
-0.547729 -0.421387 0.100220 -1.064946 -0.819299 0.194856
-0.570923 -0.441284 0.127808 -1.110041 -0.857985 0.248495
-0.575806 -0.443481 0.178711 -1.119534 -0.862257 0.347466
-0.572266 -0.451294 0.231934 -1.112651 -0.877447 0.450947
-0.571045 -0.458130 0.284790 -1.110278 -0.890738 0.553715
-0.553955 -0.466919 0.331909 -1.077050 -0.907827 0.645328
-0.535400 -0.443848 0.352295 -1.040974 -0.862969 0.684964
-0.505859 -0.428711 0.353149 -0.983538 -0.833539 0.686625
-0.463379 -0.398682 0.353760 -0.900944 -0.775153 0.687812
-0.420288 -0.376709 0.345215 -0.817163 -0.732432 0.671198
-0.377686 -0.364624 0.337280 -0.734331 -0.708935 0.655771
-0.348145 -0.358398 0.338989 -0.676894 -0.696831 0.659094
-0.335327 -0.369263 0.351196 -0.651974 -0.717954 0.682828
-0.327271 -0.393188 0.378784 -0.636309 -0.764473 0.736467
-0.282104 -0.421753 0.418579 -0.548493 -0.820011 0.813840
-0.235229 -0.416748 0.439941 -0.457355 -0.810280 0.855374
-0.207764 -0.429932 0.451416 -0.403953 -0.835912 0.877684
-0.186890 -0.438843 0.444824 -0.363368 -0.853238 0.864868
-0.163940 -0.446411 0.433350 -0.318748 -0.867953 0.842558
-0.134521 -0.450073 0.431030 -0.261549 -0.875074 0.838049
-0.102783 -0.431763 0.427002 -0.199841 -0.839473 0.830216
-0.068115 -0.407104 0.422974 -0.132436 -0.791530 0.822384
-0.035156 -0.373047 0.411377 -0.068354 -0.725312 0.799837
-0.022217 -0.335693 0.375854 -0.043196 -0.652686 0.730771
-0.004517 -0.316162 0.341309 -0.008782 -0.614711 0.663603
0.030640 -0.306396 0.316162 0.059572 -0.595724 0.614711
0.050903 -0.298706 0.286499 0.098971 -0.580772 0.557038
0.067993 -0.303711 0.260132 0.132199 -0.590503 0.505772
0.085083 -0.282715 0.230469 0.165426 -0.549680 0.448098
0.097412 -0.264160 0.199951 0.189398 -0.513604 0.388763
0.106567 -0.239868 0.174194 0.207198 -0.466374 0.338685
0.115234 -0.208130 0.154175 0.224049 -0.404665 0.299761
0.116699 -0.185181 0.142212 0.226897 -0.360045 0.276501
0.111816 -0.174561 0.129639 0.217404 -0.339397 0.252055
0.106567 -0.159302 0.116333 0.207198 -0.309729 0.226185
0.101318 -0.149170 0.103516 0.196992 -0.290030 0.201265
0.109497 -0.148926 0.078491 0.212894 -0.289555 0.152610
0.110352 -0.153076 0.064331 0.214556 -0.297625 0.125078
0.099243 -0.157593 0.049683 0.192958 -0.306406 0.096597
0.076538 -0.144531 0.035156 0.148812 -0.281011 0.068354
0.041748 -0.114868 0.002197 0.081170 -0.223337 0.004272
0.037964 -0.114624 0.006470 0.073813 -0.222863 0.012579
0.043701 -0.083130 0.016479 0.084968 -0.161629 0.032041
0.041016 -0.082642 0.017090 0.079746 -0.160679 0.033228
0.044434 -0.071777 0.013306 0.086392 -0.139556 0.025870
0.054199 -0.052368 0.012939 0.105379 -0.101819 0.025158
