-0.234741 0.420776 -0.230469 -0.456405 0.818112 -0.448098
-0.474976 0.347412 -0.277954 -0.923491 0.675470 -0.540424
-0.720947 0.287476 -0.295166 -1.401732 0.558936 -0.573889
-0.949829 0.261353 -0.279419 -1.846745 0.508146 -0.543272
-1.074951 0.217041 -0.246948 -2.090019 0.421991 -0.480139
-1.075806 0.144409 -0.212524 -2.091680 0.280774 -0.413209
-0.959717 0.131958 -0.165771 -1.865969 0.256565 -0.322308
-0.765625 0.130127 -0.102905 -1.488598 0.253005 -0.200078
-0.563721 0.104004 -0.029907 -1.096037 0.202214 -0.058148
-0.409546 0.102905 0.041748 -0.796277 0.200078 0.081170
-0.294800 0.156616 0.105103 -0.573177 0.304508 0.204350
-0.208618 0.199219 0.140991 -0.405615 0.387339 0.274128
-0.171631 0.211792 0.137817 -0.333700 0.411785 0.267957
-0.183716 0.210205 0.094604 -0.357197 0.408700 0.183939
-0.235107 0.169922 0.028564 -0.457117 0.330378 0.055538
-0.315796 0.119385 -0.021362 -0.613999 0.232119 -0.041535
-0.418945 0.052490 -0.028198 -0.814552 0.102056 -0.054826
-0.517212 -0.040039 -0.012573 -1.005611 -0.077848 -0.024446
-0.583862 -0.080322 -0.010620 -1.135199 -0.156170 -0.020649
-0.621338 -0.041504 -0.022949 -1.208062 -0.080696 -0.044620
-0.616821 -0.016113 -0.026123 -1.199281 -0.031329 -0.050791
-0.550293 0.018555 -0.032959 -1.069930 0.036076 -0.064082
-0.429077 0.029297 -0.039917 -0.834251 0.056962 -0.077610
-0.320923 0.026978 -0.022949 -0.623968 0.052452 -0.044620
-0.246094 0.042725 0.034180 -0.478478 0.083069 0.066455
-0.180420 0.058716 0.088745 -0.350789 0.114161 0.172546
-0.107178 0.105225 0.080933 -0.208385 0.204587 0.157357
-0.119019 0.104736 0.051880 -0.231407 0.203638 0.100870
-0.208130 -0.080688 0.023315 -0.404665 -0.156882 0.045332
-0.170044 -0.142944 -0.004761 -0.330615 -0.277925 -0.009256
-0.140503 -0.109253 -0.028442 -0.273179 -0.212420 -0.055300
-0.102783 -0.098877 -0.023193 -0.199841 -0.192246 -0.045095
-0.081421 -0.111694 -0.010010 -0.158306 -0.217166 -0.019462
-0.089844 -0.117676 -0.012451 -0.174682 -0.228796 -0.024209
-0.108887 -0.117554 -0.020020 -0.211708 -0.228559 -0.038924
-0.112061 -0.134399 -0.015747 -0.217878 -0.261312 -0.030617
-0.084106 -0.129639 -0.004395 -0.163527 -0.252055 -0.008544
-0.031250 -0.086670 -0.008423 -0.060759 -0.168512 -0.016376
0.025269 -0.040039 -0.019653 0.049129 -0.077848 -0.038212
0.057495 -0.015381 -0.025391 0.111787 -0.029905 -0.049367
0.067261 -0.010742 -0.021362 0.130774 -0.020886 -0.041535
0.068726 -0.018066 -0.015869 0.133623 -0.035126 -0.030854
0.074707 -0.010254 -0.015991 0.145252 -0.019937 -0.031092
0.048828 -0.035645 -0.004639 0.094936 -0.069303 -0.009019
0.061401 -0.064941 -0.000977 0.119382 -0.126265 -0.001899
0.091797 -0.071533 -0.005981 0.178480 -0.139081 -0.011630
0.106567 -0.055908 0.000000 0.207198 -0.108702 0.000000
0.098267 -0.053589 0.003052 0.191059 -0.104192 0.005934
0.083984 -0.063599 0.002930 0.163290 -0.123654 0.005696
0.075562 -0.070923 0.006348 0.146914 -0.137895 0.012342
0.084473 -0.071899 0.020752 0.164239 -0.139793 0.040348
0.121826 -0.053223 0.022095 0.236866 -0.103480 0.042959
0.164917 -0.016235 0.015747 0.320647 -0.031566 0.030617
0.195923 0.013184 -0.001221 0.380931 0.025633 -0.002373
0.200562 0.020996 -0.020142 0.389950 0.040823 -0.039161
0.178833 0.006958 -0.032104 0.347704 0.013528 -0.062420
0.149292 -0.025024 -0.028320 0.290267 -0.048655 -0.055063
0.135742 -0.057983 -0.019775 0.263922 -0.112737 -0.038449
0.142334 -0.074951 -0.011963 0.276739 -0.145727 -0.023259
0.162720 -0.066895 -0.008545 0.316375 -0.130062 -0.016614
0.177368 -0.056519 -0.013306 0.344855 -0.109889 -0.025870
0.167114 -0.061401 -0.024536 0.324919 -0.119382 -0.047705
0.148438 -0.081421 -0.033936 0.288606 -0.158306 -0.065981
0.143555 -0.113037 -0.029175 0.279112 -0.219777 -0.056724
0.167603 -0.108032 -0.024658 0.325868 -0.210046 -0.047943
0.195801 -0.087646 -0.033691 0.380694 -0.170410 -0.065506
0.194580 -0.089722 -0.046631 0.378320 -0.174445 -0.090664
0.180176 -0.087769 -0.056763 0.350314 -0.170648 -0.110363
0.156250 -0.093506 -0.069092 0.303796 -0.181803 -0.134335
0.129517 -0.103149 -0.074341 0.251818 -0.200553 -0.144540
0.117798 -0.096558 -0.068115 0.229033 -0.187736 -0.132436
0.125977 -0.082031 -0.056396 0.244935 -0.159493 -0.109651
0.136353 -0.063721 -0.047852 0.265109 -0.123892 -0.093037
0.130493 -0.060913 -0.046509 0.253717 -0.118433 -0.090427
0.118530 -0.072876 -0.043945 0.230457 -0.141692 -0.085443
0.106201 -0.099365 -0.041016 0.206486 -0.193195 -0.079746
0.104126 -0.107544 -0.031616 0.202451 -0.209097 -0.061471
0.101196 -0.084351 -0.022705 0.196755 -0.164002 -0.044145
0.107910 -0.066284 -0.021240 0.209809 -0.128876 -0.041297
0.112671 -0.075684 -0.027100 0.219065 -0.147151 -0.052690
0.092896 -0.093872 -0.027344 0.180616 -0.182515 -0.053164
0.052124 -0.150269 -0.017578 0.101344 -0.292166 -0.034177
0.024780 -0.166870 -0.014404 0.048180 -0.324444 -0.028006
0.040771 -0.123901 -0.030884 0.079272 -0.240900 -0.060047
0.049072 -0.122925 -0.049438 0.095411 -0.239002 -0.096123
0.072021 -0.098022 -0.072998 0.140031 -0.190584 -0.141929
0.102173 -0.063721 -0.090332 0.198654 -0.123892 -0.175632
0.133545 0.003418 -0.079590 0.259650 0.006646 -0.154746
0.166748 0.018188 -0.064819 0.324207 0.035364 -0.126028
0.186401 0.051880 -0.044678 0.362419 0.100870 -0.086867
0.187012 0.062622 -0.012207 0.363605 0.121756 -0.023734
0.197754 0.095215 0.011108 0.384491 0.185125 0.021598
0.193604 0.085693 0.030884 0.376422 0.166613 0.060047
0.205566 0.074951 0.052856 0.399681 0.145727 0.102768
0.227173 0.075195 0.046509 0.441690 0.146202 0.090427
0.208374 0.072510 0.041748 0.405140 0.140980 0.081170
0.234741 0.154541 0.064575 0.456405 0.300473 0.125553
0.310059 0.258179 0.068604 0.602844 0.501975 0.133385
0.283569 0.182129 0.055176 0.551341 0.354112 0.107278
0.228882 0.129639 0.018677 0.445013 0.252055 0.036313
0.222046 0.152222 -0.015625 0.431722 0.295963 -0.030380
0.226074 0.173462 -0.019043 0.439554 0.337261 -0.037025
0.226440 0.150879 -0.012085 0.440266 0.293353 -0.023497
0.216797 0.125000 -0.011475 0.421516 0.243036 -0.022310
0.198364 0.104248 -0.009521 0.385678 0.202689 -0.018513
0.189453 0.085815 -0.002686 0.368352 0.166850 -0.005221
0.187012 0.082642 -0.004517 0.363605 0.160679 -0.008782
0.180786 0.096802 -0.012451 0.351501 0.188211 -0.024209
0.180298 0.111206 -0.022583 0.350552 0.216217 -0.043908
0.187134 0.123657 -0.031006 0.363843 0.240426 -0.060284
0.190186 0.127686 -0.032593 0.369776 0.248258 -0.063370
0.184814 0.139282 -0.029663 0.359333 0.270805 -0.057674
0.181763 0.147217 -0.025269 0.353400 0.286232 -0.049129
0.180786 0.144531 -0.019653 0.351501 0.281011 -0.038212
0.179077 0.137085 -0.017944 0.348178 0.266533 -0.034889
0.171753 0.126953 -0.022217 0.333938 0.246834 -0.043196
0.163330 0.116333 -0.031006 0.317561 0.226185 -0.060284
0.151611 0.104980 -0.049927 0.294777 0.204113 -0.097072
0.135498 0.075195 -0.071899 0.263448 0.146202 -0.139793
0.133301 0.070679 -0.083862 0.259176 0.137420 -0.163053
0.139160 0.090576 -0.085083 0.270568 0.176106 -0.165426
0.139648 0.096680 -0.069946 0.271517 0.187973 -0.135996
0.147339 0.091431 -0.046875 0.286470 0.177768 -0.091139
0.162720 0.090210 -0.032959 0.316375 0.175394 -0.064082
0.169678 0.084351 -0.031982 0.329903 0.164002 -0.062183
0.154541 0.090576 -0.036377 0.300473 0.176106 -0.070727
0.128174 0.084351 -0.039185 0.249207 0.164002 -0.076186
0.111206 0.078491 -0.028320 0.216217 0.152610 -0.055063
0.104248 0.079712 -0.001831 0.202689 0.154983 -0.003560
0.099854 0.071167 0.017090 0.194144 0.138369 0.033228
0.099121 0.062500 0.017090 0.192720 0.121518 0.033228
0.094604 0.069336 0.012695 0.183939 0.134809 0.024683
0.079468 0.066162 0.002563 0.154509 0.128638 0.004984
0.070313 0.072632 -0.003052 0.136708 0.141217 -0.005934
0.078003 0.093140 -0.000977 0.151660 0.181091 -0.001899
0.094727 0.108276 0.004883 0.184176 0.210521 0.009494
0.115356 0.107666 0.009399 0.224287 0.209334 0.018275
0.129639 0.097534 0.009033 0.252055 0.189635 0.017563
0.122925 0.071289 0.003174 0.239002 0.138607 0.006171
0.100586 0.051025 0.000610 0.195568 0.099208 0.001187
0.082031 0.048706 -0.001831 0.159493 0.094699 -0.003560
0.076294 0.048706 -0.004639 0.148338 0.094699 -0.009019
0.081665 0.033813 -0.001099 0.158781 0.065743 -0.002136
0.085938 0.040527 -0.003662 0.167088 0.078797 -0.007120
0.076904 0.042603 -0.016724 0.149524 0.082832 -0.032516
0.072754 0.039795 -0.016357 0.141455 0.077373 -0.031804
0.081299 0.065063 -0.013184 0.158069 0.126502 -0.025633
0.069946 0.068115 -0.016602 0.135996 0.132436 -0.032278
0.057495 0.064209 -0.006470 0.111787 0.124841 -0.012579
0.050049 0.073364 0.006836 0.097310 0.142642 0.013291
