-0.131226 -0.116333 -0.032715 -0.255141 -0.226185 -0.063607
-0.098633 -0.130859 -0.018311 -0.191771 -0.254429 -0.035601
-0.088501 -0.135010 0.011108 -0.172072 -0.262498 0.021598
-0.107910 -0.114502 0.000610 -0.209809 -0.222625 0.001187
-0.139160 -0.109863 -0.000977 -0.270568 -0.213606 -0.001899
-0.143555 -0.113525 -0.003418 -0.279112 -0.220726 -0.006646
-0.138794 -0.118896 -0.005737 -0.269856 -0.231169 -0.011155
-0.114014 -0.119507 0.000977 -0.221676 -0.232356 0.001899
-0.090454 -0.115356 0.010498 -0.175869 -0.224287 0.020411
-0.083374 -0.101196 0.013550 -0.162103 -0.196755 0.026345
-0.077026 -0.088501 0.014893 -0.149762 -0.172072 0.028956
-0.064697 -0.074219 0.017700 -0.125790 -0.144303 0.034414
-0.060059 -0.064819 0.020996 -0.116771 -0.126028 0.040823
-0.052979 -0.060791 0.023193 -0.103006 -0.118195 0.045095
-0.044434 -0.062378 0.021362 -0.086392 -0.121281 0.041535
-0.033325 -0.066895 0.015625 -0.064794 -0.130062 0.030380
-0.011108 -0.074585 0.010742 -0.021598 -0.145015 0.020886
0.008667 -0.073730 0.002197 0.016851 -0.143354 0.004272
0.032593 -0.075195 -0.015747 0.063370 -0.146202 -0.030617
0.044189 -0.073853 -0.017212 0.085917 -0.143591 -0.033465
0.032104 -0.069580 -0.021851 0.062420 -0.135284 -0.042484
0.015259 -0.066284 -0.029175 0.029668 -0.128876 -0.056724
0.020752 -0.068970 -0.037109 0.040348 -0.134097 -0.072151
0.039429 -0.074829 -0.037598 0.076661 -0.145490 -0.073101
0.035400 -0.087280 -0.030640 0.068829 -0.169698 -0.059572
0.021118 -0.095459 -0.035522 0.041060 -0.185600 -0.069066
0.015625 -0.100464 -0.040405 0.030380 -0.195331 -0.078560
0.040771 -0.097412 -0.020874 0.079272 -0.189398 -0.040585
0.076538 -0.087158 0.003296 0.148812 -0.169461 0.006408
0.094116 -0.077148 0.008545 0.182989 -0.149999 0.016614
0.088013 -0.072754 0.006714 0.171122 -0.141455 0.013054
0.075195 -0.069580 -0.005737 0.146202 -0.135284 -0.011155
0.063354 -0.063599 -0.012695 0.123180 -0.123654 -0.024683
0.054199 -0.065918 -0.018799 0.105379 -0.128164 -0.036550
0.056763 -0.066772 -0.030273 0.110363 -0.129825 -0.058860
0.063599 -0.066772 -0.028442 0.123654 -0.129825 -0.055300
0.058472 -0.070190 -0.023193 0.113686 -0.136471 -0.045095
0.054810 -0.066895 -0.017822 0.106566 -0.130062 -0.034652
0.061157 -0.062744 -0.025513 0.118907 -0.121993 -0.049604
0.075806 -0.061035 -0.027710 0.147388 -0.118670 -0.053876
0.089478 -0.059082 -0.018677 0.173970 -0.114873 -0.036313
0.104614 -0.052734 -0.008423 0.203401 -0.102531 -0.016376
0.117188 -0.035400 -0.012329 0.227847 -0.068829 -0.023971
0.125854 -0.013428 -0.015137 0.244698 -0.026107 -0.029430
0.133423 -0.005615 -0.008911 0.259413 -0.010918 -0.017326
0.140259 0.000000 -0.001587 0.272704 0.000000 -0.003085
0.145630 -0.004028 -0.000244 0.283147 -0.007832 -0.000475
0.146606 -0.013794 0.005493 0.285046 -0.026819 0.010680
0.152710 -0.014771 0.015625 0.296913 -0.028718 0.030380
0.152832 -0.009399 0.021484 0.297150 -0.018275 0.041772
0.137451 -0.013550 0.014404 0.267245 -0.026345 0.028006
0.125366 -0.015137 0.005859 0.243748 -0.029430 0.011392
0.130371 -0.013428 0.011841 0.253479 -0.026107 0.023022
0.123657 -0.011475 0.010376 0.240426 -0.022310 0.020174
0.119385 -0.002686 0.002686 0.232119 -0.005221 0.005221
0.123413 0.000122 0.003540 0.239951 0.000237 0.006883
0.123901 -0.006470 0.013184 0.240900 -0.012579 0.025633
0.121826 -0.016724 0.019653 0.236866 -0.032516 0.038212
0.113525 -0.023926 0.021484 0.220726 -0.046519 0.041772
0.104492 -0.025024 0.015259 0.203163 -0.048655 0.029668
0.091675 -0.024170 0.005615 0.178243 -0.046993 0.010918
0.075073 -0.022461 -0.005005 0.145964 -0.043671 -0.009731
0.058350 -0.017334 -0.021118 0.113449 -0.033702 -0.041060
0.053345 -0.018311 -0.029419 0.103718 -0.035601 -0.057199
0.057251 -0.014771 -0.024414 0.111313 -0.028718 -0.047468
0.061768 -0.002563 -0.010864 0.120094 -0.004984 -0.021123
0.062378 0.000977 -0.003784 0.121281 0.001899 -0.007358
0.053589 -0.006958 -0.008545 0.104192 -0.013528 -0.016614
0.050049 -0.016724 -0.021362 0.097310 -0.032516 -0.041535
0.061035 -0.027100 -0.029785 0.118670 -0.052690 -0.057911
0.074951 -0.031372 -0.034546 0.145727 -0.060996 -0.067167
0.087280 -0.023682 -0.034180 0.169698 -0.046044 -0.066455
0.091187 -0.014038 -0.033691 0.177293 -0.027294 -0.065506
0.091553 -0.012451 -0.030640 0.178005 -0.024209 -0.059572
0.096802 -0.006714 -0.028564 0.188211 -0.013054 -0.055538
0.105713 -0.006958 -0.034302 0.205537 -0.013528 -0.066693
0.112671 -0.012329 -0.040405 0.219065 -0.023971 -0.078560
0.120728 -0.012939 -0.041992 0.234730 -0.025158 -0.081645
0.138306 -0.014282 -0.027832 0.268907 -0.027769 -0.054114
0.159180 -0.023926 -0.018799 0.309492 -0.046519 -0.036550
0.186035 -0.032471 -0.002075 0.361707 -0.063133 -0.004035
0.212402 -0.036743 0.004517 0.412972 -0.071439 0.008782
0.227905 -0.031738 0.000244 0.443114 -0.061708 0.000475
0.240967 -0.026733 -0.000610 0.468510 -0.051978 -0.001187
0.245483 -0.020142 -0.006958 0.477291 -0.039161 -0.013528
0.244019 -0.020874 -0.006714 0.474443 -0.040585 -0.013054
0.239990 -0.025879 -0.002686 0.466611 -0.050316 -0.005221
0.234741 -0.028931 -0.005371 0.456405 -0.056250 -0.010443
0.232544 -0.028320 -0.009888 0.452133 -0.055063 -0.019225
0.231445 -0.023804 -0.007202 0.449997 -0.046281 -0.014003
0.231567 -0.029175 0.000244 0.450235 -0.056724 0.000475
0.227783 -0.039551 0.003662 0.442877 -0.076898 0.007120
0.225342 -0.039185 0.001587 0.438130 -0.076186 0.003085
0.235107 -0.033447 0.002930 0.457117 -0.065031 0.005696
0.244629 -0.027588 0.005005 0.475630 -0.053639 0.009731
0.247192 -0.018433 -0.001099 0.480614 -0.035838 -0.002136
0.249023 -0.009888 -0.001953 0.484174 -0.019225 -0.003797
0.253174 -0.010620 -0.001709 0.492244 -0.020649 -0.003323
0.242310 -0.017822 -0.004272 0.471120 -0.034652 -0.008307
0.228027 -0.021118 -0.016846 0.443352 -0.041060 -0.032753
0.222412 -0.022217 -0.018555 0.432434 -0.043196 -0.036076
0.220215 -0.021118 -0.010376 0.428162 -0.041060 -0.020174
0.223267 -0.010498 -0.009521 0.434095 -0.020411 -0.018513
0.220703 -0.005493 -0.007690 0.429111 -0.010680 -0.014952
0.213623 -0.005615 -0.006592 0.415345 -0.010918 -0.012816
0.203003 -0.005005 -0.009888 0.394697 -0.009731 -0.019225
0.196289 0.003296 -0.017822 0.381643 0.006408 -0.034652
0.192993 0.010742 -0.022949 0.375235 0.020886 -0.044620
0.187744 0.007202 -0.025513 0.365029 0.014003 -0.049604
0.181519 0.005859 -0.033569 0.352925 0.011392 -0.065269
0.181885 0.008911 -0.038208 0.353637 0.017326 -0.074288
0.182373 0.008301 -0.039551 0.354586 0.016139 -0.076898
0.188965 0.018677 -0.032959 0.367403 0.036313 -0.064082
0.186035 0.024536 -0.015381 0.361707 0.047705 -0.029905
0.171631 0.016113 -0.020386 0.333700 0.031329 -0.039636
0.162354 0.010376 -0.021118 0.315663 0.020174 -0.041060
0.147461 0.000366 -0.021973 0.286707 0.000712 -0.042721
0.108765 -0.007568 -0.025635 0.211470 -0.014715 -0.049841
0.083618 -0.006104 -0.035522 0.162578 -0.011867 -0.069066
0.075317 0.000488 -0.031494 0.146439 0.000949 -0.061234
0.066528 -0.000732 -0.023193 0.129350 -0.001424 -0.045095
0.057739 -0.000977 -0.022705 0.112262 -0.001899 -0.044145
0.049561 0.000732 -0.023560 0.096360 0.001424 -0.045807
0.046143 -0.001709 -0.020996 0.089715 -0.003323 -0.040823
0.048584 -0.004395 -0.013306 0.094461 -0.008544 -0.025870
0.059082 -0.000244 -0.006836 0.114873 -0.000475 -0.013291
0.069458 0.006714 -0.006470 0.135047 0.013054 -0.012579
0.070801 0.009155 -0.011963 0.137657 0.017801 -0.023259
0.068359 0.011108 -0.013306 0.132911 0.021598 -0.025870
0.071289 0.007202 -0.008423 0.138607 0.014003 -0.016376
0.080078 0.006348 -0.006226 0.155695 0.012342 -0.012104
0.086548 0.008301 -0.004028 0.168274 0.016139 -0.007832
0.089722 0.004272 -0.003540 0.174445 0.008307 -0.006883
0.088745 0.000732 -0.006714 0.172546 0.001424 -0.013054
0.089600 0.004639 -0.011719 0.174208 0.009019 -0.022785
0.094360 0.005249 -0.013794 0.183464 0.010206 -0.026819
0.095581 0.003174 -0.017944 0.185837 0.006171 -0.034889
0.096069 0.010986 -0.024048 0.186787 0.021361 -0.046756
0.099365 0.016235 -0.018188 0.193195 0.031566 -0.035364
0.097534 0.010376 -0.005737 0.189635 0.020174 -0.011155
0.085815 0.006592 -0.002563 0.166850 0.012816 -0.004984
0.068726 0.005859 -0.003540 0.133623 0.011392 -0.006883
0.053467 -0.002808 -0.004639 0.103955 -0.005459 -0.009019
0.047729 -0.010986 -0.005737 0.092800 -0.021361 -0.011155
0.051758 -0.010742 -0.007690 0.100632 -0.020886 -0.014952
0.062866 -0.000122 -0.011230 0.122230 -0.000237 -0.021835
0.056274 0.001953 -0.009644 0.109414 0.003797 -0.018750
0.046997 -0.005737 -0.004517 0.091376 -0.011155 -0.008782
0.040771 -0.005737 -0.000488 0.079272 -0.011155 -0.000949
0.033691 -0.005859 -0.000488 0.065506 -0.011392 -0.000949
