-0.184692 0.091675 -0.201904 -0.359096 0.178243 -0.392561
-0.311401 0.095581 -0.189819 -0.605455 0.185837 -0.369064
-0.487915 0.080444 -0.118774 -0.948649 0.156407 -0.230932
-0.697754 0.021973 -0.018311 -1.356637 0.042721 -0.035601
-0.957642 0.073975 0.035156 -1.861935 0.143828 0.068354
-1.139526 0.163574 0.014404 -2.215572 0.318036 0.028006
-1.250732 0.233887 -0.051270 -2.431788 0.454744 -0.099683
-1.203979 0.216064 -0.118774 -2.340887 0.420092 -0.230932
-0.956299 0.156616 -0.161499 -1.859324 0.304508 -0.314001
-0.608521 0.099731 -0.155029 -1.183141 0.193907 -0.301422
-0.256958 0.032959 -0.075562 -0.499601 0.064082 -0.146914
0.002075 0.027466 0.040894 0.004035 0.053402 0.079509
0.115967 0.046387 0.125366 0.225473 0.090189 0.243748
0.116089 0.079224 0.134277 0.225711 0.154034 0.261074
0.062134 0.127686 0.086914 0.120806 0.248258 0.168986
-0.008667 0.161743 0.027466 -0.016851 0.314476 0.053402
-0.078491 0.156738 -0.008667 -0.152610 0.304745 -0.016851
-0.128662 0.108765 -0.009033 -0.250157 0.211470 -0.017563
-0.146729 0.047729 0.007202 -0.285283 0.092800 0.014003
-0.139771 0.011719 0.022583 -0.271755 0.022785 0.043908
-0.119751 -0.003784 0.030640 -0.232831 -0.007358 0.059572
-0.099121 -0.006714 0.038818 -0.192720 -0.013054 0.075474
-0.079102 0.010254 0.050171 -0.153797 0.019937 0.097547
-0.035889 0.045288 0.060913 -0.069778 0.088053 0.118433
0.039307 0.080688 0.072876 0.076424 0.156882 0.141692
0.110840 0.085205 0.079102 0.215505 0.165664 0.153797
0.163086 0.052124 0.069214 0.317087 0.101344 0.134572
0.182617 0.035889 0.052856 0.355061 0.069778 0.102768
0.160522 0.027832 0.035645 0.312102 0.054114 0.069303
0.111450 0.005615 0.009766 0.216692 0.010918 0.018987
0.068481 -0.008179 -0.019165 0.133148 -0.015902 -0.037262
0.046143 -0.004883 -0.044800 0.089715 -0.009494 -0.087104
0.052612 0.010620 -0.051880 0.102294 0.020649 -0.100870
0.087769 0.020996 -0.038696 0.170648 0.040823 -0.075237
0.137817 0.018066 -0.016602 0.267957 0.035126 -0.032278
0.192627 0.007935 0.005615 0.374523 0.015427 0.010918
0.231812 0.000122 0.020020 0.450709 0.000237 0.038924
0.241455 -0.002930 0.022461 0.469459 -0.005696 0.043671
0.212891 0.005737 0.011719 0.413921 0.011155 0.022785
0.162964 0.003906 -0.006348 0.316849 0.007595 -0.012342
0.122803 0.000488 -0.022705 0.238764 0.000949 -0.044145
0.104248 -0.000732 -0.036621 0.202689 -0.001424 -0.071202
0.103516 -0.004150 -0.048706 0.201265 -0.008070 -0.094699
0.111816 0.005493 -0.059937 0.217404 0.010680 -0.116534
0.123779 0.014526 -0.074341 0.240663 0.028243 -0.144540
0.137207 0.031006 -0.083130 0.266770 0.060284 -0.161629
0.142822 0.037598 -0.081665 0.277688 0.073101 -0.158781
0.148071 0.039307 -0.070313 0.287894 0.076424 -0.136708
0.153320 0.040527 -0.055298 0.298099 0.078797 -0.107515
0.153564 0.033081 -0.038818 0.298574 0.064319 -0.075474
0.139282 0.023560 -0.023071 0.270805 0.045807 -0.044857
0.113159 0.003662 -0.018555 0.220014 0.007120 -0.036076
0.092041 -0.007202 -0.026367 0.178955 -0.014003 -0.051266
0.091797 0.012207 -0.039673 0.178480 0.023734 -0.077136
0.115356 0.040039 -0.058838 0.224287 0.077848 -0.114398
0.148804 0.052856 -0.076660 0.289318 0.102768 -0.149050
0.182983 0.060669 -0.081421 0.355773 0.117958 -0.158306
0.208740 0.072144 -0.079102 0.405852 0.140268 -0.153797
0.227173 0.074341 -0.080566 0.441690 0.144540 -0.156645
0.236572 0.055298 -0.080444 0.459965 0.107515 -0.156407
0.221313 0.028320 -0.066650 0.430298 0.055063 -0.129588
0.188965 0.016602 -0.046997 0.367403 0.032278 -0.091376
0.152832 0.004150 -0.043823 0.297150 0.008070 -0.085205
0.124756 -0.011963 -0.052734 0.242562 -0.023259 -0.102531
0.105347 -0.031128 -0.062988 0.204825 -0.060522 -0.122468
0.081543 -0.057861 -0.074951 0.158543 -0.112499 -0.145727
0.059570 -0.084839 -0.079712 0.115822 -0.164952 -0.154983
0.046753 -0.096313 -0.072388 0.090901 -0.187261 -0.140743
0.041382 -0.091064 -0.065552 0.080458 -0.177056 -0.127452
0.034180 -0.077148 -0.062988 0.066455 -0.149999 -0.122468
0.030762 -0.052246 -0.059082 0.059810 -0.101582 -0.114873
0.039673 -0.031738 -0.055542 0.077136 -0.061708 -0.107990
0.063354 -0.014648 -0.052002 0.123180 -0.028481 -0.101107
0.088501 0.003784 -0.047852 0.172072 0.007358 -0.093037
0.107178 0.018433 -0.038086 0.208385 0.035838 -0.074050
0.121826 0.017578 -0.030884 0.236866 0.034177 -0.060047
0.135376 0.003296 -0.024902 0.263210 0.006408 -0.048417
0.143555 -0.012329 -0.024292 0.279112 -0.023971 -0.047231
0.138794 -0.033936 -0.024414 0.269856 -0.065981 -0.047468
0.120117 -0.057373 -0.021240 0.233543 -0.111550 -0.041297
0.090576 -0.109619 -0.012329 0.176106 -0.213132 -0.023971
0.066406 -0.133179 -0.000122 0.129113 -0.258938 -0.000237
0.063965 -0.126831 0.008179 0.124366 -0.246597 0.015902
0.081543 -0.118774 0.016846 0.158543 -0.230932 0.032753
0.104736 -0.113525 0.020996 0.203638 -0.220726 0.040823
0.110718 -0.120605 0.015991 0.215268 -0.234492 0.031092
0.101685 -0.123169 0.004883 0.197704 -0.239476 0.009494
0.095093 -0.109863 -0.006592 0.184888 -0.213606 -0.012816
0.104248 -0.077148 -0.002686 0.202689 -0.149999 -0.005221
0.136108 -0.031006 0.026245 0.264634 -0.060284 0.051028
0.167847 -0.025269 0.071411 0.326343 -0.049129 0.138844
0.180420 -0.042603 0.098877 0.350789 -0.082832 0.192246
0.174561 -0.090942 0.100220 0.339397 -0.176819 0.194856
0.149292 -0.117554 0.083130 0.290267 -0.228559 0.161629
0.125854 -0.108154 0.051147 0.244698 -0.210283 0.099446
0.115723 -0.108521 0.018677 0.224999 -0.210996 0.036313
0.129028 -0.107300 0.016724 0.250869 -0.208622 0.032516
0.164307 -0.095703 0.024658 0.319460 -0.186075 0.047943
0.190674 -0.105957 0.030518 0.370726 -0.206011 0.059335
0.219482 -0.077759 0.029297 0.426738 -0.151186 0.056962
0.244507 -0.035278 0.018188 0.475393 -0.068591 0.035364
0.258179 0.000977 0.001343 0.501975 0.001899 0.002611
0.253174 0.007446 -0.007690 0.492244 0.014478 -0.014952
0.226074 -0.004517 -0.000488 0.439554 -0.008782 -0.000949
0.192749 -0.008301 0.013306 0.374760 -0.016139 0.025870
0.169800 -0.019043 0.020874 0.330140 -0.037025 0.040585
0.159424 -0.029053 0.013794 0.309966 -0.056487 0.026819
0.146851 -0.029663 -0.011353 0.285520 -0.057674 -0.022073
0.121948 -0.010132 -0.038818 0.237103 -0.019699 -0.075474
0.102417 0.007568 -0.035889 0.199128 0.014715 -0.069778
0.109619 0.016968 -0.004761 0.213132 0.032990 -0.009256
0.127563 0.030029 0.023438 0.248021 0.058386 0.045569
0.147949 0.041870 0.041260 0.287656 0.081408 0.080221
0.154053 0.055298 0.042236 0.299523 0.107515 0.082120
0.139648 0.061523 0.028564 0.271517 0.119620 0.055538
0.112793 0.056763 0.011719 0.219302 0.110363 0.022785
0.093506 0.056030 0.007080 0.181803 0.108939 0.013766
0.092529 0.059082 0.009033 0.179904 0.114873 0.017563
0.103394 0.078491 0.009888 0.201027 0.152610 0.019225
0.115723 0.096191 0.010742 0.224999 0.187024 0.020886
0.116821 0.097046 0.015137 0.227135 0.188686 0.029430
0.103271 0.088501 0.017578 0.200790 0.172072 0.034177
0.083496 0.074463 0.014526 0.162341 0.144778 0.028243
0.071777 0.063354 0.003540 0.139556 0.123180 0.006883
0.066772 0.056519 -0.010254 0.129825 0.109889 -0.019937
0.059692 0.042969 -0.024902 0.116059 0.083544 -0.048417
0.055786 0.023071 -0.036499 0.108465 0.044857 -0.070965
0.058105 0.038696 -0.044189 0.112974 0.075237 -0.085917
0.064941 0.072021 -0.048584 0.126265 0.140031 -0.094461
0.076294 0.092163 -0.035278 0.148338 0.179192 -0.068591
0.084229 0.093384 -0.017578 0.163765 0.181565 -0.034177
0.084106 0.087524 -0.012329 0.163527 0.170173 -0.023971
0.069458 0.076294 -0.024902 0.135047 0.148338 -0.048417
0.046143 0.046753 -0.034790 0.089715 0.090901 -0.067642
0.026489 0.008301 -0.033813 0.051503 0.016139 -0.065743
0.020386 -0.012817 -0.030884 0.039636 -0.024921 -0.060047
0.022949 -0.008301 -0.032349 0.044620 -0.016139 -0.062895
0.030273 0.008179 -0.029541 0.058860 0.015902 -0.057436
0.048096 0.023438 -0.022583 0.093512 0.045569 -0.043908
0.069092 0.022217 -0.013306 0.134335 0.043196 -0.025870
0.075684 0.021240 -0.009766 0.147151 0.041297 -0.018987
0.063232 0.017212 -0.012573 0.122942 0.033465 -0.024446
0.049927 0.021240 -0.015015 0.097072 0.041297 -0.029193
0.047241 0.032959 -0.016113 0.091851 0.064082 -0.031329
0.052734 0.038818 -0.012329 0.102531 0.075474 -0.023971
0.065796 0.037476 -0.007935 0.127926 0.072863 -0.015427
0.076660 0.037231 -0.005859 0.149050 0.072389 -0.011392
0.085571 0.041870 -0.008423 0.166376 0.081408 -0.016376
0.089233 0.037354 -0.016846 0.173496 0.072626 -0.032753
0.086914 0.027344 -0.017456 0.168986 0.053164 -0.033940
