-0.187988 -0.034058 0.008545 -0.365504 -0.066218 0.016614
-0.199097 -0.045044 0.012329 -0.387102 -0.087579 0.023971
-0.192383 -0.058838 0.018066 -0.374048 -0.114398 0.035126
-0.185181 -0.074341 0.020996 -0.360045 -0.144540 0.040823
-0.139038 -0.104492 0.024780 -0.270331 -0.203163 0.048180
-0.132813 -0.115601 0.038696 -0.258226 -0.224761 0.075237
-0.109863 -0.119873 0.047852 -0.213606 -0.233068 0.093037
-0.082397 -0.128662 0.057861 -0.160205 -0.250157 0.112499
-0.069458 -0.132935 0.049438 -0.135047 -0.258464 0.096123
-0.086914 -0.121826 0.020264 -0.168986 -0.236866 0.039398
-0.119019 -0.125366 0.002686 -0.231407 -0.243748 0.005221
-0.117310 -0.140015 0.001831 -0.228084 -0.272229 0.003560
-0.106567 -0.142090 -0.000488 -0.207198 -0.276264 -0.000949
-0.118164 -0.132446 -0.000244 -0.229745 -0.257514 -0.000475
-0.116211 -0.120361 0.005615 -0.225948 -0.234018 0.010918
-0.103394 -0.105469 0.012817 -0.201027 -0.205062 0.024921
-0.085449 -0.087036 0.018921 -0.166138 -0.169224 0.036788
-0.069092 -0.071533 0.029541 -0.134335 -0.139081 0.057436
-0.060425 -0.066284 0.032715 -0.117483 -0.128876 0.063607
-0.045654 -0.074463 0.024048 -0.088765 -0.144778 0.046756
-0.042725 -0.075928 0.018188 -0.083069 -0.147626 0.035364
-0.039185 -0.065186 0.007080 -0.076186 -0.126740 0.013766
-0.030762 -0.055786 -0.000732 -0.059810 -0.108465 -0.001424
-0.020874 -0.053345 -0.007202 -0.040585 -0.103718 -0.014003
0.000488 -0.051514 -0.012817 0.000949 -0.100158 -0.024921
0.022827 -0.047485 -0.013428 0.044383 -0.092325 -0.026107
0.023804 -0.038208 -0.014282 0.046281 -0.074288 -0.027769
0.049072 -0.043701 -0.009277 0.095411 -0.084968 -0.018038
0.062256 -0.048462 -0.021118 0.121044 -0.094224 -0.041060
0.054565 -0.046753 -0.024658 0.106091 -0.090901 -0.047943
0.053223 -0.047974 -0.018066 0.103480 -0.093275 -0.035126
0.054810 -0.051025 -0.013550 0.106566 -0.099208 -0.026345
0.049194 -0.050903 -0.015381 0.095648 -0.098971 -0.029905
0.049927 -0.044800 -0.009033 0.097072 -0.087104 -0.017563
0.062500 -0.041504 -0.003784 0.121518 -0.080696 -0.007358
0.078491 -0.040039 -0.011475 0.152610 -0.077848 -0.022310
0.090576 -0.036621 -0.011841 0.176106 -0.071202 -0.023022
0.094727 -0.034180 -0.014282 0.184176 -0.066455 -0.027769
0.095459 -0.036499 -0.023315 0.185600 -0.070965 -0.045332
0.091431 -0.039795 -0.027588 0.177768 -0.077373 -0.053639
0.095093 -0.044067 -0.026001 0.184888 -0.085680 -0.050553
0.104004 -0.044556 -0.027954 0.202214 -0.086629 -0.054351
0.113159 -0.042114 -0.026245 0.220014 -0.081882 -0.051028
0.118408 -0.041138 -0.025269 0.230220 -0.079984 -0.049129
0.112061 -0.041992 -0.029541 0.217878 -0.081645 -0.057436
0.101318 -0.043091 -0.036499 0.196992 -0.083781 -0.070965
0.097290 -0.047607 -0.041992 0.189160 -0.092563 -0.081645
0.107056 -0.050903 -0.045288 0.208147 -0.098971 -0.088053
0.121704 -0.044067 -0.040161 0.236628 -0.085680 -0.078085
0.137695 -0.040527 -0.033569 0.267720 -0.078797 -0.065269
0.149780 -0.034790 -0.020508 0.291217 -0.067642 -0.039873
0.177368 -0.026855 -0.006714 0.344855 -0.052215 -0.013054
0.192627 -0.022217 0.001709 0.374523 -0.043196 0.003323
0.196533 -0.020508 -0.005127 0.382118 -0.039873 -0.009968
0.194214 -0.019287 -0.014160 0.377608 -0.037500 -0.027531
0.189575 -0.019165 -0.023315 0.368589 -0.037262 -0.045332
0.189331 -0.007568 -0.022583 0.368115 -0.014715 -0.043908
0.191528 0.001465 -0.012573 0.372387 0.002848 -0.024446
0.182495 -0.008911 -0.007446 0.354824 -0.017326 -0.014478
0.170776 -0.019531 -0.012207 0.332039 -0.037974 -0.023734
0.159546 -0.018921 -0.012695 0.310204 -0.036788 -0.024683
0.150879 -0.014771 -0.010864 0.293353 -0.028718 -0.021123
0.144653 -0.021484 -0.007324 0.281248 -0.041772 -0.014240
0.136597 -0.027954 -0.009766 0.265584 -0.054351 -0.018987
0.131958 -0.025391 -0.017578 0.256565 -0.049367 -0.034177
0.129395 -0.024658 -0.023804 0.251581 -0.047943 -0.046281
0.132446 -0.024292 -0.021973 0.257514 -0.047231 -0.042721
0.148804 -0.022095 -0.010498 0.289318 -0.042959 -0.020411
0.164429 -0.021729 -0.003418 0.319697 -0.042247 -0.006646
0.167969 -0.021240 -0.013550 0.326580 -0.041297 -0.026345
0.159790 -0.025635 -0.015137 0.310678 -0.049841 -0.029430
0.165283 -0.035645 -0.022339 0.321359 -0.069303 -0.043433
0.168701 -0.044312 -0.023193 0.328004 -0.086155 -0.045095
0.173706 -0.048462 -0.023315 0.337735 -0.094224 -0.045332
0.185181 -0.047485 -0.020996 0.360045 -0.092325 -0.040823
0.187622 -0.045044 -0.017090 0.364792 -0.087579 -0.033228
0.184692 -0.040771 -0.016724 0.359096 -0.079272 -0.032516
0.183228 -0.037964 -0.021118 0.356248 -0.073813 -0.041060
0.179810 -0.040039 -0.022095 0.349602 -0.077848 -0.042959
0.176636 -0.042236 -0.017822 0.343431 -0.082120 -0.034652
0.185669 -0.042725 -0.020508 0.360995 -0.083069 -0.039873
0.186523 -0.042725 -0.013062 0.362656 -0.083069 -0.025395
0.156738 -0.039185 -0.018921 0.304745 -0.076186 -0.036788
0.144409 -0.039063 -0.020264 0.280774 -0.075949 -0.039398
0.154419 -0.034912 -0.001221 0.300235 -0.067879 -0.002373
0.155518 -0.034180 0.021118 0.302372 -0.066455 0.041060
0.158447 -0.036865 -0.002563 0.308068 -0.071677 -0.004984
0.155518 -0.041382 -0.000854 0.302372 -0.080458 -0.001661
0.148071 -0.046753 -0.013428 0.287894 -0.090901 -0.026107
0.134644 -0.042725 -0.024414 0.261786 -0.083069 -0.047468
0.142700 -0.039917 -0.025757 0.277451 -0.077610 -0.050079
0.156006 -0.038208 -0.022217 0.303321 -0.074288 -0.043196
0.155518 -0.040161 -0.018066 0.302372 -0.078085 -0.035126
0.147339 -0.039795 -0.018921 0.286470 -0.077373 -0.036788
0.145386 -0.032837 -0.017090 0.282672 -0.063845 -0.033228
0.145630 -0.034668 -0.009644 0.283147 -0.067405 -0.018750
0.146973 -0.038818 -0.006714 0.285758 -0.075474 -0.013054
0.149536 -0.038574 -0.010376 0.290742 -0.075000 -0.020174
0.157837 -0.033936 -0.012207 0.306881 -0.065981 -0.023734
0.170654 -0.032593 -0.009277 0.331802 -0.063370 -0.018038
0.181519 -0.036987 -0.005249 0.352925 -0.071914 -0.010206
0.193970 -0.040039 0.002075 0.377134 -0.077848 0.004035
0.207642 -0.038086 0.009644 0.403716 -0.074050 0.018750
0.231567 -0.031128 0.015137 0.450235 -0.060522 0.029430
0.243774 -0.022949 0.021362 0.473969 -0.044620 0.041535
0.240112 -0.017334 0.019287 0.466848 -0.033702 0.037500
0.226563 -0.021606 0.009399 0.440504 -0.042009 0.018275
0.215332 -0.032349 0.001587 0.418668 -0.062895 0.003085
0.204956 -0.039551 -0.002441 0.398494 -0.076898 -0.004747
0.194580 -0.042603 -0.006470 0.378320 -0.082832 -0.012579
0.193481 -0.041992 -0.010010 0.376184 -0.081645 -0.019462
0.189941 -0.043335 -0.006592 0.369301 -0.084256 -0.012816
0.190918 -0.038208 0.001831 0.371200 -0.074288 0.003560
0.191040 -0.029175 0.010620 0.371438 -0.056724 0.020649
0.186523 -0.024536 0.012573 0.362656 -0.047705 0.024446
0.185913 -0.022705 0.012329 0.361469 -0.044145 0.023971
0.185181 -0.028076 0.001953 0.360045 -0.054588 0.003797
0.183472 -0.024902 -0.005615 0.356722 -0.048417 -0.010918
0.194092 -0.019653 -0.005493 0.377371 -0.038212 -0.010680
0.194580 -0.016602 0.006226 0.378320 -0.032278 0.012104
0.192139 -0.012939 -0.009399 0.373574 -0.025158 -0.018275
0.208130 -0.010742 0.002563 0.404665 -0.020886 0.004984
0.212646 0.000122 0.011597 0.413447 0.000237 0.022547
0.191772 0.003296 0.011230 0.372862 0.006408 0.021835
0.184448 -0.000977 0.003906 0.358621 -0.001899 0.007595
0.184937 -0.001099 0.004272 0.359571 -0.002136 0.008307
0.181763 -0.004761 -0.000732 0.353400 -0.009256 -0.001424
0.175293 -0.004517 -0.007813 0.340821 -0.008782 -0.015190
0.174438 -0.001465 -0.013672 0.339159 -0.002848 -0.026582
0.168945 0.007568 -0.013428 0.328479 0.014715 -0.026107
0.163208 0.008179 -0.015137 0.317324 0.015902 -0.029430
0.157593 0.000122 -0.010010 0.306406 0.000237 -0.019462
0.151978 -0.000488 -0.000366 0.295489 -0.000949 -0.000712
0.150879 0.014282 0.002563 0.293353 0.027769 0.004984
0.155884 0.021484 0.003174 0.303084 0.041772 0.006171
0.157959 0.019287 0.005981 0.307118 0.037500 0.011630
0.156738 0.018311 0.004395 0.304745 0.035601 0.008544
0.153442 0.013428 0.004395 0.298337 0.026107 0.008544
0.156006 0.009399 0.007813 0.303321 0.018275 0.015190
0.161621 0.013672 0.012573 0.314239 0.026582 0.024446
0.160278 0.012085 0.013306 0.311628 0.023497 0.025870
0.152466 0.010986 0.008179 0.296438 0.021361 0.015902
0.148560 0.011841 0.001465 0.288843 0.023022 0.002848
0.153564 0.008911 -0.001343 0.298574 0.017326 -0.002611
0.155762 0.003540 -0.000122 0.302846 0.006883 -0.000237
0.153198 0.007813 0.000732 0.297862 0.015190 0.001424
0.154053 0.020996 0.004517 0.299523 0.040823 0.008782
0.156006 0.030029 0.005249 0.303321 0.058386 0.010206
0.147339 0.026123 -0.002075 0.286470 0.050791 -0.004035
0.140625 0.019897 -0.006836 0.273416 0.038686 -0.013291
