-0.195557 -0.078247 -0.083984 -0.380219 -0.152135 -0.163290
-0.181030 -0.075928 -0.074219 -0.351976 -0.147626 -0.144303
-0.162842 -0.078613 -0.052734 -0.316612 -0.152847 -0.102531
-0.159180 -0.097656 -0.019653 -0.309492 -0.189872 -0.038212
-0.110107 -0.117554 -0.010986 -0.214081 -0.228559 -0.021361
-0.070679 -0.163452 0.012573 -0.137420 -0.317799 0.024446
-0.031250 -0.176514 0.041504 -0.060759 -0.343194 0.080696
-0.018921 -0.177490 0.050659 -0.036788 -0.345093 0.098496
-0.019165 -0.165771 0.053833 -0.037262 -0.322308 0.104667
-0.014893 -0.149048 0.057007 -0.028956 -0.289792 0.110838
-0.022095 -0.125366 0.055176 -0.042959 -0.243748 0.107278
-0.035034 -0.096436 0.043091 -0.068117 -0.187499 0.083781
-0.038696 -0.080200 0.025757 -0.075237 -0.155933 0.050079
-0.036255 -0.067383 0.011963 -0.070490 -0.131012 0.023259
-0.038208 -0.058594 0.010254 -0.074288 -0.113923 0.019937
-0.036621 -0.052856 0.013672 -0.071202 -0.102768 0.026582
-0.029297 -0.049438 0.015015 -0.056962 -0.096123 0.029193
-0.019165 -0.048462 0.018799 -0.037262 -0.094224 0.036550
-0.023804 -0.042603 0.036011 -0.046281 -0.082832 0.070015
-0.039429 -0.034668 0.051270 -0.076661 -0.067405 0.099683
-0.037354 -0.035522 0.049072 -0.072626 -0.069066 0.095411
-0.041016 -0.035034 0.032471 -0.079746 -0.068117 0.063133
-0.048462 -0.039307 0.011963 -0.094224 -0.076424 0.023259
-0.044922 -0.050415 -0.001099 -0.087341 -0.098022 -0.002136
-0.021606 -0.056519 -0.008911 -0.042009 -0.109889 -0.017326
-0.001709 -0.049072 -0.012817 -0.003323 -0.095411 -0.024921
0.026855 -0.040283 -0.023071 0.052215 -0.078322 -0.044857
0.043335 -0.032837 -0.025635 0.084256 -0.063845 -0.049841
0.040771 -0.031616 -0.031738 0.079272 -0.061471 -0.061708
0.040894 -0.038452 -0.038574 0.079509 -0.074762 -0.075000
0.034790 -0.045410 -0.027466 0.067642 -0.088291 -0.053402
0.036499 -0.051147 -0.020020 0.070965 -0.099446 -0.038924
0.048218 -0.044678 -0.017090 0.093749 -0.086867 -0.033228
0.056885 -0.029419 -0.020142 0.110601 -0.057199 -0.039161
0.068604 -0.027954 -0.013428 0.133385 -0.054351 -0.026107
0.085571 -0.036743 -0.008789 0.166376 -0.071439 -0.017089
0.082520 -0.045166 -0.009155 0.160442 -0.087816 -0.017801
0.063477 -0.051025 -0.015869 0.123417 -0.099208 -0.030854
0.048096 -0.048828 -0.029419 0.093512 -0.094936 -0.057199
0.035767 -0.040894 -0.033203 0.069541 -0.079509 -0.064557
0.034668 -0.035156 -0.029175 0.067405 -0.068354 -0.056724
0.045654 -0.026367 -0.022339 0.088765 -0.051266 -0.043433
0.059326 -0.023438 -0.024536 0.115347 -0.045569 -0.047705
0.067383 -0.023682 -0.031860 0.131012 -0.046044 -0.061946
0.067993 -0.028442 -0.042358 0.132199 -0.055300 -0.082357
0.068359 -0.031128 -0.048706 0.132911 -0.060522 -0.094699
0.084473 -0.029541 -0.045532 0.164239 -0.057436 -0.088528
0.088867 -0.025513 -0.039307 0.172784 -0.049604 -0.076424
0.084473 -0.024658 -0.038696 0.164239 -0.047943 -0.075237
0.093384 -0.024536 -0.044556 0.181565 -0.047705 -0.086629
0.098755 -0.021240 -0.045288 0.192008 -0.041297 -0.088053
0.092896 -0.018921 -0.042603 0.180616 -0.036788 -0.082832
0.091431 -0.017944 -0.039307 0.177768 -0.034889 -0.076424
0.097046 -0.015625 -0.030151 0.188686 -0.030380 -0.058623
0.104370 -0.016113 -0.017578 0.202926 -0.031329 -0.034177
0.111328 -0.021240 -0.007690 0.216454 -0.041297 -0.014952
0.121582 -0.018433 0.000610 0.236391 -0.035838 0.001187
0.131592 -0.015381 0.005737 0.255853 -0.029905 0.011155
0.140015 -0.014404 0.006958 0.272229 -0.028006 0.013528
0.144531 -0.019531 0.004150 0.281011 -0.037974 0.008070
0.135742 -0.025757 -0.004395 0.263922 -0.050079 -0.008544
0.136963 -0.033813 -0.009277 0.266296 -0.065743 -0.018038
0.156006 -0.036499 -0.009399 0.303321 -0.070965 -0.018275
0.158691 -0.032837 -0.003418 0.308542 -0.063845 -0.006646
0.152710 -0.033936 0.000366 0.296913 -0.065981 0.000712
0.143433 -0.035889 0.003784 0.278875 -0.069778 0.007358
0.139404 -0.036621 0.008911 0.271043 -0.071202 0.017326
0.135254 -0.042358 0.010498 0.262973 -0.082357 0.020411
0.128418 -0.044434 0.008301 0.249682 -0.086392 0.016139
0.126343 -0.039307 0.006592 0.245647 -0.076424 0.012816
0.129639 -0.028931 0.001709 0.252055 -0.056250 0.003323
0.127808 -0.027588 -0.003784 0.248495 -0.053639 -0.007358
0.127197 -0.032715 -0.004395 0.247309 -0.063607 -0.008544
0.119385 -0.036865 -0.011230 0.232119 -0.071677 -0.021835
0.114014 -0.036255 -0.015991 0.221676 -0.070490 -0.031092
0.114258 -0.025391 -0.013794 0.222151 -0.049367 -0.026819
0.114014 -0.019897 -0.010254 0.221676 -0.038686 -0.019937
0.108276 -0.024536 -0.012207 0.210521 -0.047705 -0.023734
0.111084 -0.025391 -0.019287 0.215980 -0.049367 -0.037500
0.112427 -0.018555 -0.023560 0.218590 -0.036076 -0.045807
0.107178 -0.018555 -0.030640 0.208385 -0.036076 -0.059572
0.098999 -0.025391 -0.036865 0.192483 -0.049367 -0.071677
0.097168 -0.027588 -0.040649 0.188923 -0.053639 -0.079034
0.100464 -0.023926 -0.042480 0.195331 -0.046519 -0.082594
0.107056 -0.019531 -0.040405 0.208147 -0.037974 -0.078560
0.111450 -0.023682 -0.033203 0.216692 -0.046044 -0.064557
0.110107 -0.025391 -0.024048 0.214081 -0.049367 -0.046756
0.111694 -0.017944 -0.022949 0.217166 -0.034889 -0.044620
0.110718 -0.015137 -0.022095 0.215268 -0.029430 -0.042959
0.107910 -0.016724 -0.023804 0.209809 -0.032516 -0.046281
0.109985 -0.021851 -0.020752 0.213844 -0.042484 -0.040348
0.111206 -0.020142 -0.026001 0.216217 -0.039161 -0.050553
0.106323 -0.015503 -0.026001 0.206723 -0.030142 -0.050553
0.103149 -0.019775 -0.026367 0.200553 -0.038449 -0.051266
0.106934 -0.022339 -0.022095 0.207910 -0.043433 -0.042959
0.114502 -0.015015 -0.019775 0.222625 -0.029193 -0.038449
0.112793 -0.011719 -0.020630 0.219302 -0.022785 -0.040111
0.105225 -0.010864 -0.020142 0.204587 -0.021123 -0.039161
0.104736 -0.018555 -0.027466 0.203638 -0.036076 -0.053402
0.102417 -0.017578 -0.030151 0.199128 -0.034177 -0.058623
0.110962 -0.018555 -0.029053 0.215742 -0.036076 -0.056487
0.122925 -0.018311 -0.028198 0.239002 -0.035601 -0.054826
0.134399 -0.015137 -0.022095 0.261312 -0.029430 -0.042959
0.141724 -0.011841 -0.015503 0.275552 -0.023022 -0.030142
0.144409 -0.015869 -0.013794 0.280774 -0.030854 -0.026819
0.149536 -0.016724 -0.011719 0.290742 -0.032516 -0.022785
0.152222 -0.012939 -0.013184 0.295963 -0.025158 -0.025633
0.156860 -0.008301 -0.013916 0.304982 -0.016139 -0.027057
0.166382 -0.008667 -0.015137 0.323495 -0.016851 -0.029430
0.176025 -0.007080 -0.023193 0.342245 -0.013766 -0.045095
0.177368 0.000854 -0.026978 0.344855 0.001661 -0.052452
0.169800 0.006226 -0.033936 0.330140 0.012104 -0.065981
0.166016 0.006348 -0.033936 0.322783 0.012342 -0.065981
0.166016 0.002319 -0.026001 0.322783 0.004509 -0.050553
0.164307 0.002319 -0.016724 0.319460 0.004509 -0.032516
0.164063 0.005371 -0.010254 0.318985 0.010443 -0.019937
0.165771 0.006836 -0.008545 0.322308 0.013291 -0.016614
0.160034 -0.001343 -0.011108 0.311153 -0.002611 -0.021598
0.155396 -0.008911 -0.009033 0.302134 -0.017326 -0.017563
0.153809 -0.015625 -0.006836 0.299049 -0.030380 -0.013291
0.153687 -0.017456 -0.012329 0.298811 -0.033940 -0.023971
0.162354 -0.009521 -0.013794 0.315663 -0.018513 -0.026819
0.168945 -0.002686 -0.006226 0.328479 -0.005221 -0.012104
0.174316 0.000610 -0.004639 0.338922 0.001187 -0.009019
0.172974 0.005371 -0.010376 0.336311 0.010443 -0.020174
0.164063 0.007813 -0.016846 0.318985 0.015190 -0.032753
0.154419 0.004761 -0.024170 0.300235 0.009256 -0.046993
0.147827 0.003418 -0.021729 0.287419 0.006646 -0.042247
0.147217 0.000000 -0.008667 0.286232 0.000000 -0.016851
0.145386 -0.009644 -0.003906 0.282672 -0.018750 -0.007595
0.145630 -0.011353 0.003174 0.283147 -0.022073 0.006171
0.142212 -0.010010 0.012573 0.276501 -0.019462 0.024446
0.133179 -0.003296 0.013184 0.258938 -0.006408 0.025633
0.122681 -0.002441 0.006836 0.238527 -0.004747 0.013291
0.116455 0.001587 0.000122 0.226423 0.003085 0.000237
0.113281 0.006958 -0.007568 0.220252 0.013528 -0.014715
0.114502 0.008301 -0.014282 0.222625 0.016139 -0.027769
0.123535 0.008301 -0.017090 0.240188 0.016139 -0.033228
0.130005 0.008911 -0.017944 0.252767 0.017326 -0.034889
0.138184 0.016602 -0.020630 0.268669 0.032278 -0.040111
0.143311 0.026611 -0.013184 0.278637 0.051740 -0.025633
0.142700 0.031128 -0.007080 0.277451 0.060522 -0.013766
0.150146 0.028320 -0.004517 0.291929 0.055063 -0.008782
0.156860 0.025391 -0.002930 0.304982 0.049367 -0.005696
0.152222 0.026611 -0.003418 0.295963 0.051740 -0.006646
0.150513 0.023315 -0.014893 0.292641 0.045332 -0.028956
0.154297 0.018188 -0.017456 0.299998 0.035364 -0.033940
0.157837 0.015991 -0.019775 0.306881 0.031092 -0.038449
0.163330 0.021484 -0.024902 0.317561 0.041772 -0.048417
0.167480 0.025024 -0.026733 0.325631 0.048655 -0.051978
