-0.189453 0.018799 0.118652 -0.368352 0.036550 0.230695
-0.386475 -0.075195 0.210693 -0.751419 -0.146202 0.409649
-0.565308 -0.150757 0.211670 -1.099123 -0.293115 0.411548
-0.735107 -0.121704 0.114258 -1.429263 -0.236628 0.222151
-0.737549 -0.052734 -0.011475 -1.434010 -0.102531 -0.022310
-0.634644 0.032959 -0.062866 -1.233932 0.064082 -0.122230
-0.483276 0.067017 -0.038940 -0.939630 0.130300 -0.075712
-0.321777 0.042603 0.032837 -0.625629 0.082832 0.063845
-0.186401 0.001831 0.116211 -0.362419 0.003560 0.225948
-0.103760 -0.021362 0.161621 -0.201739 -0.041535 0.314239
-0.072754 -0.023438 0.147095 -0.141455 -0.045569 0.285995
-0.073608 -0.024170 0.090454 -0.143116 -0.046993 0.175869
-0.089966 -0.012085 0.032715 -0.174920 -0.023497 0.063607
-0.099854 0.015381 0.016357 -0.194144 0.029905 0.031804
-0.093994 0.021118 0.024170 -0.182752 0.041060 0.046993
-0.069946 0.009766 0.032837 -0.135996 0.018987 0.063845
-0.048096 -0.001221 0.035767 -0.093512 -0.002373 0.069541
-0.055542 -0.022583 0.027466 -0.107990 -0.043908 0.053402
-0.088867 -0.052124 0.011597 -0.172784 -0.101344 0.022547
-0.131348 -0.058228 -0.009766 -0.255378 -0.113211 -0.018987
-0.165039 -0.035767 -0.033813 -0.320884 -0.069541 -0.065743
-0.180298 -0.026245 -0.058960 -0.350552 -0.051028 -0.114635
-0.177246 -0.025146 -0.067993 -0.344618 -0.048892 -0.132199
-0.156128 -0.014282 -0.054321 -0.303558 -0.027769 -0.105616
-0.127197 -0.011475 -0.044189 -0.247309 -0.022310 -0.085917
-0.094849 -0.007935 -0.044434 -0.184413 -0.015427 -0.086392
-0.078125 -0.004639 -0.049805 -0.151898 -0.009019 -0.096835
-0.096313 -0.024414 -0.066040 -0.187261 -0.047468 -0.128401
-0.129761 -0.073975 -0.078125 -0.252293 -0.143828 -0.151898
-0.158936 -0.106934 -0.081421 -0.309017 -0.207910 -0.158306
-0.170776 -0.104980 -0.083862 -0.332039 -0.204113 -0.163053
-0.155762 -0.079834 -0.087646 -0.302846 -0.155221 -0.170410
-0.126465 -0.051636 -0.079102 -0.245885 -0.100395 -0.153797
-0.097534 -0.030396 -0.059204 -0.189635 -0.059098 -0.115110
-0.069336 -0.003540 -0.050171 -0.134809 -0.006883 -0.097547
-0.041748 0.024536 -0.060913 -0.081170 0.047705 -0.118433
-0.030273 0.023315 -0.084351 -0.058860 0.045332 -0.164002
-0.034180 0.010498 -0.104370 -0.066455 0.020411 -0.202926
-0.032471 -0.002319 -0.113159 -0.063133 -0.004509 -0.220014
-0.010864 -0.001709 -0.116577 -0.021123 -0.003323 -0.226660
0.025146 -0.015381 -0.113525 0.048892 -0.029905 -0.220726
0.063843 -0.026123 -0.094971 0.124129 -0.050791 -0.184651
0.113403 -0.000732 -0.060425 0.220489 -0.001424 -0.117483
0.160278 0.039551 -0.023804 0.311628 0.076898 -0.046281
0.207031 0.054443 -0.006836 0.402529 0.105854 -0.013291
0.247070 0.051880 -0.026489 0.480377 0.100870 -0.051503
0.259644 0.037720 -0.052612 0.504823 0.073338 -0.102294
0.280762 0.045410 -0.074341 0.545883 0.088291 -0.144540
0.333008 0.044312 -0.094482 0.647464 0.086155 -0.183701
0.410034 0.042725 -0.097900 0.797226 0.083069 -0.190347
0.496582 0.064209 -0.079468 0.965500 0.124841 -0.154509
0.577271 0.098022 -0.044556 1.122382 0.190584 -0.086629
0.619873 0.118286 -0.001953 1.205214 0.229983 -0.003797
0.616089 0.117554 0.042603 1.197856 0.228559 0.082832
0.598633 0.110840 0.066895 1.163917 0.215505 0.130062
0.628784 0.117432 0.057495 1.222540 0.228321 0.111787
0.709351 0.116455 0.031372 1.379184 0.226423 0.060996
0.784790 0.101196 0.014648 1.525861 0.196755 0.028481
0.820313 0.072876 0.018677 1.594927 0.141692 0.036313
0.810913 0.048340 0.034180 1.576651 0.093987 0.066455
0.753418 0.020996 0.040894 1.464864 0.040823 0.079509
0.673950 -0.009521 0.041138 1.310356 -0.018513 0.079984
0.610352 -0.009644 0.039307 1.186701 -0.018750 0.076424
0.592896 -0.014771 0.028687 1.152762 -0.028718 0.055775
0.615479 -0.013184 0.009521 1.196670 -0.025633 0.018513
0.647583 0.000366 -0.020142 1.259090 0.000712 -0.039161
0.639404 0.021729 -0.058838 1.243188 0.042247 -0.114398
0.585571 0.020508 -0.097290 1.138521 0.039873 -0.189160
0.524170 -0.003540 -0.131348 1.019139 -0.006883 -0.255378
0.458008 -0.017944 -0.108765 0.890501 -0.034889 -0.211470
0.423584 -0.007568 -0.085571 0.823571 -0.014715 -0.166376
0.379517 -0.016113 -0.086792 0.737891 -0.031329 -0.168749
0.340210 -0.033691 -0.108887 0.661467 -0.065506 -0.211708
0.321411 -0.050049 -0.139771 0.624917 -0.097310 -0.271755
0.315796 -0.046143 -0.166138 0.613999 -0.089715 -0.323020
0.318848 -0.010254 -0.178223 0.619933 -0.019937 -0.346517
0.342041 0.039673 -0.169434 0.665027 0.077136 -0.329428
0.383179 0.085571 -0.146729 0.745011 0.166376 -0.285283
0.417603 0.116089 -0.115479 0.811941 0.225711 -0.224524
0.418823 0.114258 -0.081787 0.814315 0.222151 -0.159018
0.396240 0.076416 -0.046143 0.770407 0.148575 -0.089715
0.373047 0.049683 -0.014771 0.725312 0.096597 -0.028718
0.351563 0.058105 -0.004883 0.683540 0.112974 -0.009494
0.341431 0.085571 0.011475 0.663841 0.166376 0.022310
0.355103 0.113159 0.058228 0.690423 0.220014 0.113211
0.388794 0.143677 0.096924 0.755929 0.279350 0.188448
0.423218 0.169556 0.110962 0.822859 0.329666 0.215742
0.450195 0.180420 0.120361 0.875311 0.350789 0.234018
0.456665 0.170044 0.141724 0.887890 0.330615 0.275552
0.446899 0.157837 0.157104 0.868903 0.306881 0.305457
0.438843 0.139160 0.140991 0.853238 0.270568 0.274128
0.444458 0.120728 0.108276 0.864156 0.234730 0.210521
0.455688 0.090454 0.068604 0.885991 0.175869 0.133385
0.464233 0.070313 0.027954 0.902605 0.136708 0.054351
0.453369 0.061890 0.009033 0.881482 0.120332 0.017563
0.427734 0.061279 0.006226 0.831640 0.119145 0.012104
0.411133 0.068848 0.008789 0.799362 0.133860 0.017089
0.414063 0.092896 0.027344 0.805058 0.180616 0.053164
0.409790 0.111450 0.050293 0.796751 0.216692 0.097784
0.395874 0.093628 0.055664 0.769695 0.182040 0.108227
0.363281 0.077271 0.047241 0.706325 0.150236 0.091851
0.299316 0.068848 0.027100 0.581958 0.133860 0.052690
0.224243 0.070190 -0.001343 0.435994 0.136471 -0.002611
0.177124 0.078003 -0.030396 0.344381 0.151660 -0.059098
0.157715 0.072144 -0.048828 0.306644 0.140268 -0.094936
0.125732 0.055786 -0.056519 0.244460 0.108465 -0.109889
0.075806 0.044067 -0.068848 0.147388 0.085680 -0.133860
0.023682 0.038330 -0.091553 0.046044 0.074525 -0.178005
-0.011108 0.052612 -0.090454 -0.021598 0.102294 -0.175869
-0.029785 0.052734 -0.065918 -0.057911 0.102531 -0.128164
-0.035400 0.040039 -0.040527 -0.068829 0.077848 -0.078797
-0.033447 0.035645 -0.027710 -0.065031 0.069303 -0.053876
-0.047363 0.040283 -0.049927 -0.092088 0.078322 -0.097072
-0.076782 0.020630 -0.088257 -0.149287 0.040111 -0.171597
-0.119629 -0.008789 -0.113647 -0.232593 -0.017089 -0.220964
-0.155762 -0.025513 -0.125366 -0.302846 -0.049604 -0.243748
-0.157593 -0.026978 -0.119019 -0.306406 -0.052452 -0.231407
-0.134766 -0.018921 -0.096802 -0.262024 -0.036788 -0.188211
-0.106201 0.010010 -0.066772 -0.206486 0.019462 -0.129825
-0.084351 0.033447 -0.053345 -0.164002 0.065031 -0.103718
-0.069458 0.030273 -0.055542 -0.135047 0.058860 -0.107990
-0.066528 0.016968 -0.055542 -0.129350 0.032990 -0.107990
-0.071777 0.012939 -0.053711 -0.139556 0.025158 -0.104430
-0.069336 0.014160 -0.041992 -0.134809 0.027531 -0.081645
-0.075317 -0.005127 -0.030029 -0.146439 -0.009968 -0.058386
-0.078369 -0.026611 -0.023193 -0.152372 -0.051740 -0.045095
-0.080078 -0.032471 -0.024292 -0.155695 -0.063133 -0.047231
-0.072998 -0.035522 -0.020752 -0.141929 -0.069066 -0.040348
-0.042358 -0.018188 0.000732 -0.082357 -0.035364 0.001424
-0.020264 -0.000732 0.006348 -0.039398 -0.001424 0.012342
-0.014282 -0.016113 0.002686 -0.027769 -0.031329 0.005221
-0.020630 -0.022461 0.010254 -0.040111 -0.043671 0.019937
-0.027588 -0.001709 0.013428 -0.053639 -0.003323 0.026107
-0.026978 0.018188 0.000122 -0.052452 0.035364 0.000237
-0.029297 0.012451 -0.019775 -0.056962 0.024209 -0.038449
-0.039673 -0.000488 -0.033325 -0.077136 -0.000949 -0.064794
-0.050415 -0.008301 -0.041382 -0.098022 -0.016139 -0.080458
-0.058350 -0.015625 -0.039185 -0.113449 -0.030380 -0.076186
-0.059448 -0.015625 -0.019653 -0.115585 -0.030380 -0.038212
-0.050903 -0.017944 0.003296 -0.098971 -0.034889 0.006408
-0.030518 -0.010254 0.013794 -0.059335 -0.019937 0.026819
-0.018677 0.000000 0.003418 -0.036313 0.000000 0.006646
-0.016602 0.007690 -0.014893 -0.032278 0.014952 -0.028956
-0.021606 0.011475 -0.026611 -0.042009 0.022310 -0.051740
-0.023560 0.009399 -0.028687 -0.045807 0.018275 -0.055775
-0.020264 0.005615 -0.024780 -0.039398 0.010918 -0.048180
-0.020874 0.005249 -0.017212 -0.040585 0.010206 -0.033465
-0.019653 0.015015 -0.011597 -0.038212 0.029193 -0.022547
-0.016602 0.018555 -0.016235 -0.032278 0.036076 -0.031566
-0.020996 0.013916 -0.018066 -0.040823 0.027057 -0.035126
