-0.125000 -0.153320 -0.051025 -0.243036 -0.298099 -0.099208
-0.145020 -0.151245 -0.039185 -0.281960 -0.294065 -0.076186
-0.157349 -0.147217 -0.030029 -0.305932 -0.286232 -0.058386
-0.175415 -0.151367 -0.011963 -0.341058 -0.294302 -0.023259
-0.187378 -0.134766 -0.015381 -0.364317 -0.262024 -0.029905
-0.211548 -0.114380 -0.020264 -0.411311 -0.222388 -0.039398
-0.212646 -0.087891 -0.020020 -0.413447 -0.170885 -0.038924
-0.158936 -0.083008 -0.011353 -0.309017 -0.161391 -0.022073
-0.099121 -0.086792 0.002686 -0.192720 -0.168749 0.005221
-0.051880 -0.089844 0.018921 -0.100870 -0.174682 0.036788
-0.032959 -0.082642 0.023926 -0.064082 -0.160679 0.046519
-0.034790 -0.069336 0.021362 -0.067642 -0.134809 0.041535
-0.033081 -0.059448 0.014526 -0.064319 -0.115585 0.028243
-0.029541 -0.044556 0.006348 -0.057436 -0.086629 0.012342
-0.036011 -0.031860 -0.003052 -0.070015 -0.061946 -0.005934
-0.046021 -0.021118 -0.005371 -0.089477 -0.041060 -0.010443
-0.052246 -0.018433 -0.007446 -0.101582 -0.035838 -0.014478
-0.055176 -0.023071 -0.003296 -0.107278 -0.044857 -0.006408
-0.055664 -0.023926 -0.003540 -0.108227 -0.046519 -0.006883
-0.048096 -0.024536 -0.001831 -0.093512 -0.047705 -0.003560
-0.036011 -0.030518 0.003052 -0.070015 -0.059335 0.005934
-0.027466 -0.038696 0.011475 -0.053402 -0.075237 0.022310
-0.019653 -0.040283 0.012817 -0.038212 -0.078322 0.024921
-0.021973 -0.033325 0.011719 -0.042721 -0.064794 0.022785
-0.028320 -0.034790 0.006836 -0.055063 -0.067642 0.013291
-0.033447 -0.036377 0.008423 -0.065031 -0.070727 0.016376
-0.027222 -0.036499 0.009644 -0.052927 -0.070965 0.018750
-0.012085 -0.039795 0.004150 -0.023497 -0.077373 0.008070
-0.004272 -0.044434 -0.002930 -0.008307 -0.086392 -0.005696
0.006226 -0.050415 -0.014526 0.012104 -0.098022 -0.028243
0.028687 -0.058472 -0.007813 0.055775 -0.113686 -0.015190
0.041260 -0.064087 -0.005371 0.080221 -0.124604 -0.010443
0.047363 -0.063232 -0.015869 0.092088 -0.122942 -0.030854
0.043457 -0.061279 -0.018066 0.084493 -0.119145 -0.035126
0.033447 -0.059692 -0.009399 0.065031 -0.116059 -0.018275
0.037354 -0.064941 -0.005249 0.072626 -0.126265 -0.010206
0.033569 -0.068481 -0.007690 0.065269 -0.133148 -0.014952
0.026733 -0.062866 -0.006958 0.051978 -0.122230 -0.013528
0.035767 -0.054932 0.002563 0.069541 -0.106803 0.004984
0.040039 -0.051758 0.015625 0.077848 -0.100632 0.030380
0.046997 -0.054199 0.010254 0.091376 -0.105379 0.019937
0.046143 -0.051270 0.008057 0.089715 -0.099683 0.015664
0.042480 -0.050415 0.006836 0.082594 -0.098022 0.013291
0.040894 -0.057007 -0.000977 0.079509 -0.110838 -0.001899
0.031616 -0.056641 -0.017334 0.061471 -0.110126 -0.033702
0.022827 -0.051880 -0.028198 0.044383 -0.100870 -0.054826
0.030762 -0.050293 -0.031372 0.059810 -0.097784 -0.060996
0.045532 -0.049561 -0.024902 0.088528 -0.096360 -0.048417
0.058350 -0.050049 -0.013794 0.113449 -0.097310 -0.026819
0.067139 -0.052002 -0.002075 0.130537 -0.101107 -0.004035
0.072876 -0.051758 -0.008667 0.141692 -0.100632 -0.016851
0.066528 -0.052246 -0.016602 0.129350 -0.101582 -0.032278
0.063843 -0.055054 -0.024902 0.124129 -0.107040 -0.048417
0.072388 -0.057983 -0.028198 0.140743 -0.112737 -0.054826
0.074829 -0.056030 -0.029175 0.145490 -0.108939 -0.056724
0.085083 -0.051636 -0.032104 0.165426 -0.100395 -0.062420
0.099487 -0.048584 -0.036255 0.193432 -0.094461 -0.070490
0.102661 -0.045532 -0.036987 0.199603 -0.088528 -0.071914
0.095093 -0.050049 -0.042847 0.184888 -0.097310 -0.083306
0.086304 -0.055786 -0.050537 0.167800 -0.108465 -0.098259
0.086304 -0.056274 -0.054077 0.167800 -0.109414 -0.105142
0.091675 -0.053833 -0.053711 0.178243 -0.104667 -0.104430
0.090820 -0.046143 -0.047607 0.176581 -0.089715 -0.092563
0.093750 -0.043091 -0.044922 0.182277 -0.083781 -0.087341
0.106567 -0.039795 -0.044800 0.207198 -0.077373 -0.087104
0.118286 -0.033936 -0.039551 0.229983 -0.065981 -0.076898
0.124390 -0.032593 -0.044800 0.241850 -0.063370 -0.087104
0.125366 -0.031006 -0.054321 0.243748 -0.060284 -0.105616
0.131714 -0.029663 -0.057495 0.256090 -0.057674 -0.111787
0.146973 -0.028687 -0.049438 0.285758 -0.055775 -0.096123
0.152100 -0.023560 -0.049072 0.295726 -0.045807 -0.095411
0.138794 -0.010498 -0.032471 0.269856 -0.020411 -0.063133
0.136963 -0.009033 -0.019775 0.266296 -0.017563 -0.038449
0.139648 -0.009033 -0.017578 0.271517 -0.017563 -0.034177
0.135132 -0.005859 -0.015625 0.262736 -0.011392 -0.030380
0.134644 -0.007446 -0.017822 0.261786 -0.014478 -0.034652
0.138672 -0.010742 -0.021362 0.269619 -0.020886 -0.041535
0.131226 -0.009644 -0.016846 0.255141 -0.018750 -0.032753
0.129272 -0.012939 -0.024658 0.251343 -0.025158 -0.047943
0.146484 -0.020508 -0.025879 0.284808 -0.039873 -0.050316
0.179565 -0.025146 -0.020142 0.349128 -0.048892 -0.039161
0.206177 -0.029053 -0.019287 0.400868 -0.056487 -0.037500
0.215942 -0.036743 -0.019531 0.419855 -0.071439 -0.037974
0.217651 -0.038696 -0.019043 0.423178 -0.075237 -0.037025
0.218384 -0.033936 -0.013062 0.424602 -0.065981 -0.025395
0.212891 -0.031250 -0.007324 0.413921 -0.060759 -0.014240
0.204590 -0.033081 -0.004395 0.397782 -0.064319 -0.008544
0.201172 -0.033691 -0.009277 0.391137 -0.065506 -0.018038
0.199951 -0.031006 -0.014526 0.388763 -0.060284 -0.028243
0.205322 -0.032227 -0.019409 0.399206 -0.062658 -0.037737
0.213989 -0.031372 -0.021851 0.416058 -0.060996 -0.042484
0.209717 -0.026733 -0.034668 0.407751 -0.051978 -0.067405
0.204712 -0.014526 -0.023926 0.398020 -0.028243 -0.046519
0.205811 -0.015503 -0.028320 0.400156 -0.030142 -0.055063
0.186279 -0.012939 -0.047485 0.362181 -0.025158 -0.092325
0.182129 -0.008179 -0.047852 0.354112 -0.015902 -0.093037
0.184082 -0.009399 -0.047363 0.357909 -0.018275 -0.092088
0.167480 -0.012085 -0.052124 0.325631 -0.023497 -0.101344
0.154297 -0.019043 -0.045044 0.299998 -0.037025 -0.087579
0.157959 -0.023071 -0.037354 0.307118 -0.044857 -0.072626
0.158813 -0.025513 -0.030029 0.308780 -0.049604 -0.058386
0.147827 -0.029785 -0.021851 0.287419 -0.057911 -0.042484
0.135986 -0.030151 -0.015137 0.264397 -0.058623 -0.029430
0.131958 -0.027954 -0.012695 0.256565 -0.054351 -0.024683
0.131104 -0.021729 -0.012817 0.254903 -0.042247 -0.024921
0.132813 -0.017212 -0.015381 0.258226 -0.033465 -0.029905
0.131836 -0.018311 -0.020264 0.256328 -0.035601 -0.039398
0.131226 -0.020264 -0.031250 0.255141 -0.039398 -0.060759
0.128784 -0.022095 -0.038086 0.250394 -0.042959 -0.074050
0.123901 -0.022339 -0.036621 0.240900 -0.043433 -0.071202
0.128418 -0.019287 -0.027100 0.249682 -0.037500 -0.052690
0.133545 -0.011353 -0.015015 0.259650 -0.022073 -0.029193
0.129517 -0.000610 -0.009033 0.251818 -0.001187 -0.017563
0.120850 -0.000366 -0.004272 0.234967 -0.000712 -0.008307
0.118896 -0.007080 -0.000122 0.231169 -0.013766 -0.000237
0.119385 -0.014526 0.006836 0.232119 -0.028243 0.013291
0.115356 -0.021851 0.009521 0.224287 -0.042484 0.018513
0.112549 -0.026123 0.008911 0.218828 -0.050791 0.017326
0.117554 -0.031982 0.014771 0.228559 -0.062183 0.028718
0.120117 -0.044312 0.024048 0.233543 -0.086155 0.046756
0.125000 -0.043701 0.025513 0.243036 -0.084968 0.049604
0.140137 -0.035156 0.024048 0.272467 -0.068354 0.046756
0.156860 -0.028809 0.018066 0.304982 -0.056012 0.035126
0.158081 -0.018311 0.009521 0.307356 -0.035601 0.018513
0.150269 -0.012329 -0.001221 0.292166 -0.023971 -0.002373
0.141357 -0.018433 -0.010620 0.274840 -0.035838 -0.020649
0.129272 -0.031494 -0.015503 0.251343 -0.061234 -0.030142
0.115723 -0.044312 -0.019897 0.224999 -0.086155 -0.038686
0.101318 -0.051025 -0.028442 0.196992 -0.099208 -0.055300
0.088257 -0.052612 -0.035522 0.171597 -0.102294 -0.069066
0.084229 -0.051758 -0.028198 0.163765 -0.100632 -0.054826
0.081177 -0.050049 -0.020630 0.157831 -0.097310 -0.040111
0.065186 -0.049194 -0.018433 0.126740 -0.095648 -0.035838
0.054688 -0.048584 -0.014038 0.106328 -0.094461 -0.027294
0.067993 -0.049072 -0.014282 0.132199 -0.095411 -0.027769
0.079956 -0.042236 -0.005127 0.155458 -0.082120 -0.009968
0.075684 -0.037109 -0.005127 0.147151 -0.072151 -0.009968
0.071045 -0.031494 -0.010864 0.138132 -0.061234 -0.021123
0.074463 -0.033936 -0.013672 0.144778 -0.065981 -0.026582
0.074829 -0.038330 -0.009888 0.145490 -0.074525 -0.019225
0.082397 -0.040283 -0.002686 0.160205 -0.078322 -0.005221
0.101929 -0.036865 0.007690 0.198179 -0.071677 0.014952
0.116333 -0.025269 0.023438 0.226185 -0.049129 0.045569
0.127319 -0.012939 0.031616 0.247546 -0.025158 0.061471
0.131714 -0.008423 0.028076 0.256090 -0.016376 0.054588
0.123047 -0.017456 0.016968 0.239239 -0.033940 0.032990
0.111328 -0.030273 0.006104 0.216454 -0.058860 0.011867
0.112915 -0.031006 -0.002319 0.219540 -0.060284 -0.004509
0.128540 -0.024414 -0.004395 0.249919 -0.047468 -0.008544
0.145020 -0.015869 -0.004028 0.281960 -0.030854 -0.007832
