-0.579712 -0.170410 -0.236816 -1.127129 -0.331327 -0.460440
-0.584839 -0.151367 -0.306641 -1.137097 -0.294302 -0.596199
-0.583252 -0.114136 -0.331421 -1.134012 -0.221913 -0.644379
-0.655640 -0.119873 -0.299194 -1.274755 -0.233068 -0.581721
-0.575684 -0.094360 -0.233032 -1.119297 -0.183464 -0.453083
-0.446655 -0.047363 -0.177002 -0.868428 -0.092088 -0.344143
-0.332642 -0.014282 -0.124390 -0.646752 -0.027769 -0.241850
-0.239624 0.004395 -0.080078 -0.465899 0.008544 -0.155695
-0.187012 -0.000977 -0.036011 -0.363605 -0.001899 -0.070015
-0.165039 0.000977 0.001221 -0.320884 0.001899 0.002373
-0.145996 -0.004761 0.021118 -0.283859 -0.009256 0.041060
-0.124268 -0.018433 0.023560 -0.241612 -0.035838 0.045807
-0.094238 -0.022705 0.009766 -0.183227 -0.044145 0.018987
-0.057373 -0.017822 -0.006958 -0.111550 -0.034652 -0.013528
-0.028931 -0.007690 -0.014648 -0.056250 -0.014952 -0.028481
-0.016724 -0.000732 -0.016357 -0.032516 -0.001424 -0.031804
-0.015015 -0.007935 -0.017456 -0.029193 -0.015427 -0.033940
-0.024048 -0.021851 -0.019531 -0.046756 -0.042484 -0.037974
-0.039185 -0.024902 -0.023071 -0.076186 -0.048417 -0.044857
-0.044556 -0.033569 -0.035156 -0.086629 -0.065269 -0.068354
-0.038086 -0.040771 -0.053589 -0.074050 -0.079272 -0.104192
-0.017212 -0.037720 -0.062988 -0.033465 -0.073338 -0.122468
-0.001587 -0.028442 -0.055054 -0.003085 -0.055300 -0.107040
0.002563 -0.030396 -0.042847 0.004984 -0.059098 -0.083306
0.010132 -0.033447 -0.026611 0.019699 -0.065031 -0.051740
0.020264 -0.023804 -0.018921 0.039398 -0.046281 -0.036788
0.032593 -0.000366 -0.023560 0.063370 -0.000712 -0.045807
0.047729 0.018921 -0.032349 0.092800 0.036788 -0.062895
0.060059 0.026611 -0.040405 0.116771 0.051740 -0.078560
0.063599 0.003418 -0.040527 0.123654 0.006646 -0.078797
0.061157 -0.029053 -0.029663 0.118907 -0.056487 -0.057674
0.052856 -0.037598 -0.024414 0.102768 -0.073101 -0.047468
0.042969 -0.033813 -0.033813 0.083544 -0.065743 -0.065743
0.036133 -0.025513 -0.047729 0.070253 -0.049604 -0.092800
0.030640 -0.024780 -0.060669 0.059572 -0.048180 -0.117958
0.027100 -0.025146 -0.068726 0.052690 -0.048892 -0.133623
0.031616 -0.026123 -0.067749 0.061471 -0.050791 -0.131724
0.045898 -0.011597 -0.058228 0.089240 -0.022547 -0.113211
0.063477 0.013062 -0.044678 0.123417 0.025395 -0.086867
0.081665 0.034546 -0.035889 0.158781 0.067167 -0.069778
0.096069 0.039551 -0.036865 0.186787 0.076898 -0.071677
0.097290 0.033691 -0.042847 0.189160 0.065506 -0.083306
0.089355 0.027344 -0.053345 0.173733 0.053164 -0.103718
0.080078 0.030029 -0.069702 0.155695 0.058386 -0.135521
0.071167 0.034302 -0.085205 0.138369 0.066693 -0.165664
0.071411 0.039795 -0.087158 0.138844 0.077373 -0.169461
0.077026 0.041016 -0.077271 0.149762 0.079746 -0.150236
0.082642 0.024414 -0.062378 0.160679 0.047468 -0.121281
0.082153 -0.003784 -0.049805 0.159730 -0.007358 -0.096835
0.082520 -0.007935 -0.038086 0.160442 -0.015427 -0.074050
0.085327 0.010986 -0.033813 0.165901 0.021361 -0.065743
0.089355 0.015015 -0.041138 0.173733 0.029193 -0.079984
0.087769 -0.003418 -0.048706 0.170648 -0.006646 -0.094699
0.075684 -0.015137 -0.050659 0.147151 -0.029430 -0.098496
0.043701 -0.042725 -0.023926 0.084968 -0.083069 -0.046519
0.026978 -0.054810 0.002197 0.052452 -0.106566 0.004272
0.034424 -0.029175 -0.006470 0.066930 -0.056724 -0.012579
0.048950 -0.017700 -0.044678 0.095173 -0.034414 -0.086867
0.053467 -0.036621 -0.077393 0.103955 -0.071202 -0.150474
0.048218 -0.053711 -0.079712 0.093749 -0.104430 -0.154983
0.046997 -0.049194 -0.058472 0.091376 -0.095648 -0.113686
0.059448 -0.032715 -0.038696 0.115585 -0.063607 -0.075237
0.071045 -0.024902 -0.033813 0.138132 -0.048417 -0.065743
0.077148 -0.013550 -0.034790 0.149999 -0.026345 -0.067642
0.077759 0.004517 -0.036865 0.151186 0.008782 -0.071677
0.078613 0.005005 -0.036255 0.152847 0.009731 -0.070490
0.071045 -0.012573 -0.025024 0.138132 -0.024446 -0.048655
0.055298 -0.039307 -0.010620 0.107515 -0.076424 -0.020649
0.053589 -0.056274 -0.029419 0.104192 -0.109414 -0.057199
0.057251 -0.049805 -0.062622 0.111313 -0.096835 -0.121756
0.045898 -0.037109 -0.086914 0.089240 -0.072151 -0.168986
0.029663 -0.029053 -0.096802 0.057674 -0.056487 -0.188211
0.020996 -0.029663 -0.096313 0.040823 -0.057674 -0.187261
0.017456 -0.031860 -0.090210 0.033940 -0.061946 -0.175394
0.029297 -0.019897 -0.078857 0.056962 -0.038686 -0.153322
0.049438 -0.001099 -0.068237 0.096123 -0.002136 -0.132673
0.068848 0.002075 -0.061157 0.133860 0.004035 -0.118907
0.076172 0.004395 -0.046753 0.148100 0.008544 -0.090901
0.085693 0.020020 -0.031128 0.166613 0.038924 -0.060522
0.091919 0.029907 -0.038208 0.178717 0.058148 -0.074288
0.096802 0.031494 -0.052856 0.188211 0.061234 -0.102768
0.101074 0.036377 -0.063965 0.196518 0.070727 -0.124366
0.107300 0.047607 -0.068604 0.208622 0.092563 -0.133385
0.109985 0.042847 -0.066162 0.213844 0.083306 -0.128638
0.106567 0.028076 -0.060669 0.207198 0.054588 -0.117958
0.111816 0.020020 -0.054321 0.217404 0.038924 -0.105616
0.127075 0.046021 -0.047363 0.247071 0.089477 -0.092088
0.140503 0.072998 -0.044189 0.273179 0.141929 -0.085917
0.152954 0.079468 -0.043945 0.297387 0.154509 -0.085443
0.161377 0.075806 -0.045532 0.313764 0.147388 -0.088528
0.164063 0.068848 -0.037476 0.318985 0.133860 -0.072863
0.165039 0.068604 -0.017822 0.320884 0.133385 -0.034652
0.172485 0.060425 -0.008545 0.335362 0.117483 -0.016614
0.184570 0.065186 -0.007568 0.358858 0.126740 -0.014715
0.188721 0.067871 -0.011353 0.366928 0.131961 -0.022073
0.179443 0.067505 -0.014282 0.348890 0.131249 -0.027769
0.167969 0.062378 -0.010254 0.326580 0.121281 -0.019937
0.164673 0.054443 0.008545 0.320172 0.105854 0.016614
0.183350 0.049683 0.027344 0.356485 0.096597 0.053164
0.199707 0.073364 0.016479 0.388289 0.142642 0.032041
0.187988 0.072266 0.004517 0.365504 0.140505 0.008782
0.159424 0.058960 0.002808 0.309966 0.114635 0.005459
0.146362 0.048340 -0.002563 0.284571 0.093987 -0.004984
0.148682 0.044678 -0.013062 0.289080 0.086867 -0.025395
0.146851 0.034790 -0.022217 0.285520 0.067642 -0.043196
0.146484 0.033813 -0.027832 0.284808 0.065743 -0.054114
0.156982 0.036133 -0.027832 0.305220 0.070253 -0.054114
0.168945 0.036743 -0.020630 0.328479 0.071439 -0.040111
0.180786 0.038452 -0.012573 0.351501 0.074762 -0.024446
0.185181 0.056030 -0.012939 0.360045 0.108939 -0.025158
0.187256 0.059082 -0.023315 0.364080 0.114873 -0.045332
0.189819 0.051270 -0.033081 0.369064 0.099683 -0.064319
0.178101 0.031006 -0.041138 0.346279 0.060284 -0.079984
0.163574 0.017334 -0.048340 0.318036 0.033702 -0.093987
0.159912 0.010010 -0.052124 0.310916 0.019462 -0.101344
0.166016 0.007202 -0.044312 0.322783 0.014003 -0.086155
0.168091 0.007813 -0.022217 0.326818 0.015190 -0.043196
0.168091 0.008423 -0.000732 0.326818 0.016376 -0.001424
0.166870 0.004150 0.003662 0.324444 0.008070 0.007120
0.155396 -0.000244 -0.012695 0.302134 -0.000475 -0.024683
0.133667 -0.011353 -0.034546 0.259888 -0.022073 -0.067167
0.118408 -0.017090 -0.043213 0.230220 -0.033228 -0.084018
0.119873 -0.002930 -0.033081 0.233068 -0.005696 -0.064319
0.128174 0.005005 -0.014404 0.249207 0.009731 -0.028006
0.114258 -0.006470 0.013062 0.222151 -0.012579 0.025395
0.094238 -0.014648 0.026611 0.183227 -0.028481 0.051740
0.077759 0.000610 0.017700 0.151186 0.001187 0.034414
0.062744 0.004517 0.005981 0.121993 0.008782 0.011630
0.053589 -0.008667 -0.002197 0.104192 -0.016851 -0.004272
0.053345 -0.021851 -0.012207 0.103718 -0.042484 -0.023734
0.056274 -0.023315 -0.017456 0.109414 -0.045332 -0.033940
0.059204 -0.009644 -0.011597 0.115110 -0.018750 -0.022547
0.063599 0.001343 -0.005249 0.123654 0.002611 -0.010206
0.060547 0.002686 -0.006592 0.117721 0.005221 -0.012816
0.038696 -0.015747 0.008423 0.075237 -0.030617 0.016376
0.031616 -0.025269 0.009277 0.061471 -0.049129 0.018038
0.028076 -0.027466 -0.012451 0.054588 -0.053402 -0.024209
0.019897 -0.040771 -0.019409 0.038686 -0.079272 -0.037737
0.014404 -0.054443 -0.010498 0.028006 -0.105854 -0.020411
0.008789 -0.100464 0.020508 0.017089 -0.195331 0.039873
0.023804 -0.092896 0.063477 0.046281 -0.180616 0.123417
0.046021 -0.038086 0.047852 0.089477 -0.074050 0.093037
0.026978 0.003052 0.028931 0.052452 0.005934 0.056250
0.004395 -0.020020 0.019897 0.008544 -0.038924 0.038686
0.016724 -0.034180 0.018433 0.032516 -0.066455 0.035838
0.021729 -0.021240 0.004028 0.042247 -0.041297 0.007832
0.008789 -0.032593 -0.003662 0.017089 -0.063370 -0.007120
-0.006348 -0.052734 -0.001831 -0.012342 -0.102531 -0.003560
-0.016235 -0.059692 0.007935 -0.031566 -0.116059 0.015427
-0.011230 -0.046143 0.020264 -0.021835 -0.089715 0.039398
