-0.253296 -0.235352 -0.138184 -0.492481 -0.457592 -0.268669
-0.231812 -0.213867 -0.153320 -0.450709 -0.415820 -0.298099
-0.210938 -0.147583 -0.123291 -0.410124 -0.286944 -0.239714
-0.215942 -0.052246 -0.095215 -0.419855 -0.101582 -0.185125
-0.268066 -0.006348 -0.112305 -0.521199 -0.012342 -0.218353
-0.312622 0.029785 -0.118408 -0.607828 0.057911 -0.230220
-0.345825 0.046997 -0.097290 -0.672385 0.091376 -0.189160
-0.355713 0.058350 -0.067627 -0.691610 0.113449 -0.131487
-0.339600 0.068726 -0.034424 -0.660281 0.133623 -0.066930
-0.331421 0.078857 -0.008179 -0.644379 0.153322 -0.015902
-0.306152 0.072021 -0.000244 -0.595249 0.140031 -0.000475
-0.249878 0.061157 0.000610 -0.485836 0.118907 0.001187
-0.180420 0.042847 0.007935 -0.350789 0.083306 0.015427
-0.132324 0.037231 0.002441 -0.257277 0.072389 0.004747
-0.116577 0.041138 -0.025146 -0.226660 0.079984 -0.048892
-0.135132 0.019409 -0.056030 -0.262736 0.037737 -0.108939
-0.179321 -0.006104 -0.074463 -0.348653 -0.011867 -0.144778
-0.203003 -0.012085 -0.070923 -0.394697 -0.023497 -0.137895
-0.182739 -0.016602 -0.059448 -0.355298 -0.032278 -0.115585
-0.137817 -0.019165 -0.047729 -0.267957 -0.037262 -0.092800
-0.100342 -0.014893 -0.035034 -0.195094 -0.028956 -0.068117
-0.093994 -0.005737 -0.027832 -0.182752 -0.011155 -0.054114
-0.099609 -0.007324 -0.024292 -0.193670 -0.014240 -0.047231
-0.096924 0.001465 -0.018188 -0.188448 0.002848 -0.035364
-0.085327 0.007568 -0.007568 -0.165901 0.014715 -0.014715
-0.073853 0.001709 -0.003540 -0.143591 0.003323 -0.006883
-0.076538 -0.004883 -0.008057 -0.148812 -0.009494 -0.015664
-0.083496 -0.011963 -0.013916 -0.162341 -0.023259 -0.027057
-0.084839 -0.026855 -0.021240 -0.164952 -0.052215 -0.041297
-0.078125 -0.040039 -0.022095 -0.151898 -0.077848 -0.042959
-0.063599 -0.035034 -0.025635 -0.123654 -0.068117 -0.049841
-0.047363 -0.023193 -0.023315 -0.092088 -0.045095 -0.045332
-0.033691 -0.021484 -0.017822 -0.065506 -0.041772 -0.034652
-0.041626 -0.020752 -0.021362 -0.080933 -0.040348 -0.041535
-0.062866 -0.024292 -0.023315 -0.122230 -0.047231 -0.045332
-0.077393 -0.031006 -0.023682 -0.150474 -0.060284 -0.046044
-0.082153 -0.035034 -0.027954 -0.159730 -0.068117 -0.054351
-0.079346 -0.018555 -0.036011 -0.154271 -0.036076 -0.070015
-0.073608 -0.002563 -0.047974 -0.143116 -0.004984 -0.093275
-0.070801 0.007202 -0.065918 -0.137657 0.014003 -0.128164
-0.060547 0.013550 -0.088745 -0.117721 0.026345 -0.172546
-0.046631 0.019043 -0.092041 -0.090664 0.037025 -0.178955
-0.050659 0.026123 -0.072998 -0.098496 0.050791 -0.141929
-0.073730 0.027100 -0.048828 -0.143354 0.052690 -0.094936
-0.063599 0.029907 -0.031006 -0.123654 0.058148 -0.060284
-0.087402 0.046631 -0.003418 -0.169936 0.090664 -0.006646
-0.158081 0.046387 -0.006714 -0.307356 0.090189 -0.013054
-0.216309 0.067749 0.001099 -0.420567 0.131724 0.002136
-0.206909 0.063477 0.016235 -0.402292 0.123417 0.031566
-0.153687 0.036133 0.019775 -0.298811 0.070253 0.038449
-0.123291 0.043335 0.031860 -0.239714 0.084256 0.061946
-0.130127 0.034546 0.032227 -0.253005 0.067167 0.062658
-0.122070 0.048218 0.036865 -0.237340 0.093749 0.071677
-0.096558 0.040161 0.061035 -0.187736 0.078085 0.118670
-0.080566 0.051147 0.081665 -0.156645 0.099446 0.158781
-0.071167 0.057007 0.089355 -0.138369 0.110838 0.173733
-0.047974 0.039551 0.084473 -0.093275 0.076898 0.164239
-0.047363 0.034912 0.095459 -0.092088 0.067879 0.185600
-0.026123 0.013916 0.085083 -0.050791 0.027057 0.165426
0.004272 -0.000366 0.069214 0.008307 -0.000712 0.134572
0.010254 -0.002563 0.067017 0.019937 -0.004984 0.130300
0.019043 -0.014160 0.047485 0.037025 -0.027531 0.092325
0.046875 -0.015381 0.045410 0.091139 -0.029905 0.088291
0.091309 0.000000 0.057373 0.177531 0.000000 0.111550
0.122925 -0.006592 0.067993 0.239002 -0.012816 0.132199
0.130371 -0.029053 0.068970 0.253479 -0.056487 0.134097
0.141113 -0.030396 0.079468 0.274365 -0.059098 0.154509
0.150024 -0.029053 0.079834 0.291691 -0.056487 0.155221
0.150391 -0.017090 0.074585 0.292403 -0.033228 0.145015
0.139038 -0.044678 0.055786 0.270331 -0.086867 0.108465
0.111328 -0.057495 0.046875 0.216454 -0.111787 0.091139
0.104736 -0.040649 0.041626 0.203638 -0.079034 0.080933
0.114990 -0.027344 0.049194 0.223575 -0.053164 0.095648
0.109009 -0.013672 0.052979 0.211945 -0.026582 0.103006
0.096680 -0.008667 0.054077 0.187973 -0.016851 0.105142
0.072021 -0.002075 0.058838 0.140031 -0.004035 0.114398
0.038818 -0.016846 0.053711 0.075474 -0.032753 0.104430
0.035034 -0.018799 0.047119 0.068117 -0.036550 0.091613
0.019165 -0.026123 0.028320 0.037262 -0.050791 0.055063
0.020020 -0.036865 0.011719 0.038924 -0.071677 0.022785
0.026855 -0.040527 0.022827 0.052215 -0.078797 0.044383
0.038086 -0.059937 0.012207 0.074050 -0.116534 0.023734
0.075684 -0.085205 -0.006226 0.147151 -0.165664 -0.012104
0.081909 -0.084229 -0.005981 0.159255 -0.163765 -0.011630
0.071777 -0.089966 -0.002808 0.139556 -0.174920 -0.005459
0.056641 -0.102295 0.001831 0.110126 -0.198891 0.003560
0.064453 -0.092407 0.009399 0.125316 -0.179667 0.018275
0.064941 -0.110474 0.016724 0.126265 -0.214793 0.032516
0.072266 -0.116577 0.019165 0.140505 -0.226660 0.037262
0.071289 -0.109131 0.005005 0.138607 -0.212182 0.009731
0.072632 -0.103882 -0.005981 0.141217 -0.201977 -0.011630
0.082031 -0.091675 -0.005737 0.159493 -0.178243 -0.011155
0.083740 -0.082520 -0.008545 0.162815 -0.160442 -0.016614
0.079102 -0.075684 -0.005249 0.153797 -0.147151 -0.010206
0.074585 -0.065552 -0.002930 0.145015 -0.127452 -0.005696
0.073242 -0.070190 0.003906 0.142404 -0.136471 0.007595
0.072266 -0.081055 0.017334 0.140505 -0.157594 0.033702
0.058594 -0.097168 0.011719 0.113923 -0.188923 0.022785
0.054321 -0.076538 -0.006226 0.105616 -0.148812 -0.012104
0.060791 -0.037598 -0.018433 0.118195 -0.073101 -0.035838
0.059326 -0.032837 -0.019775 0.115347 -0.063845 -0.038449
0.067627 -0.038452 -0.014038 0.131487 -0.074762 -0.027294
0.080322 -0.028564 -0.010498 0.156170 -0.055538 -0.020411
0.084473 -0.020386 -0.015991 0.164239 -0.039636 -0.031092
0.079224 -0.014282 -0.020630 0.154034 -0.027769 -0.040111
0.065063 -0.012939 -0.041504 0.126502 -0.025158 -0.080696
0.052124 -0.027344 -0.058716 0.101344 -0.053164 -0.114161
0.040894 -0.057617 -0.058594 0.079509 -0.112025 -0.113923
0.037354 -0.081177 -0.037842 0.072626 -0.157831 -0.073575
0.055542 -0.062866 -0.009277 0.107990 -0.122230 -0.018038
0.064209 -0.041138 -0.004883 0.124841 -0.079984 -0.009494
0.073242 -0.025391 -0.016968 0.142404 -0.049367 -0.032990
0.094360 -0.011719 -0.029907 0.183464 -0.022785 -0.058148
0.110229 0.003052 -0.038940 0.214318 0.005934 -0.075712
0.121216 0.027344 -0.041504 0.235679 0.053164 -0.080696
0.124268 0.021851 -0.031982 0.241612 0.042484 -0.062183
0.132568 0.024292 -0.017334 0.257752 0.047231 -0.033702
0.131592 0.023560 -0.009155 0.255853 0.045807 -0.017801
0.143188 0.014404 0.003296 0.278400 0.028006 0.006408
0.154175 0.012085 0.014038 0.299761 0.023497 0.027294
0.151489 0.005249 0.018433 0.294539 0.010206 0.035838
0.151978 -0.003906 0.020508 0.295489 -0.007595 0.039873
0.148804 -0.013184 0.018921 0.289318 -0.025633 0.036788
0.144653 -0.018677 0.010620 0.281248 -0.036313 0.020649
0.140503 -0.005249 -0.010010 0.273179 -0.010206 -0.019462
0.116943 -0.001221 -0.039917 0.227372 -0.002373 -0.077610
0.108765 -0.000244 -0.057861 0.211470 -0.000475 -0.112499
0.116455 0.000488 -0.055298 0.226423 0.000949 -0.107515
0.123657 -0.006958 -0.043335 0.240426 -0.013528 -0.084256
0.135010 0.000488 -0.024048 0.262498 0.000949 -0.046756
0.133911 -0.008667 -0.004883 0.260362 -0.016851 -0.009494
0.132935 -0.019409 0.012939 0.258464 -0.037737 0.025158
0.147461 -0.008179 0.027954 0.286707 -0.015902 0.054351
0.135498 -0.013184 0.036743 0.263448 -0.025633 0.071439
0.135742 -0.031006 0.028320 0.263922 -0.060284 0.055063
0.130859 -0.031250 0.018066 0.254429 -0.060759 0.035126
0.121216 -0.024414 -0.007080 0.235679 -0.047468 -0.013766
0.114624 -0.023804 -0.014282 0.222863 -0.046281 -0.027769
0.108398 -0.023682 -0.019897 0.210758 -0.046044 -0.038686
0.097900 -0.035156 -0.026855 0.190347 -0.068354 -0.052215
0.094849 -0.039429 -0.027954 0.184413 -0.076661 -0.054351
0.094849 -0.032715 -0.029907 0.184413 -0.063607 -0.058148
0.103394 -0.023193 -0.030762 0.201027 -0.045095 -0.059810
0.115234 -0.010742 -0.022461 0.224049 -0.020886 -0.043671
0.124878 0.007324 -0.014404 0.242799 0.014240 -0.028006
0.131958 0.012085 -0.002930 0.256565 0.023497 -0.005696
0.131836 0.016113 0.004761 0.256328 0.031329 0.009256
0.125732 0.014282 0.005737 0.244460 0.027769 0.011155
0.130859 0.011230 0.007568 0.254429 0.021835 0.014715
0.143433 0.005615 0.009155 0.278875 0.010918 0.017801
