-0.022217 -0.238403 -0.056396 -0.043196 -0.463526 -0.109651
-0.070557 -0.232300 -0.033813 -0.137183 -0.451659 -0.065743
-0.077026 -0.216064 0.010254 -0.149762 -0.420092 0.019937
-0.064697 -0.151489 0.036621 -0.125790 -0.294539 0.071202
-0.114868 -0.086426 0.038696 -0.223337 -0.168037 0.075237
-0.179443 -0.027100 0.042847 -0.348890 -0.052690 0.083306
-0.234619 0.004395 0.035645 -0.456168 0.008544 0.069303
-0.261108 0.019287 0.033325 -0.507671 0.037500 0.064794
-0.274658 0.011597 0.027710 -0.534016 0.022547 0.053876
-0.322998 -0.000732 0.022217 -0.628002 -0.001424 0.043196
-0.361206 -0.017090 0.026001 -0.702290 -0.033228 0.050553
-0.342651 -0.034302 0.035400 -0.666214 -0.066693 0.068829
-0.295776 -0.037354 0.043335 -0.575076 -0.072626 0.084256
-0.244629 -0.023804 0.046509 -0.475630 -0.046281 0.090427
-0.208252 -0.005249 0.044434 -0.404903 -0.010206 0.086392
-0.191284 0.018188 0.036865 -0.371912 0.035364 0.071677
-0.206055 0.026733 0.026245 -0.400630 0.051978 0.051028
-0.213257 0.009277 0.016357 -0.414633 0.018038 0.031804
-0.227783 -0.039673 0.006836 -0.442877 -0.077136 0.013291
-0.254517 -0.057983 -0.018921 -0.494854 -0.112737 -0.036788
-0.266724 -0.070190 -0.035522 -0.518589 -0.136471 -0.069066
-0.272461 -0.085449 -0.045166 -0.529743 -0.166138 -0.087816
-0.277466 -0.098755 -0.046021 -0.539474 -0.192008 -0.089477
-0.268311 -0.111328 -0.035156 -0.521674 -0.216454 -0.068354
-0.221436 -0.122681 -0.027100 -0.430535 -0.238527 -0.052690
-0.155029 -0.120972 -0.027588 -0.301422 -0.235204 -0.053639
-0.094971 -0.101440 -0.033081 -0.184651 -0.197230 -0.064319
-0.030151 -0.079102 -0.031860 -0.058623 -0.153797 -0.061946
0.058228 -0.082031 -0.026733 0.113211 -0.159493 -0.051978
0.128174 -0.090820 -0.031738 0.249207 -0.176581 -0.061708
0.189087 -0.091919 -0.050659 0.367640 -0.178717 -0.098496
0.239746 -0.118774 -0.083862 0.466136 -0.230932 -0.163053
0.285889 -0.136963 -0.148315 0.555851 -0.266296 -0.288368
0.352051 -0.147217 -0.143311 0.684489 -0.286232 -0.278637
0.436646 -0.147583 -0.137207 0.848966 -0.286944 -0.266770
0.485596 -0.142700 -0.171631 0.944140 -0.277451 -0.333700
0.507446 -0.124878 -0.208984 0.986624 -0.242799 -0.406327
0.555786 -0.099243 -0.216553 1.080610 -0.192958 -0.421042
0.649048 -0.069824 -0.183594 1.261938 -0.135759 -0.356960
0.749390 -0.026611 -0.135132 1.457032 -0.051740 -0.262736
0.813477 0.014526 -0.100464 1.581636 0.028243 -0.195331
0.870483 0.033081 -0.095337 1.692474 0.064319 -0.185363
0.947998 0.054077 -0.055908 1.843185 0.105142 -0.108702
1.062256 0.070313 0.012207 2.065335 0.136708 0.023734
1.160645 0.094604 0.083252 2.256631 0.183939 0.161866
1.226807 0.105957 0.123169 2.385270 0.206011 0.239476
1.242065 0.092163 0.129272 2.414937 0.179192 0.251343
1.199341 0.049805 0.114990 2.331868 0.096835 0.223575
1.169800 -0.010132 0.087036 2.274432 -0.019699 0.169224
1.195435 -0.063721 0.088013 2.324273 -0.123892 0.171122
1.191284 -0.075562 0.124512 2.316204 -0.146914 0.242087
1.184448 -0.055908 0.097412 2.302913 -0.108702 0.189398
1.216064 -0.008179 0.134277 2.364384 -0.015902 0.261074
1.294800 -0.024902 0.166138 2.517468 -0.048417 0.323020
1.289429 -0.043457 0.186523 2.507025 -0.084493 0.362656
1.211792 -0.057739 0.171387 2.356077 -0.112262 0.333226
1.120605 -0.067261 0.135498 2.178784 -0.130774 0.263448
0.982910 -0.077148 0.084717 1.911064 -0.149999 0.164714
0.866577 -0.048096 0.054443 1.684879 -0.093512 0.105854
0.806274 -0.042725 0.057373 1.567633 -0.083069 0.111550
0.753052 -0.057983 0.058716 1.464152 -0.112737 0.114161
0.666382 -0.085083 0.045776 1.295641 -0.165426 0.089003
0.529663 -0.096313 0.019409 1.029819 -0.187261 0.037737
0.360229 -0.116333 -0.023071 0.700391 -0.226185 -0.044857
0.204712 -0.138062 -0.068726 0.398020 -0.268432 -0.133623
0.143799 -0.145752 -0.085327 0.279587 -0.283384 -0.165901
0.119385 -0.126587 -0.058472 0.232119 -0.246122 -0.113686
0.066162 -0.090698 -0.044556 0.128638 -0.176344 -0.086629
-0.001221 -0.041138 -0.035034 -0.002373 -0.079984 -0.068117
-0.044312 -0.015381 -0.026489 -0.086155 -0.029905 -0.051503
-0.081665 -0.004517 -0.022217 -0.158781 -0.008782 -0.043196
-0.130981 0.004395 -0.040527 -0.254666 0.008544 -0.078797
-0.171631 0.013062 -0.073608 -0.333700 0.025395 -0.143116
-0.197754 0.014282 -0.094360 -0.384491 0.027769 -0.183464
-0.199951 0.007568 -0.107422 -0.388763 0.014715 -0.208859
-0.179077 -0.007324 -0.109253 -0.348178 -0.014240 -0.212420
-0.149414 -0.014160 -0.093262 -0.290505 -0.027531 -0.181328
-0.117188 -0.017334 -0.072632 -0.227847 -0.033702 -0.141217
-0.081787 -0.009399 -0.056274 -0.159018 -0.018275 -0.109414
-0.055542 -0.000732 -0.041748 -0.107990 -0.001424 -0.081170
-0.045044 0.004272 -0.032349 -0.087579 0.008307 -0.062895
-0.042725 -0.004517 -0.032715 -0.083069 -0.008782 -0.063607
-0.044189 -0.019043 -0.042236 -0.085917 -0.037025 -0.082120
-0.051636 -0.031494 -0.053711 -0.100395 -0.061234 -0.104430
-0.057007 -0.031128 -0.062988 -0.110838 -0.060522 -0.122468
-0.051636 -0.023926 -0.060913 -0.100395 -0.046519 -0.118433
-0.049561 -0.017700 -0.053223 -0.096360 -0.034414 -0.103480
-0.057373 -0.009277 -0.053345 -0.111550 -0.018038 -0.103718
-0.069580 0.000366 -0.053223 -0.135284 0.000712 -0.103480
-0.080811 0.005371 -0.049316 -0.157119 0.010443 -0.095885
-0.091797 0.001587 -0.038940 -0.178480 0.003085 -0.075712
-0.094482 -0.000366 -0.018311 -0.183701 -0.000712 -0.035601
-0.091919 0.005127 0.003418 -0.178717 0.009968 0.006646
-0.087158 0.008301 0.010254 -0.169461 0.016139 0.019937
-0.082886 0.011963 0.004395 -0.161154 0.023259 0.008544
-0.071411 0.009033 0.000000 -0.138844 0.017563 0.000000
-0.050781 0.000732 -0.001953 -0.098734 0.001424 -0.003797
-0.031250 -0.001587 -0.003540 -0.060759 -0.003085 -0.006883
-0.026001 -0.003662 -0.005737 -0.050553 -0.007120 -0.011155
-0.030273 -0.014526 -0.005005 -0.058860 -0.028243 -0.009731
-0.024780 -0.019165 0.002075 -0.048180 -0.037262 0.004035
-0.017456 -0.014160 0.010864 -0.033940 -0.027531 0.021123
-0.020142 -0.013428 0.016235 -0.039161 -0.026107 0.031566
-0.024414 -0.015869 0.018066 -0.047468 -0.030854 0.035126
-0.026489 -0.010498 0.014893 -0.051503 -0.020411 0.028956
-0.032104 -0.005005 0.009766 -0.062420 -0.009731 0.018987
-0.036377 -0.007446 0.005493 -0.070727 -0.014478 0.010680
-0.033691 -0.005249 0.003662 -0.065506 -0.010206 0.007120
-0.027100 0.000488 -0.001953 -0.052690 0.000949 -0.003797
-0.023682 -0.002197 -0.011353 -0.046044 -0.004272 -0.022073
-0.025269 -0.006958 -0.021118 -0.049129 -0.013528 -0.041060
-0.026001 -0.008545 -0.029907 -0.050553 -0.016614 -0.058148
-0.027344 -0.008301 -0.038818 -0.053164 -0.016139 -0.075474
-0.028320 -0.007080 -0.045776 -0.055063 -0.013766 -0.089003
-0.027832 -0.004639 -0.043213 -0.054114 -0.009019 -0.084018
-0.026123 -0.010132 -0.039551 -0.050791 -0.019699 -0.076898
-0.025757 -0.011353 -0.038696 -0.050079 -0.022073 -0.075237
-0.021851 -0.008179 -0.033203 -0.042484 -0.015902 -0.064557
-0.015381 -0.008667 -0.027588 -0.029905 -0.016851 -0.053639
-0.014160 -0.010254 -0.026978 -0.027531 -0.019937 -0.052452
-0.020264 -0.012207 -0.030151 -0.039398 -0.023734 -0.058623
-0.023071 -0.019897 -0.030884 -0.044857 -0.038686 -0.060047
-0.028320 -0.024780 -0.031128 -0.055063 -0.048180 -0.060522
-0.037964 -0.026367 -0.033813 -0.073813 -0.051266 -0.065743
-0.040405 -0.023560 -0.036133 -0.078560 -0.045807 -0.070253
-0.034424 -0.023926 -0.032715 -0.066930 -0.046519 -0.063607
-0.033813 -0.017822 -0.025269 -0.065743 -0.034652 -0.049129
-0.035400 -0.010498 -0.019531 -0.068829 -0.020411 -0.037974
-0.031128 -0.014771 -0.013184 -0.060522 -0.028718 -0.025633
-0.032715 -0.023315 -0.004883 -0.063607 -0.045332 -0.009494
-0.037842 -0.026978 -0.000977 -0.073575 -0.052452 -0.001899
-0.041992 -0.027100 -0.002441 -0.081645 -0.052690 -0.004747
-0.043945 -0.029541 -0.003174 -0.085443 -0.057436 -0.006171
-0.045532 -0.023926 -0.004883 -0.088528 -0.046519 -0.009494
-0.046021 -0.015137 -0.008301 -0.089477 -0.029430 -0.016139
-0.043213 -0.009155 -0.011108 -0.084018 -0.017801 -0.021598
-0.036865 -0.004761 -0.013916 -0.071677 -0.009256 -0.027057
-0.033325 0.000366 -0.017822 -0.064794 0.000712 -0.034652
-0.038940 0.002319 -0.021606 -0.075712 0.004509 -0.042009
-0.043213 -0.001587 -0.020874 -0.084018 -0.003085 -0.040585
-0.043335 -0.014526 -0.015015 -0.084256 -0.028243 -0.029193
-0.046143 -0.027466 -0.007324 -0.089715 -0.053402 -0.014240
-0.053589 -0.025024 -0.009033 -0.104192 -0.048655 -0.017563
-0.057495 -0.024536 -0.015381 -0.111787 -0.047705 -0.029905
-0.055542 -0.024658 -0.018555 -0.107990 -0.047943 -0.036076
-0.049927 -0.024048 -0.019287 -0.097072 -0.046756 -0.037500
-0.047363 -0.015625 -0.024292 -0.092088 -0.030380 -0.047231
-0.047119 -0.005859 -0.031738 -0.091613 -0.011392 -0.061708
-0.042725 -0.001221 -0.032227 -0.083069 -0.002373 -0.062658
-0.034424 -0.001343 -0.029785 -0.066930 -0.002611 -0.057911
