0.006104 -0.257080 -0.060059 0.011867 -0.499839 -0.116771
-0.009521 -0.235840 -0.055664 -0.018513 -0.458541 -0.108227
-0.037964 -0.229614 -0.021118 -0.073813 -0.446437 -0.041060
-0.058594 -0.168701 -0.011475 -0.113923 -0.328004 -0.022310
-0.118042 -0.111816 -0.017212 -0.229508 -0.217404 -0.033465
-0.167969 -0.064941 -0.028809 -0.326580 -0.126265 -0.056012
-0.197388 -0.047485 -0.033569 -0.383779 -0.092325 -0.065269
-0.221191 -0.036133 -0.015991 -0.430061 -0.070253 -0.031092
-0.234863 -0.033813 0.002075 -0.456643 -0.065743 0.004035
-0.235352 -0.042114 0.029785 -0.457592 -0.081882 0.057911
-0.234619 -0.047974 0.045898 -0.456168 -0.093275 0.089240
-0.182129 -0.051392 0.035278 -0.354112 -0.099920 0.068591
-0.125244 -0.061768 0.019897 -0.243511 -0.120094 0.038686
-0.113037 -0.065674 0.001221 -0.219777 -0.127689 0.002373
-0.120605 -0.057129 -0.009399 -0.234492 -0.111075 -0.018275
-0.114380 -0.050781 -0.028687 -0.222388 -0.098734 -0.055775
-0.112183 -0.046997 -0.038330 -0.218116 -0.091376 -0.074525
-0.137207 -0.057495 -0.043457 -0.266770 -0.111787 -0.084493
-0.174561 -0.072754 -0.036499 -0.339397 -0.141455 -0.070965
-0.194702 -0.090454 -0.023193 -0.378558 -0.175869 -0.045095
-0.188965 -0.101196 -0.015869 -0.367403 -0.196755 -0.030854
-0.161743 -0.109375 -0.017578 -0.314476 -0.212657 -0.034177
-0.163574 -0.115845 0.003418 -0.318036 -0.225236 0.006646
-0.161133 -0.099487 0.014648 -0.313289 -0.193432 0.028481
-0.109497 -0.090942 -0.005127 -0.212894 -0.176819 -0.009968
-0.048950 -0.092285 -0.026611 -0.095173 -0.179429 -0.051740
-0.014160 -0.090088 -0.034912 -0.027531 -0.175157 -0.067879
0.023804 -0.094727 -0.033447 0.046281 -0.184176 -0.065031
0.064697 -0.091675 -0.020142 0.125790 -0.178243 -0.039161
0.096802 -0.089355 -0.010742 0.188211 -0.173733 -0.020886
0.115845 -0.097290 -0.010864 0.225236 -0.189160 -0.021123
0.140869 -0.125854 -0.044800 0.273891 -0.244698 -0.087104
0.179077 -0.155640 -0.066162 0.348178 -0.302609 -0.128638
0.229126 -0.190552 -0.065552 0.445488 -0.370488 -0.127452
0.261841 -0.204956 -0.100098 0.509095 -0.398494 -0.194619
0.280029 -0.200317 -0.149902 0.544459 -0.389475 -0.291454
0.318359 -0.162598 -0.136841 0.618983 -0.316137 -0.266058
0.421997 -0.103394 -0.102173 0.820485 -0.201027 -0.198654
0.498535 -0.055908 -0.065063 0.969298 -0.108702 -0.126502
0.498291 -0.068726 -0.058594 0.968823 -0.133623 -0.113923
0.471436 -0.120117 -0.088135 0.916608 -0.233543 -0.171360
0.478149 -0.173950 -0.106201 0.929662 -0.338210 -0.206486
0.529541 -0.203247 -0.083008 1.029582 -0.395172 -0.161391
0.591675 -0.180542 -0.044434 1.150388 -0.351026 -0.086392
0.630737 -0.141724 -0.014648 1.226337 -0.275552 -0.028481
0.653687 -0.111206 0.005371 1.270957 -0.216217 0.010443
0.648193 -0.110107 0.017334 1.260277 -0.214081 0.033702
0.655884 -0.110107 0.020630 1.275229 -0.214081 0.040111
0.651367 -0.091064 0.052734 1.266448 -0.177056 0.102531
0.676147 -0.071167 0.065063 1.314628 -0.138369 0.126502
0.713501 -0.072510 0.098633 1.387254 -0.140980 0.191771
0.701294 -0.108032 0.088013 1.363520 -0.210046 0.171122
0.702881 -0.107056 0.072266 1.366605 -0.208147 0.140505
0.738159 -0.110352 0.069580 1.435197 -0.214556 0.135284
0.739868 -0.111938 0.054688 1.438519 -0.217641 0.106328
0.718994 -0.099854 0.040405 1.397934 -0.194144 0.078560
0.711670 -0.093994 0.038818 1.383694 -0.182752 0.075474
0.715576 -0.088867 0.034546 1.391289 -0.172784 0.067167
0.691406 -0.064209 0.053833 1.344295 -0.124841 0.104667
0.648315 -0.026978 0.054932 1.260514 -0.052452 0.106803
0.586060 -0.009888 0.043213 1.139471 -0.019225 0.084018
0.523926 -0.018066 0.043213 1.018664 -0.035126 0.084018
0.472046 -0.026245 0.039795 0.917795 -0.051028 0.077373
0.418457 -0.019287 0.019409 0.813603 -0.037500 0.037737
0.342529 -0.014893 0.025513 0.665977 -0.028956 0.049604
0.252075 -0.039795 -0.004150 0.490108 -0.077373 -0.008070
0.178833 -0.054565 -0.052612 0.347704 -0.106091 -0.102294
0.140991 -0.052124 -0.077393 0.274128 -0.101344 -0.150474
0.105225 -0.032471 -0.082031 0.204587 -0.063133 -0.159493
0.061035 -0.002197 -0.098389 0.118670 -0.004272 -0.191296
0.028809 0.015991 -0.087769 0.056012 0.031092 -0.170648
0.017700 0.014282 -0.068848 0.034414 0.027769 -0.133860
0.015259 0.023682 -0.053345 0.029668 0.046044 -0.103718
0.011841 0.040771 -0.053711 0.023022 0.079272 -0.104430
0.007568 0.043579 -0.055420 0.014715 0.084730 -0.107752
0.021606 0.036377 -0.047119 0.042009 0.070727 -0.091613
0.046509 0.031616 -0.036011 0.090427 0.061471 -0.070015
0.045898 0.030640 -0.032593 0.089240 0.059572 -0.063370
0.022095 0.035400 -0.042725 0.042959 0.068829 -0.083069
0.007568 0.043457 -0.052734 0.014715 0.084493 -0.102531
0.001099 0.045166 -0.057983 0.002136 0.087816 -0.112737
-0.008301 0.045288 -0.062988 -0.016139 0.088053 -0.122468
-0.021118 0.041138 -0.062622 -0.041060 0.079984 -0.121756
-0.032593 0.037231 -0.053467 -0.063370 0.072389 -0.103955
-0.041748 0.027344 -0.044312 -0.081170 0.053164 -0.086155
-0.049316 0.019409 -0.037231 -0.095885 0.037737 -0.072389
-0.062866 0.022949 -0.031250 -0.122230 0.044620 -0.060759
-0.077759 0.021973 -0.035400 -0.151186 0.042721 -0.068829
-0.090576 0.017944 -0.038940 -0.176106 0.034889 -0.075712
-0.095703 0.012451 -0.047974 -0.186075 0.024209 -0.093275
-0.103027 0.007813 -0.057861 -0.200315 0.015190 -0.112499
-0.113525 0.000000 -0.065430 -0.220726 0.000000 -0.127214
-0.122803 -0.006104 -0.062988 -0.238764 -0.011867 -0.122468
-0.120117 -0.007690 -0.053101 -0.233543 -0.014952 -0.103243
-0.109131 -0.010254 -0.033936 -0.212182 -0.019937 -0.065981
-0.094604 -0.007690 -0.013428 -0.183939 -0.014952 -0.026107
-0.081055 0.000244 0.001221 -0.157594 0.000475 0.002373
-0.071167 0.012573 0.006958 -0.138369 0.024446 0.013528
-0.069092 0.014526 0.018066 -0.134335 0.028243 0.035126
-0.055786 0.005127 0.013916 -0.108465 0.009968 0.027057
-0.050781 0.007080 0.009888 -0.098734 0.013766 0.019225
-0.059570 0.011108 0.002808 -0.115822 0.021598 0.005459
-0.062500 0.010864 -0.000122 -0.121518 0.021123 -0.000237
-0.057495 0.003906 -0.000610 -0.111787 0.007595 -0.001187
-0.057251 0.002563 -0.005249 -0.111313 0.004984 -0.010206
-0.055664 0.002075 -0.009277 -0.108227 0.004035 -0.018038
-0.051514 0.003052 -0.007324 -0.100158 0.005934 -0.014240
-0.048950 0.005859 -0.002808 -0.095173 0.011392 -0.005459
-0.050659 0.011230 -0.000732 -0.098496 0.021835 -0.001424
-0.054443 0.008179 0.001831 -0.105854 0.015902 0.003560
-0.058838 -0.000977 0.002197 -0.114398 -0.001899 0.004272
-0.056396 -0.004395 0.000122 -0.109651 -0.008544 0.000237
-0.047607 0.003174 -0.001221 -0.092563 0.006171 -0.002373
-0.041382 0.003784 -0.003784 -0.080458 0.007358 -0.007358
-0.036743 -0.001343 -0.010376 -0.071439 -0.002611 -0.020174
-0.029175 -0.001465 -0.014404 -0.056724 -0.002848 -0.028006
-0.026855 -0.001099 -0.013306 -0.052215 -0.002136 -0.025870
-0.025146 -0.005493 -0.015137 -0.048892 -0.010680 -0.029430
-0.021484 -0.007935 -0.015381 -0.041772 -0.015427 -0.029905
-0.018066 -0.007080 -0.013916 -0.035126 -0.013766 -0.027057
-0.012573 -0.009155 -0.010864 -0.024446 -0.017801 -0.021123
-0.004395 -0.004761 -0.002441 -0.008544 -0.009256 -0.004747
0.005615 0.002686 0.006958 0.010918 0.005221 0.013528
0.004517 0.005127 0.010498 0.008782 0.009968 0.020411
-0.009766 0.002563 0.003418 -0.018987 0.004984 0.006646
-0.024536 0.001953 -0.008545 -0.047705 0.003797 -0.016614
-0.032593 0.003540 -0.017090 -0.063370 0.006883 -0.033228
-0.032104 0.000366 -0.022217 -0.062420 0.000712 -0.043196
-0.031982 0.001587 -0.023071 -0.062183 0.003085 -0.044857
-0.036621 0.005493 -0.019531 -0.071202 0.010680 -0.037974
-0.037720 0.004639 -0.012817 -0.073338 0.009019 -0.024921
-0.032959 0.002563 -0.009521 -0.064082 0.004984 -0.018513
-0.027344 0.008545 -0.007202 -0.053164 0.016614 -0.014003
-0.028687 0.012451 -0.007690 -0.055775 0.024209 -0.014952
-0.029541 0.000488 -0.008423 -0.057436 0.000949 -0.016376
-0.026611 -0.007080 -0.009399 -0.051740 -0.013766 -0.018275
-0.026489 -0.005249 -0.009277 -0.051503 -0.010206 -0.018038
-0.023438 -0.004028 -0.008667 -0.045569 -0.007832 -0.016851
-0.019653 -0.007446 -0.007324 -0.038212 -0.014478 -0.014240
-0.018555 -0.008057 -0.006836 -0.036076 -0.015664 -0.013291
-0.026123 -0.008789 -0.010132 -0.050791 -0.017089 -0.019699
-0.032715 -0.011108 -0.016357 -0.063607 -0.021598 -0.031804
-0.034302 -0.012695 -0.022095 -0.066693 -0.024683 -0.042959
-0.035522 -0.010010 -0.025146 -0.069066 -0.019462 -0.048892
-0.039551 -0.008545 -0.026367 -0.076898 -0.016614 -0.051266
-0.041016 -0.013306 -0.023438 -0.079746 -0.025870 -0.045569
-0.042236 -0.025269 -0.019165 -0.082120 -0.049129 -0.037262
-0.047852 -0.016235 -0.020508 -0.093037 -0.031566 -0.039873
-0.044189 -0.005615 -0.016479 -0.085917 -0.010918 -0.032041
-0.034180 -0.006958 -0.005859 -0.066455 -0.013528 -0.011392
