0.043701 0.010254 -0.128662 0.084968 0.019937 -0.250157
-0.094727 0.006226 -0.078857 -0.184176 0.012104 -0.153322
-0.261719 -0.002808 -0.009277 -0.508858 -0.005459 -0.018038
-0.386475 -0.013184 0.070801 -0.751419 -0.025633 0.137657
-0.457520 -0.049194 0.117432 -0.889551 -0.095648 0.228321
-0.502441 -0.038086 0.111572 -0.976893 -0.074050 0.216929
-0.421143 -0.053711 0.089966 -0.818824 -0.104430 0.174920
-0.279663 -0.050171 0.078247 -0.543747 -0.097547 0.152135
-0.136597 -0.052368 0.084106 -0.265584 -0.101819 0.163527
-0.027954 -0.067993 0.112183 -0.054351 -0.132199 0.218116
0.028564 -0.053711 0.125977 0.055538 -0.104430 0.244935
0.007568 -0.055542 0.104736 0.014715 -0.107990 0.203638
-0.070313 -0.078857 0.068604 -0.136708 -0.153322 0.133385
-0.149048 -0.068848 0.045166 -0.289792 -0.133860 0.087816
-0.206299 -0.043701 0.033203 -0.401105 -0.084968 0.064557
-0.223511 -0.012329 0.034302 -0.434570 -0.023971 0.066693
-0.205933 -0.000366 0.045288 -0.400393 -0.000712 0.088053
-0.182007 -0.008911 0.061157 -0.353874 -0.017326 0.118907
-0.172363 -0.028320 0.078369 -0.335124 -0.055063 0.152372
-0.170532 -0.040283 0.086670 -0.331564 -0.078322 0.168512
-0.168701 -0.034912 0.077271 -0.328004 -0.067879 0.150236
-0.162109 -0.030273 0.050781 -0.315188 -0.058860 0.098734
-0.137451 -0.031982 0.023071 -0.267245 -0.062183 0.044857
-0.107300 -0.020996 0.015137 -0.208622 -0.040823 0.029430
-0.089722 -0.018921 0.017700 -0.174445 -0.036788 0.034414
-0.084961 -0.039673 0.007935 -0.165189 -0.077136 0.015427
-0.077271 -0.054199 -0.008423 -0.150236 -0.105379 -0.016376
-0.063110 -0.055664 -0.016846 -0.122705 -0.108227 -0.032753
-0.048096 -0.050171 -0.014404 -0.093512 -0.097547 -0.028006
-0.024414 -0.038208 -0.006592 -0.047468 -0.074288 -0.012816
0.007568 -0.027710 0.001831 0.014715 -0.053876 0.003560
0.037109 -0.019287 0.015137 0.072151 -0.037500 0.029430
0.053345 -0.010498 0.025146 0.103718 -0.020411 0.048892
0.062500 -0.005371 0.033325 0.121518 -0.010443 0.064794
0.066406 -0.011108 0.039185 0.129113 -0.021598 0.076186
0.074585 -0.011230 0.039185 0.145015 -0.021835 0.076186
0.096191 0.002930 0.036865 0.187024 0.005696 0.071677
0.120483 0.016968 0.036011 0.234255 0.032990 0.070015
0.141724 0.027954 0.034058 0.275552 0.054351 0.066218
0.147095 0.030884 0.023438 0.285995 0.060047 0.045569
0.128052 0.024780 0.010010 0.248970 0.048180 0.019462
0.098267 0.019043 -0.001831 0.191059 0.037025 -0.003560
0.074463 0.012573 -0.010742 0.144778 0.024446 -0.020886
0.064453 0.003662 -0.021851 0.125316 0.007120 -0.042484
0.063721 -0.011597 -0.029175 0.123892 -0.022547 -0.056724
0.073486 -0.026123 -0.025146 0.142879 -0.050791 -0.048892
0.081909 -0.024536 -0.018555 0.159255 -0.047705 -0.036076
0.084229 -0.001709 -0.020264 0.163765 -0.003323 -0.039398
0.082397 0.011475 -0.024414 0.160205 0.022310 -0.047468
0.076782 0.005371 -0.025269 0.149287 0.010443 -0.049129
0.080078 0.007080 -0.024536 0.155695 0.013766 -0.047705
0.093872 0.008057 -0.034180 0.182515 0.015664 -0.066455
0.115723 -0.001343 -0.042236 0.224999 -0.002611 -0.082120
0.133179 -0.013916 -0.041992 0.258938 -0.027057 -0.081645
0.149414 -0.017090 -0.031860 0.290505 -0.033228 -0.061946
0.169556 -0.012085 -0.021240 0.329666 -0.023497 -0.041297
0.200806 0.008667 -0.009277 0.390425 0.016851 -0.018038
0.231934 0.025146 0.008301 0.450947 0.048892 0.016139
0.255737 0.043335 0.022949 0.497228 0.084256 0.044620
0.265869 0.044312 0.021851 0.516927 0.086155 0.042484
0.266724 0.044556 0.015259 0.518589 0.086629 0.029668
0.260376 0.042358 0.006592 0.506247 0.082357 0.012816
0.254883 0.037720 0.004272 0.495567 0.073338 0.008307
0.255981 0.015747 0.005493 0.497703 0.030617 0.010680
0.266479 0.011475 -0.003174 0.518114 0.022310 -0.006171
0.279785 0.017944 -0.021973 0.543984 0.034889 -0.042721
0.277832 0.011841 -0.033813 0.540186 0.023022 -0.065743
0.266113 0.005859 -0.027344 0.517402 0.011392 -0.053164
0.265869 0.015869 -0.014160 0.516927 0.030854 -0.027531
0.274292 0.033447 -0.006104 0.533304 0.065031 -0.011867
0.294312 0.051636 -0.010986 0.572227 0.100395 -0.021361
0.306396 0.067139 -0.016113 0.595724 0.130537 -0.031329
0.305786 0.067383 -0.017456 0.594537 0.131012 -0.033940
0.309326 0.064575 -0.017578 0.601420 0.125553 -0.034177
0.308716 0.057617 -0.028198 0.600234 0.112025 -0.054826
0.302979 0.062500 -0.038330 0.589079 0.121518 -0.074525
0.292969 0.064697 -0.049561 0.569617 0.125790 -0.096360
0.297485 0.069092 -0.051636 0.578398 0.134335 -0.100395
0.303711 0.045898 -0.033691 0.590503 0.089240 -0.065506
0.295288 0.029907 -0.013916 0.574126 0.058148 -0.027057
0.287476 0.044800 -0.005981 0.558936 0.087104 -0.011630
0.279419 0.053101 -0.006592 0.543272 0.103243 -0.012816
0.278564 0.049927 -0.012207 0.541611 0.097072 -0.023734
0.279907 0.037598 -0.014771 0.544221 0.073101 -0.028718
0.292236 0.035156 -0.007935 0.568193 0.068354 -0.015427
0.312988 0.040039 -0.002075 0.608540 0.077848 -0.004035
0.328613 0.068970 -0.000977 0.638920 0.134097 -0.001899
0.340088 0.096802 0.015137 0.661230 0.188211 0.029430
0.323486 0.078247 0.034668 0.628952 0.152135 0.067405
0.312256 0.083496 0.036499 0.607116 0.162341 0.070965
0.293213 0.080811 -0.001099 0.570091 0.157119 -0.002136
0.254028 0.046631 -0.033569 0.493905 0.090664 -0.065269
0.235107 0.027222 -0.048340 0.457117 0.052927 -0.093987
0.236694 0.035034 -0.048584 0.460203 0.068117 -0.094461
0.237061 0.027588 -0.035400 0.460915 0.053639 -0.068829
0.243774 0.016357 -0.000244 0.473969 0.031804 -0.000475
0.254395 0.017578 0.026123 0.494617 0.034177 0.050791
0.252075 0.020508 0.018799 0.490108 0.039873 0.036550
0.237915 0.016235 -0.006104 0.462576 0.031566 -0.011867
0.210938 0.015259 -0.031860 0.410124 0.029668 -0.061946
0.187866 0.003784 -0.046265 0.365267 0.007358 -0.089952
0.191162 0.006714 -0.038574 0.371675 0.013054 -0.075000
0.210938 0.024292 -0.018677 0.410124 0.047231 -0.036313
0.238403 0.023682 0.021484 0.463526 0.046044 0.041772
0.256226 0.026123 0.061401 0.498177 0.050791 0.119382
0.256470 0.030884 0.072998 0.498652 0.060047 0.141929
0.242310 0.043091 0.064697 0.471120 0.083781 0.125790
0.235962 0.034912 0.058350 0.458779 0.067879 0.113449
0.237427 0.005371 0.057373 0.461627 0.010443 0.111550
0.239502 -0.017578 0.052856 0.465662 -0.034177 0.102768
0.229980 -0.012939 0.048828 0.447149 -0.025158 0.094936
0.214233 -0.019897 0.047852 0.416532 -0.038686 0.093037
0.208984 -0.023193 0.036133 0.406327 -0.045095 0.070253
0.209229 -0.009644 0.026123 0.406801 -0.018750 0.050791
0.205444 0.001953 0.012817 0.399444 0.003797 0.024921
0.210205 0.019043 0.004272 0.408700 0.037025 0.008307
0.224854 0.048462 0.009399 0.437181 0.094224 0.018275
0.236328 0.066650 0.023560 0.459491 0.129588 0.045807
0.237793 0.071777 0.037964 0.462339 0.139556 0.073813
0.219971 0.061646 0.041138 0.427687 0.119857 0.079984
0.191650 0.061035 0.032349 0.372624 0.118670 0.062895
0.177002 0.062256 0.022461 0.344143 0.121044 0.043671
0.178833 0.056030 0.017822 0.347704 0.108939 0.034652
0.183838 0.046265 0.013428 0.357434 0.089952 0.026107
0.179199 0.037476 0.008179 0.348416 0.072863 0.015902
0.172974 0.032837 0.003052 0.336311 0.063845 0.005934
0.159668 0.029907 -0.001099 0.310441 0.058148 -0.002136
0.150391 0.036377 -0.005859 0.292403 0.070727 -0.011392
0.146484 0.049194 -0.014160 0.284808 0.095648 -0.027531
0.137207 0.050049 -0.019897 0.266770 0.097310 -0.038686
0.130981 0.046631 -0.014404 0.254666 0.090664 -0.028006
0.128296 0.044434 -0.014038 0.249445 0.086392 -0.027294
0.135498 0.038818 -0.019165 0.263448 0.075474 -0.037262
0.133545 0.044312 -0.017212 0.259650 0.086155 -0.033465
0.109619 0.036499 -0.010620 0.213132 0.070965 -0.020649
0.087402 0.023804 -0.012573 0.169936 0.046281 -0.024446
0.062866 0.012939 -0.024658 0.122230 0.025158 -0.047943
0.041870 0.011475 -0.034546 0.081408 0.022310 -0.067167
0.025024 0.010742 -0.042114 0.048655 0.020886 -0.081882
0.021240 0.008911 -0.038818 0.041297 0.017326 -0.075474
0.034546 0.016357 -0.022461 0.067167 0.031804 -0.043671
0.042969 0.020508 -0.016602 0.083544 0.039873 -0.032278
0.031982 0.015381 -0.026978 0.062183 0.029905 -0.052452
0.011841 0.023560 -0.041870 0.023022 0.045807 -0.081408
-0.009155 0.018921 -0.057617 -0.017801 0.036788 -0.112025
-0.017700 -0.009155 -0.051758 -0.034414 -0.017801 -0.100632
-0.014160 -0.011597 -0.038818 -0.027531 -0.022547 -0.075474
-0.011353 0.000244 -0.038574 -0.022073 0.000475 -0.075000
-0.011963 0.001221 -0.036011 -0.023259 0.002373 -0.070015
-0.023560 -0.007813 -0.030640 -0.045807 -0.015190 -0.059572
