-0.208618 -0.125122 -0.099243 -0.405615 -0.243274 -0.192958
-0.214233 -0.100586 -0.076172 -0.416532 -0.195568 -0.148100
-0.230347 -0.095337 -0.066650 -0.447861 -0.185363 -0.129588
-0.262329 -0.100586 -0.056885 -0.510044 -0.195568 -0.110601
-0.273804 -0.132813 -0.034912 -0.532354 -0.258226 -0.067879
-0.251221 -0.133545 0.010986 -0.488446 -0.259650 0.021361
-0.175781 -0.132568 0.049438 -0.341770 -0.257752 0.096123
-0.081177 -0.135254 0.068359 -0.157831 -0.262973 0.132911
-0.020630 -0.131104 0.079468 -0.040111 -0.254903 0.154509
0.009521 -0.122803 0.087402 0.018513 -0.238764 0.169936
0.038086 -0.108887 0.079956 0.074050 -0.211708 0.155458
0.028076 -0.079590 0.083862 0.054588 -0.154746 0.163053
0.002319 -0.043823 0.058716 0.004509 -0.085205 0.114161
0.002563 -0.017700 0.039429 0.004984 -0.034414 0.076661
0.004028 0.001953 0.015991 0.007832 0.003797 0.031092
-0.006714 0.024780 -0.009644 -0.013054 0.048180 -0.018750
-0.020508 0.021362 -0.018066 -0.039873 0.041535 -0.035126
-0.048340 0.000732 -0.024048 -0.093987 0.001424 -0.046756
-0.079590 -0.020508 -0.031006 -0.154746 -0.039873 -0.060284
-0.091187 -0.036377 -0.035156 -0.177293 -0.070727 -0.068354
-0.099609 -0.037231 -0.043335 -0.193670 -0.072389 -0.084256
-0.106689 -0.027466 -0.042969 -0.207435 -0.053402 -0.083544
-0.116455 -0.009766 -0.044189 -0.226423 -0.018987 -0.085917
-0.119751 0.008057 -0.052368 -0.232831 0.015664 -0.101819
-0.126099 0.013184 -0.054565 -0.245173 0.025633 -0.106091
-0.142822 0.009766 -0.059448 -0.277688 0.018987 -0.115585
-0.155640 0.018921 -0.065430 -0.302609 0.036788 -0.127214
-0.171875 0.017700 -0.059937 -0.334175 0.034414 -0.116534
-0.212646 0.008667 -0.040649 -0.413447 0.016851 -0.079034
-0.240112 0.009644 -0.025635 -0.466848 0.018750 -0.049841
-0.246582 0.005859 -0.017090 -0.479427 0.011392 -0.033228
-0.268066 -0.003540 -0.035645 -0.521199 -0.006883 -0.069303
-0.284790 -0.005859 -0.077637 -0.553715 -0.011392 -0.150948
-0.294800 -0.026733 -0.111938 -0.573177 -0.051978 -0.217641
-0.318726 -0.044556 -0.130737 -0.619695 -0.086629 -0.254191
-0.317261 -0.042114 -0.131348 -0.616847 -0.081882 -0.255378
-0.270020 -0.023560 -0.109863 -0.524997 -0.045807 -0.213606
-0.198853 -0.002563 -0.074463 -0.386627 -0.004984 -0.144778
-0.133667 -0.009033 -0.028809 -0.259888 -0.017563 -0.056012
-0.083130 -0.032227 -0.001221 -0.161629 -0.062658 -0.002373
-0.067383 -0.037476 0.012207 -0.131012 -0.072863 0.023734
-0.055908 -0.048462 -0.005615 -0.108702 -0.094224 -0.010918
-0.061279 -0.049194 -0.020508 -0.119145 -0.095648 -0.039873
-0.075317 -0.066040 -0.058105 -0.146439 -0.128401 -0.112974
-0.129517 -0.105225 -0.095093 -0.251818 -0.204587 -0.184888
-0.220337 -0.134155 -0.153320 -0.428399 -0.260837 -0.298099
-0.262329 -0.172485 -0.248291 -0.510044 -0.335362 -0.482750
-0.250122 -0.205688 -0.296753 -0.486310 -0.399918 -0.576974
-0.227905 -0.181519 -0.298950 -0.443114 -0.352925 -0.581246
-0.192017 -0.083374 -0.258545 -0.373336 -0.162103 -0.502687
-0.058472 -0.025513 -0.214233 -0.113686 -0.049604 -0.416532
0.089478 -0.072144 -0.154053 0.173970 -0.140268 -0.299523
0.100830 -0.255249 -0.086792 0.196043 -0.496279 -0.168749
0.081909 -0.494507 -0.066895 0.159255 -0.961465 -0.130062
0.435669 -0.832031 0.013428 0.847067 -1.617711 0.026107
0.648560 -0.884888 0.084961 1.260989 -1.720480 0.165189
0.627808 -0.972290 0.115967 1.220641 -1.890415 0.225473
0.613770 -0.979370 0.106689 1.193347 -1.904181 0.207435
0.688721 -0.872925 0.076294 1.339074 -1.697220 0.148338
0.749146 -0.646484 0.020874 1.456557 -1.256954 0.040585
0.784790 -0.377563 -0.051758 1.525861 -0.734093 -0.100632
0.815430 -0.185181 -0.075684 1.585433 -0.360045 -0.147151
0.869629 -0.099121 -0.085815 1.690812 -0.192720 -0.166850
0.925659 0.000244 -0.092163 1.799751 0.000475 -0.179192
0.968872 0.152832 -0.104980 1.883770 0.297150 -0.204113
0.996582 0.300659 -0.100220 1.937646 0.584569 -0.194856
1.090332 0.433105 -0.031860 2.119923 0.842083 -0.061946
1.348999 0.378174 0.179199 2.622848 0.735280 0.348416
1.774292 0.113159 0.360840 3.449741 0.220014 0.701578
1.968384 -0.074219 0.446533 3.827112 -0.144303 0.868191
1.926147 -0.215210 0.460449 3.744992 -0.418431 0.895248
1.835693 -0.227905 0.349854 3.569123 -0.443114 0.680217
1.676025 -0.121704 0.204468 3.258682 -0.236628 0.397545
1.286743 -0.072998 0.089722 2.501804 -0.141929 0.174445
0.797607 -0.100952 0.006592 1.550781 -0.196280 0.012816
0.518433 -0.057129 -0.050903 1.007984 -0.111075 -0.098971
0.404907 -0.023560 -0.079834 0.787258 -0.045807 -0.155221
0.326538 0.009277 -0.030762 0.634885 0.018038 -0.059810
0.277588 0.003662 0.040405 0.539712 0.007120 0.078560
0.219604 -0.008667 0.082520 0.426975 -0.016851 0.160442
0.132690 0.004272 0.094849 0.257989 0.008307 0.184413
-0.019531 0.020142 0.109497 -0.037974 0.039161 0.212894
-0.189819 0.048218 0.155518 -0.369064 0.093749 0.302372
-0.294067 0.054321 0.102295 -0.571753 0.105616 0.198891
-0.277100 0.112305 0.039063 -0.538762 0.218353 0.075949
-0.183350 0.057251 -0.007324 -0.356485 0.111313 -0.014240
-0.109131 -0.009644 -0.039673 -0.212182 -0.018750 -0.077136
-0.060913 -0.031860 -0.078979 -0.118433 -0.061946 -0.153559
-0.053467 -0.027954 -0.108765 -0.103955 -0.054351 -0.211470
-0.041748 -0.004883 -0.129639 -0.081170 -0.009494 -0.252055
-0.019287 -0.015137 -0.151855 -0.037500 -0.029430 -0.295251
-0.008179 -0.022705 -0.140625 -0.015902 -0.044145 -0.273416
-0.019409 -0.016602 -0.104004 -0.037737 -0.032278 -0.202214
-0.054443 -0.003296 -0.064941 -0.105854 -0.006408 -0.126265
-0.089966 -0.003784 -0.037598 -0.174920 -0.007358 -0.073101
-0.120117 -0.004639 -0.029175 -0.233543 -0.009019 -0.056724
-0.150879 0.007935 -0.034180 -0.293353 0.015427 -0.066455
-0.173096 0.026489 -0.048096 -0.336549 0.051503 -0.093512
-0.204956 0.032837 -0.080566 -0.398494 0.063845 -0.156645
-0.248779 0.031128 -0.117310 -0.483700 0.060522 -0.228084
-0.260254 0.033325 -0.131470 -0.506009 0.064794 -0.255615
-0.223145 0.051025 -0.126587 -0.433858 0.099208 -0.246122
-0.172363 0.058350 -0.102783 -0.335124 0.113449 -0.199841
-0.126709 0.057617 -0.070923 -0.246359 0.112025 -0.137895
-0.092163 0.049683 -0.046387 -0.179192 0.096597 -0.090189
-0.066528 0.033569 -0.028076 -0.129350 0.065269 -0.054588
-0.041626 0.019897 -0.014282 -0.080933 0.038686 -0.027769
-0.018433 0.015381 -0.003418 -0.035838 0.029905 -0.006646
0.005737 0.018677 0.004395 0.011155 0.036313 0.008544
0.015625 0.022461 0.005249 0.030380 0.043671 0.010206
0.006958 0.024902 0.005981 0.013528 0.048417 0.011630
-0.013184 0.024658 -0.007080 -0.025633 0.047943 -0.013766
-0.032593 0.028076 -0.004028 -0.063370 0.054588 -0.007832
-0.018433 0.008545 -0.010010 -0.035838 0.016614 -0.019462
0.007202 0.004028 -0.015259 0.014003 0.007832 -0.029668
0.019897 0.017700 -0.008545 0.038686 0.034414 -0.016614
0.027100 0.010498 -0.013306 0.052690 0.020411 -0.025870
0.026733 -0.013306 -0.017334 0.051978 -0.025870 -0.033702
0.028564 -0.022827 -0.022949 0.055538 -0.044383 -0.044620
0.024170 -0.015259 -0.030640 0.046993 -0.029668 -0.059572
0.013916 -0.014282 -0.035522 0.027057 -0.027769 -0.069066
0.007202 -0.000488 -0.031738 0.014003 -0.000949 -0.061708
0.008301 0.011353 -0.024536 0.016139 0.022073 -0.047705
0.000488 0.011475 -0.022949 0.000949 0.022310 -0.044620
-0.019531 0.011841 -0.033813 -0.037974 0.023022 -0.065743
-0.039307 0.011963 -0.048218 -0.076424 0.023259 -0.093749
-0.047607 0.007935 -0.063965 -0.092563 0.015427 -0.124366
-0.051147 0.000122 -0.075806 -0.099446 0.000237 -0.147388
-0.051270 -0.000854 -0.076660 -0.099683 -0.001661 -0.149050
-0.052368 -0.006958 -0.072266 -0.101819 -0.013528 -0.140505
-0.046631 -0.003052 -0.068237 -0.090664 -0.005934 -0.132673
-0.036865 0.006714 -0.068237 -0.071677 0.013054 -0.132673
-0.041748 0.007690 -0.063354 -0.081170 0.014952 -0.123180
-0.051514 0.001221 -0.052856 -0.100158 0.002373 -0.102768
-0.053833 0.000366 -0.049805 -0.104667 0.000712 -0.096835
-0.045288 0.011963 -0.045044 -0.088053 0.023259 -0.087579
-0.040405 0.009277 -0.039307 -0.078560 0.018038 -0.076424
-0.038574 0.000732 -0.038208 -0.075000 0.001424 -0.074288
-0.045166 -0.013916 -0.043091 -0.087816 -0.027057 -0.083781
-0.057983 -0.009888 -0.052856 -0.112737 -0.019225 -0.102768
-0.064697 -0.006348 -0.053711 -0.125790 -0.012342 -0.104430
-0.050903 -0.007202 -0.039429 -0.098971 -0.014003 -0.076661
-0.028931 -0.006714 -0.018066 -0.056250 -0.013054 -0.035126
-0.016235 -0.006226 -0.002686 -0.031566 -0.012104 -0.005221
-0.018066 -0.007935 0.001831 -0.035126 -0.015427 0.003560
-0.026245 -0.013672 -0.006470 -0.051028 -0.026582 -0.012579
-0.036987 -0.016113 -0.020996 -0.071914 -0.031329 -0.040823
-0.038696 -0.017334 -0.028931 -0.075237 -0.033702 -0.056250
-0.028198 -0.005127 -0.024902 -0.054826 -0.009968 -0.048417
-0.021484 0.002930 -0.015137 -0.041772 0.005696 -0.029430
