0.006958 -0.290039 -0.104492 0.013528 -0.563920 -0.203163
0.049805 -0.264771 -0.082886 0.096835 -0.514791 -0.161154
0.052124 -0.255249 -0.073120 0.101344 -0.496279 -0.142167
0.017700 -0.280762 -0.043457 0.034414 -0.545883 -0.084493
0.003418 -0.300903 -0.015015 0.006646 -0.585044 -0.029193
-0.014160 -0.296021 0.008423 -0.027531 -0.575550 0.016376
-0.072266 -0.243286 0.035522 -0.140505 -0.473019 0.069066
-0.175903 -0.160278 0.044189 -0.342007 -0.311628 0.085917
-0.263916 -0.083740 0.024780 -0.513130 -0.162815 0.048180
-0.259766 -0.059448 -0.007080 -0.505060 -0.115585 -0.013766
-0.175171 -0.050415 -0.008545 -0.340583 -0.098022 -0.016614
-0.058105 -0.065430 0.009766 -0.112974 -0.127214 0.018987
0.026855 -0.077271 0.036011 0.052215 -0.150236 0.070015
0.063477 -0.057007 0.028687 0.123417 -0.110838 0.055775
0.042236 -0.018921 0.011597 0.082120 -0.036788 0.022547
0.036011 0.001221 -0.003052 0.070015 0.002373 -0.005934
0.026123 -0.004639 -0.004028 0.050791 -0.009019 -0.007832
0.007935 -0.016357 -0.009521 0.015427 -0.031804 -0.018513
-0.009399 -0.036255 -0.011353 -0.018275 -0.070490 -0.022073
-0.021973 -0.045166 -0.014404 -0.042721 -0.087816 -0.028006
-0.017456 -0.052490 -0.019775 -0.033940 -0.102056 -0.038449
-0.000732 -0.059814 -0.015747 -0.001424 -0.116297 -0.030617
0.012573 -0.063110 -0.009644 0.024446 -0.122705 -0.018750
0.016479 -0.064209 -0.005737 0.032041 -0.124841 -0.011155
0.009766 -0.061646 -0.007202 0.018987 -0.119857 -0.014003
-0.000488 -0.051514 -0.014404 -0.000949 -0.100158 -0.028006
-0.004395 -0.038574 -0.019165 -0.008544 -0.075000 -0.037262
-0.011108 -0.029541 -0.016968 -0.021598 -0.057436 -0.032990
-0.025879 -0.026123 -0.017700 -0.050316 -0.050791 -0.034414
-0.051392 -0.012329 -0.018677 -0.099920 -0.023971 -0.036313
-0.077759 0.006958 -0.025391 -0.151186 0.013528 -0.049367
-0.091187 0.018066 -0.033691 -0.177293 0.035126 -0.065506
-0.085449 0.013306 -0.035278 -0.166138 0.025870 -0.068591
-0.068726 0.004761 -0.032593 -0.133623 0.009256 -0.063370
-0.053101 0.001587 -0.030640 -0.103243 0.003085 -0.059572
-0.043579 0.000122 -0.031006 -0.084730 0.000237 -0.060284
-0.037842 -0.000854 -0.032837 -0.073575 -0.001661 -0.063845
-0.031128 -0.008911 -0.035034 -0.060522 -0.017326 -0.068117
-0.029175 -0.015381 -0.038696 -0.056724 -0.029905 -0.075237
-0.035645 -0.017456 -0.040894 -0.069303 -0.033940 -0.079509
-0.044800 -0.012451 -0.040405 -0.087104 -0.024209 -0.078560
-0.040161 -0.006470 -0.034912 -0.078085 -0.012579 -0.067879
-0.028687 -0.003662 -0.028198 -0.055775 -0.007120 -0.054826
-0.023560 0.002197 -0.020874 -0.045807 0.004272 -0.040585
-0.032349 0.006226 -0.016968 -0.062895 0.012104 -0.032990
-0.043213 -0.000366 -0.017456 -0.084018 -0.000712 -0.033940
-0.047241 -0.014282 -0.018799 -0.091851 -0.027769 -0.036550
-0.045044 -0.019409 -0.019531 -0.087579 -0.037737 -0.037974
-0.034180 -0.017578 -0.023315 -0.066455 -0.034177 -0.045332
-0.026978 -0.013672 -0.025513 -0.052452 -0.026582 -0.049604
-0.025635 -0.007202 -0.025635 -0.049841 -0.014003 -0.049841
-0.028198 -0.006958 -0.025879 -0.054826 -0.013528 -0.050316
-0.031006 -0.002441 -0.031006 -0.060284 -0.004747 -0.060284
-0.032349 0.006958 -0.029053 -0.062895 0.013528 -0.056487
-0.019165 0.008423 -0.034180 -0.037262 0.016376 -0.066455
-0.010132 0.002563 -0.035400 -0.019699 0.004984 -0.068829
-0.015747 -0.000244 -0.022095 -0.030617 -0.000475 -0.042959
-0.027588 0.000244 -0.013550 -0.053639 0.000475 -0.026345
-0.033447 -0.003052 -0.017334 -0.065031 -0.005934 -0.033702
-0.036011 -0.006226 -0.019897 -0.070015 -0.012104 -0.038686
-0.040649 -0.002686 -0.017090 -0.079034 -0.005221 -0.033228
-0.038574 0.004272 -0.021851 -0.075000 0.008307 -0.042484
-0.047974 0.006714 -0.021240 -0.093275 0.013054 -0.041297
-0.052124 0.000854 -0.021240 -0.101344 0.001661 -0.041297
-0.043091 -0.004639 -0.025757 -0.083781 -0.009019 -0.050079
-0.036743 -0.003540 -0.026245 -0.071439 -0.006883 -0.051028
-0.030396 -0.005127 -0.032227 -0.059098 -0.009968 -0.062658
-0.024414 -0.008911 -0.036255 -0.047468 -0.017326 -0.070490
-0.029297 -0.010010 -0.024780 -0.056962 -0.019462 -0.048180
-0.039551 -0.005615 -0.015747 -0.076898 -0.010918 -0.030617
-0.038208 -0.001465 -0.020386 -0.074288 -0.002848 -0.039636
-0.030518 -0.000488 -0.024048 -0.059335 -0.000949 -0.046756
-0.025879 -0.001709 -0.021240 -0.050316 -0.003323 -0.041297
-0.022217 -0.000244 -0.021362 -0.043196 -0.000475 -0.041535
-0.020508 -0.000122 -0.025391 -0.039873 -0.000237 -0.049367
-0.021606 -0.000977 -0.027954 -0.042009 -0.001899 -0.054351
-0.024414 -0.007446 -0.028442 -0.047468 -0.014478 -0.055300
-0.025391 -0.012085 -0.029541 -0.049367 -0.023497 -0.057436
-0.023193 -0.010254 -0.034302 -0.045095 -0.019937 -0.066693
-0.017578 -0.007080 -0.038208 -0.034177 -0.013766 -0.074288
-0.013794 -0.008057 -0.038696 -0.026819 -0.015664 -0.075237
-0.013794 -0.010986 -0.035767 -0.026819 -0.021361 -0.069541
-0.016113 -0.009277 -0.031738 -0.031329 -0.018038 -0.061708
-0.021484 -0.004517 -0.033203 -0.041772 -0.008782 -0.064557
-0.026855 0.001221 -0.035278 -0.052215 0.002373 -0.068591
-0.030884 0.004028 -0.032959 -0.060047 0.007832 -0.064082
-0.028564 0.003540 -0.031372 -0.055538 0.006883 -0.060996
-0.028320 -0.001221 -0.028687 -0.055063 -0.002373 -0.055775
-0.029541 -0.000244 -0.028076 -0.057436 -0.000475 -0.054588
-0.024658 -0.000854 -0.028442 -0.047943 -0.001661 -0.055300
-0.015869 -0.005615 -0.026367 -0.030854 -0.010918 -0.051266
-0.009399 -0.009033 -0.022949 -0.018275 -0.017563 -0.044620
-0.006714 -0.007690 -0.020386 -0.013054 -0.014952 -0.039636
-0.008423 -0.004150 -0.018799 -0.016376 -0.008070 -0.036550
-0.008423 -0.001465 -0.019775 -0.016376 -0.002848 -0.038449
-0.004761 -0.000122 -0.020142 -0.009256 -0.000237 -0.039161
-0.006104 -0.000610 -0.022583 -0.011867 -0.001187 -0.043908
-0.016113 -0.006836 -0.024902 -0.031329 -0.013291 -0.048417
-0.032715 -0.011230 -0.026489 -0.063607 -0.021835 -0.051503
-0.043579 -0.011597 -0.028442 -0.084730 -0.022547 -0.055300
-0.044067 -0.009155 -0.028442 -0.085680 -0.017801 -0.055300
-0.038818 -0.007690 -0.024902 -0.075474 -0.014952 -0.048417
-0.038086 -0.009399 -0.020630 -0.074050 -0.018275 -0.040111
-0.043335 -0.003418 -0.020996 -0.084256 -0.006646 -0.040823
-0.045166 0.003052 -0.023804 -0.087816 0.005934 -0.046281
-0.047729 -0.001831 -0.027588 -0.092800 -0.003560 -0.053639
-0.060059 -0.011841 -0.034546 -0.116771 -0.023022 -0.067167
-0.098389 -0.028320 -0.052124 -0.191296 -0.055063 -0.101344
-0.153442 -0.043213 -0.076050 -0.298337 -0.084018 -0.147863
-0.199707 -0.066284 -0.092529 -0.388289 -0.128876 -0.179904
-0.247803 -0.091309 -0.099365 -0.481801 -0.177531 -0.193195
-0.317871 -0.124146 -0.107422 -0.618034 -0.241375 -0.208859
-0.391724 -0.135986 -0.117065 -0.761625 -0.264397 -0.227609
-0.447754 -0.120117 -0.119507 -0.870564 -0.233543 -0.232356
-0.458496 -0.087891 -0.126709 -0.891450 -0.170885 -0.246359
-0.399658 -0.057739 -0.129150 -0.777052 -0.112262 -0.251106
-0.338623 -0.012451 -0.109619 -0.658382 -0.024209 -0.213132
-0.355225 0.026245 -0.085571 -0.690660 0.051028 -0.166376
-0.383545 0.102295 -0.097412 -0.745723 0.198891 -0.189398
-0.302124 0.216797 -0.208862 -0.587417 0.421516 -0.406089
-0.233032 0.250122 -0.282104 -0.453083 0.486310 -0.548493
-0.245972 0.210693 -0.314819 -0.478241 0.409649 -0.612101
-0.353027 0.148193 -0.369873 -0.686388 0.288131 -0.719141
-0.423096 0.085083 -0.437500 -0.822621 0.165426 -0.850628
-0.416504 -0.028931 -0.367920 -0.809805 -0.056250 -0.715344
-0.004028 -0.370728 -0.116455 -0.007832 -0.720802 -0.226423
0.644775 -0.615845 0.159180 1.253631 -1.197382 0.309492
0.723877 -0.552368 0.229492 1.407428 -1.073965 0.446200
0.699097 -0.602905 0.203369 1.359248 -1.172224 0.395409
0.772705 -0.532837 0.132568 1.502364 -1.035990 0.257752
0.842041 -0.410278 0.078979 1.637173 -0.797701 0.153559
0.846069 -0.325073 0.036865 1.645005 -0.632037 0.071677
0.875854 -0.277344 0.004272 1.702917 -0.539237 0.008307
0.934448 -0.208984 0.008789 1.816840 -0.406327 0.017089
0.980347 -0.122681 0.043335 1.906080 -0.238527 0.084256
1.027954 -0.034912 0.083252 1.998643 -0.067879 0.161866
1.095825 0.029297 0.130615 2.130604 0.056962 0.253954
1.199463 0.104126 0.237549 2.332106 0.202451 0.461864
1.333618 0.160767 0.381958 2.592943 0.312577 0.742638
1.478394 0.133057 0.507813 2.874428 0.258701 0.987336
1.625244 -0.025513 0.534302 3.159949 -0.049604 1.038838
1.781250 -0.205322 0.446777 3.463269 -0.399206 0.868665
1.803467 -0.292847 0.361084 3.506465 -0.569379 0.702053
1.706421 -0.293945 0.277588 3.317780 -0.571515 0.539712
1.552979 -0.288574 0.190186 3.019443 -0.561072 0.369776
1.401123 -0.265137 0.093262 2.724192 -0.515503 0.181328
1.220825 -0.166870 0.072632 2.373640 -0.324444 0.141217
1.026978 -0.110229 0.033325 1.996744 -0.214318 0.064794
0.852417 -0.077637 0.049805 1.657347 -0.150948 0.096835
0.750000 -0.033569 0.075439 1.458219 -0.065269 0.146676
