-0.208008 -0.064331 -0.012939 -0.404428 -0.125078 -0.025158
-0.140015 -0.117554 -0.030396 -0.272229 -0.228559 -0.059098
-0.079834 -0.161865 -0.029175 -0.155221 -0.314713 -0.056724
-0.033936 -0.190918 -0.026733 -0.065981 -0.371200 -0.051978
0.055298 -0.231689 -0.029175 0.107515 -0.450472 -0.056724
0.093750 -0.254517 -0.024170 0.182277 -0.494854 -0.046993
0.082642 -0.251099 -0.014404 0.160679 -0.488209 -0.028006
0.050781 -0.229736 -0.006104 0.098734 -0.446674 -0.011867
0.021729 -0.200195 0.003662 0.042247 -0.389238 0.007120
-0.002563 -0.169922 0.017212 -0.004984 -0.330378 0.033465
-0.033325 -0.131348 0.029663 -0.064794 -0.255378 0.057674
-0.053467 -0.097534 0.035034 -0.103955 -0.189635 0.068117
-0.052612 -0.077759 0.023926 -0.102294 -0.151186 0.046519
-0.060181 -0.050903 0.000488 -0.117009 -0.098971 0.000949
-0.067505 -0.031738 -0.018066 -0.131249 -0.061708 -0.035126
-0.062988 -0.027588 -0.027100 -0.122468 -0.053639 -0.052690
-0.048950 -0.030884 -0.028076 -0.095173 -0.060047 -0.054588
-0.051758 -0.037964 -0.020386 -0.100632 -0.073813 -0.039636
-0.080322 -0.039307 -0.023682 -0.156170 -0.076424 -0.046044
-0.101318 -0.039429 -0.036743 -0.196992 -0.076661 -0.071439
-0.099854 -0.036987 -0.050293 -0.194144 -0.071914 -0.097784
-0.092651 -0.035034 -0.056763 -0.180141 -0.068117 -0.110363
-0.093750 -0.039429 -0.056885 -0.182277 -0.076661 -0.110601
-0.105957 -0.041626 -0.061523 -0.206011 -0.080933 -0.119620
-0.119019 -0.058350 -0.064941 -0.231407 -0.113449 -0.126265
-0.119995 -0.080811 -0.065430 -0.233305 -0.157119 -0.127214
-0.115845 -0.101196 -0.060669 -0.225236 -0.196755 -0.117958
-0.124634 -0.110962 -0.052734 -0.242324 -0.215742 -0.102531
-0.122925 -0.109131 -0.044922 -0.239002 -0.212182 -0.087341
-0.100952 -0.107056 -0.028442 -0.196280 -0.208147 -0.055300
-0.072510 -0.112183 -0.013794 -0.140980 -0.218116 -0.026819
-0.064941 -0.107422 -0.006714 -0.126265 -0.208859 -0.013054
-0.054077 -0.098877 -0.009155 -0.105142 -0.192246 -0.017801
-0.048096 -0.092773 -0.030029 -0.093512 -0.180379 -0.058386
-0.072754 -0.104614 -0.029541 -0.141455 -0.203401 -0.057436
-0.110596 -0.099976 -0.018921 -0.215030 -0.194382 -0.036788
-0.091309 -0.093872 -0.047852 -0.177531 -0.182515 -0.093037
-0.067017 -0.104370 -0.052856 -0.130300 -0.202926 -0.102768
-0.055298 -0.106445 -0.051270 -0.107515 -0.206961 -0.099683
-0.056885 -0.109131 -0.065430 -0.110601 -0.212182 -0.127214
-0.061279 -0.098389 -0.073242 -0.119145 -0.191296 -0.142404
-0.054199 -0.083252 -0.087769 -0.105379 -0.161866 -0.170648
-0.043091 -0.063721 -0.085205 -0.083781 -0.123892 -0.165664
-0.011230 -0.044556 -0.072144 -0.021835 -0.086629 -0.140268
0.030640 -0.021729 -0.050171 0.059572 -0.042247 -0.097547
0.044678 -0.005249 -0.015381 0.086867 -0.010206 -0.029905
0.049316 0.027344 -0.018188 0.095885 0.053164 -0.035364
0.044800 0.050171 -0.026489 0.087104 0.097547 -0.051503
0.038818 0.061035 -0.043945 0.075474 0.118670 -0.085443
0.036377 0.062622 -0.043823 0.070727 0.121756 -0.085205
0.053711 0.034302 -0.034058 0.104430 0.066693 -0.066218
0.070679 0.008545 -0.017944 0.137420 0.016614 -0.034889
0.081299 0.002686 -0.002441 0.158069 0.005221 -0.004747
0.072144 0.015503 0.014404 0.140268 0.030142 0.028006
0.061646 0.034180 0.021362 0.119857 0.066455 0.041535
0.064209 0.043579 0.035889 0.124841 0.084730 0.069778
0.083130 0.042725 0.046387 0.161629 0.083069 0.090189
0.110107 0.049316 0.049805 0.214081 0.095885 0.096835
0.146240 0.060303 0.050781 0.284334 0.117246 0.098734
0.179688 0.061035 0.059937 0.349365 0.118670 0.116534
0.208740 0.028809 0.047485 0.405852 0.056012 0.092325
0.232666 0.000000 0.028320 0.452371 0.000000 0.055063
0.246338 -0.011719 0.018188 0.478953 -0.022785 0.035364
0.262817 -0.025391 -0.000488 0.510994 -0.049367 -0.000949
0.258179 -0.027466 -0.007080 0.501975 -0.053402 -0.013766
0.245972 0.001709 -0.005005 0.478241 0.003323 -0.009731
0.239746 0.017822 -0.010742 0.466136 0.034652 -0.020886
0.227661 -0.005615 -0.021484 0.442640 -0.010918 -0.041772
0.209473 -0.027588 -0.023926 0.407276 -0.053639 -0.046519
0.187500 -0.023193 -0.019287 0.364555 -0.045095 -0.037500
0.168335 -0.012817 -0.017944 0.327292 -0.024921 -0.034889
0.165894 -0.010376 -0.008179 0.322545 -0.020174 -0.015902
0.165039 -0.018433 -0.001587 0.320884 -0.035838 -0.003085
0.145142 -0.028931 -0.005371 0.282198 -0.056250 -0.010443
0.130005 -0.036011 -0.022461 0.252767 -0.070015 -0.043671
0.132568 -0.052002 -0.041138 0.257752 -0.101107 -0.079984
0.127441 -0.059570 -0.053589 0.247783 -0.115822 -0.104192
0.124512 -0.053223 -0.065430 0.242087 -0.103480 -0.127214
0.132202 -0.042236 -0.070679 0.257040 -0.082120 -0.137420
0.134033 -0.047974 -0.067139 0.260600 -0.093275 -0.130537
0.133179 -0.058228 -0.069214 0.258938 -0.113211 -0.134572
0.126465 -0.057983 -0.063721 0.245885 -0.112737 -0.123892
0.132568 -0.055176 -0.059692 0.257752 -0.107278 -0.116059
0.138672 -0.054199 -0.054443 0.269619 -0.105379 -0.105854
0.146484 -0.040771 -0.050781 0.284808 -0.079272 -0.098734
0.146240 -0.032471 -0.037354 0.284334 -0.063133 -0.072626
0.157593 -0.033203 -0.035156 0.306406 -0.064557 -0.068354
0.162598 -0.034302 -0.027100 0.316137 -0.066693 -0.052690
0.166260 -0.032837 -0.030518 0.323257 -0.063845 -0.059335
0.163574 -0.031982 -0.043945 0.318036 -0.062183 -0.085443
0.168213 -0.024780 -0.054321 0.327055 -0.048180 -0.105616
0.171753 -0.028320 -0.060181 0.333938 -0.055063 -0.117009
0.167969 -0.033203 -0.051392 0.326580 -0.064557 -0.099920
0.181763 -0.029175 -0.038452 0.353400 -0.056724 -0.074762
0.192261 -0.009155 -0.018188 0.373811 -0.017801 -0.035364
0.202881 0.002075 0.000122 0.394460 0.004035 0.000237
0.209229 -0.004395 0.011597 0.406801 -0.008544 0.022547
0.207520 -0.014648 0.017578 0.403478 -0.028481 0.034177
0.201172 -0.032349 0.007202 0.391137 -0.062895 0.014003
0.186523 -0.062744 -0.011719 0.362656 -0.121993 -0.022785
0.171021 -0.083618 -0.032104 0.332514 -0.162578 -0.062420
0.163940 -0.089478 -0.041748 0.318748 -0.173970 -0.081170
0.155518 -0.101196 -0.047119 0.302372 -0.196755 -0.091613
0.141113 -0.099487 -0.052856 0.274365 -0.193432 -0.102768
0.146851 -0.086548 -0.037598 0.285520 -0.168274 -0.073101
0.158569 -0.068604 -0.017700 0.308305 -0.133385 -0.034414
0.166260 -0.067749 -0.002075 0.323257 -0.131724 -0.004035
0.168213 -0.075562 0.000610 0.327055 -0.146914 0.001187
0.155640 -0.090942 -0.004272 0.302609 -0.176819 -0.008307
0.148315 -0.105469 -0.022583 0.288368 -0.205062 -0.043908
0.146484 -0.108643 -0.036377 0.284808 -0.211233 -0.070727
0.160767 -0.123779 -0.034424 0.312577 -0.240663 -0.066930
0.152954 -0.131348 -0.024292 0.297387 -0.255378 -0.047231
0.162109 -0.146484 -0.009277 0.315188 -0.284808 -0.018038
0.156982 -0.141846 0.007324 0.305220 -0.275789 0.014240
0.174561 -0.146240 0.008667 0.339397 -0.284334 0.016851
0.190674 -0.123047 0.012939 0.370726 -0.239239 0.025158
0.193848 -0.102295 0.003662 0.376896 -0.198891 0.007120
0.187622 -0.106323 0.006958 0.364792 -0.206723 0.013528
0.178467 -0.134033 0.018188 0.346992 -0.260600 0.035364
0.180664 -0.157349 0.027466 0.351264 -0.305932 0.053402
0.187988 -0.163940 0.039063 0.365504 -0.318748 0.075949
0.185791 -0.156128 0.040649 0.361232 -0.303558 0.079034
0.179688 -0.134155 0.023315 0.349365 -0.260837 0.045332
0.177490 -0.129761 0.000000 0.345093 -0.252293 0.000000
0.173828 -0.120972 -0.035034 0.337973 -0.235204 -0.068117
0.138306 -0.090820 -0.057617 0.268907 -0.176581 -0.112025
0.122559 -0.072144 -0.064331 0.238290 -0.140268 -0.125078
0.131714 -0.062744 -0.037476 0.256090 -0.121993 -0.072863
0.116943 -0.043823 -0.015015 0.227372 -0.085205 -0.029193
0.125122 -0.038086 -0.008545 0.243274 -0.074050 -0.016614
0.136597 -0.062500 -0.000732 0.265584 -0.121518 -0.001424
0.133301 -0.061523 0.011963 0.259176 -0.119620 0.023259
0.134888 -0.062866 0.011841 0.262261 -0.122230 0.023022
0.138184 -0.056519 0.005615 0.268669 -0.109889 0.010918
0.136597 -0.057983 0.001953 0.265584 -0.112737 0.003797
0.122437 -0.034546 0.002075 0.238052 -0.067167 0.004035
0.096436 -0.019775 0.015869 0.187499 -0.038449 0.030854
0.110474 -0.029053 0.003052 0.214793 -0.056487 0.005934
0.126221 -0.014038 0.019287 0.245410 -0.027294 0.037500
0.121338 0.008789 0.009033 0.235916 0.017089 0.017563
0.083618 0.027222 -0.013306 0.162578 0.052927 -0.025870
0.085449 0.006592 -0.028076 0.166138 0.012816 -0.054588
0.087158 -0.022949 -0.020386 0.169461 -0.044620 -0.039636
0.071167 -0.015381 -0.027466 0.138369 -0.029905 -0.053402
0.059326 -0.000732 -0.044556 0.115347 -0.001424 -0.086629
0.056641 0.003906 -0.055176 0.110126 0.007595 -0.107278
0.049194 0.004517 -0.059814 0.095648 0.008782 -0.116297
0.043701 0.005371 -0.053345 0.084968 0.010443 -0.103718
0.063232 0.017334 -0.034668 0.122942 0.033702 -0.067405
