-0.097046 -0.165527 -0.073730 -0.188686 -0.321833 -0.143354
-0.085327 -0.184448 -0.051636 -0.165901 -0.358621 -0.100395
-0.094116 -0.175659 -0.029419 -0.182989 -0.341533 -0.057199
-0.094238 -0.160767 -0.030273 -0.183227 -0.312577 -0.058860
-0.102051 -0.144897 -0.010010 -0.198416 -0.281723 -0.019462
-0.097168 -0.112915 0.025757 -0.188923 -0.219540 0.050079
-0.089844 -0.076050 0.053833 -0.174682 -0.147863 0.104667
-0.078125 -0.055542 0.059448 -0.151898 -0.107990 0.115585
-0.065308 -0.043945 0.041016 -0.126977 -0.085443 0.079746
-0.055420 -0.028931 0.022949 -0.107752 -0.056250 0.044620
-0.039917 -0.020508 0.012329 -0.077610 -0.039873 0.023971
-0.028931 -0.012939 0.004028 -0.056250 -0.025158 0.007832
-0.037354 -0.013916 -0.003418 -0.072626 -0.027057 -0.006646
-0.065186 -0.026611 -0.007324 -0.126740 -0.051740 -0.014240
-0.083496 -0.036011 -0.014404 -0.162341 -0.070015 -0.028006
-0.086792 -0.042725 -0.012085 -0.168749 -0.083069 -0.023497
-0.081543 -0.035645 -0.007324 -0.158543 -0.069303 -0.014240
-0.071533 -0.032593 -0.001099 -0.139081 -0.063370 -0.002136
-0.068359 -0.031372 0.000977 -0.132911 -0.060996 0.001899
-0.064941 -0.030029 -0.003418 -0.126265 -0.058386 -0.006646
-0.066162 -0.026001 -0.006958 -0.128638 -0.050553 -0.013528
-0.079102 -0.024902 -0.004272 -0.153797 -0.048417 -0.008307
-0.090576 -0.031372 0.002930 -0.176106 -0.060996 0.005696
-0.091919 -0.048950 0.006104 -0.178717 -0.095173 0.011867
-0.093628 -0.073853 0.000977 -0.182040 -0.143591 0.001899
-0.104858 -0.096924 -0.012207 -0.203875 -0.188448 -0.023734
-0.118408 -0.105103 -0.017456 -0.230220 -0.204350 -0.033940
-0.106079 -0.105469 -0.018311 -0.206249 -0.205062 -0.035601
-0.088257 -0.099609 -0.011475 -0.171597 -0.193670 -0.022310
-0.074707 -0.078857 -0.003052 -0.145252 -0.153322 -0.005934
-0.049561 -0.065308 0.007202 -0.096360 -0.126977 0.014003
-0.037964 -0.053833 0.020752 -0.073813 -0.104667 0.040348
-0.029175 -0.049683 0.029907 -0.056724 -0.096597 0.058148
-0.025513 -0.056396 0.020020 -0.049604 -0.109651 0.038924
-0.043701 -0.066284 0.004395 -0.084968 -0.128876 0.008544
-0.064697 -0.081421 -0.011353 -0.125790 -0.158306 -0.022073
-0.066040 -0.086548 -0.022827 -0.128401 -0.168274 -0.044383
-0.046997 -0.094482 -0.028564 -0.091376 -0.183701 -0.055538
-0.054810 -0.088745 -0.026855 -0.106566 -0.172546 -0.052215
-0.070190 -0.084473 -0.032959 -0.136471 -0.164239 -0.064082
-0.077881 -0.085693 -0.050171 -0.151423 -0.166613 -0.097547
-0.095581 -0.076538 -0.057617 -0.185837 -0.148812 -0.112025
-0.096436 -0.063354 -0.061279 -0.187499 -0.123180 -0.119145
-0.084717 -0.057861 -0.058350 -0.164714 -0.112499 -0.113449
-0.076172 -0.061157 -0.053101 -0.148100 -0.118907 -0.103243
-0.079346 -0.061768 -0.043701 -0.154271 -0.120094 -0.084968
-0.082031 -0.069946 -0.040283 -0.159493 -0.135996 -0.078322
-0.068237 -0.074829 -0.039307 -0.132673 -0.145490 -0.076424
-0.036499 -0.070801 -0.035278 -0.070965 -0.137657 -0.068591
-0.003540 -0.062744 -0.028320 -0.006883 -0.121993 -0.055063
0.000854 -0.053833 -0.034546 0.001661 -0.104667 -0.067167
-0.009033 -0.040527 -0.032349 -0.017563 -0.078797 -0.062895
-0.013184 -0.031128 -0.030762 -0.025633 -0.060522 -0.059810
-0.017212 -0.020020 -0.031616 -0.033465 -0.038924 -0.061471
-0.029663 -0.011230 -0.030151 -0.057674 -0.021835 -0.058623
-0.042603 -0.010864 -0.030151 -0.082832 -0.021123 -0.058623
-0.036743 -0.008179 -0.032227 -0.071439 -0.015902 -0.062658
-0.022949 -0.015381 -0.034790 -0.044620 -0.029905 -0.067642
-0.023193 -0.028931 -0.037842 -0.045095 -0.056250 -0.073575
-0.029297 -0.038574 -0.040527 -0.056962 -0.075000 -0.078797
-0.021729 -0.038086 -0.038208 -0.042247 -0.074050 -0.074288
-0.009644 -0.033325 -0.031250 -0.018750 -0.064794 -0.060759
0.004639 -0.029297 -0.025635 0.009019 -0.056962 -0.049841
0.015259 -0.027222 -0.019775 0.029668 -0.052927 -0.038449
0.024902 -0.025513 -0.015991 0.048417 -0.049604 -0.031092
0.022827 -0.019653 -0.007813 0.044383 -0.038212 -0.015190
0.009277 -0.017944 -0.005005 0.018038 -0.034889 -0.009731
-0.000977 -0.013062 -0.011108 -0.001899 -0.025395 -0.021598
0.003540 -0.018066 -0.011475 0.006883 -0.035126 -0.022310
0.023804 -0.033936 -0.013672 0.046281 -0.065981 -0.026582
0.043701 -0.044922 -0.018311 0.084968 -0.087341 -0.035601
0.054077 -0.049072 -0.021973 0.105142 -0.095411 -0.042721
0.055176 -0.047485 -0.030518 0.107278 -0.092325 -0.059335
0.051147 -0.046265 -0.040527 0.099446 -0.089952 -0.078797
0.037598 -0.045044 -0.041992 0.073101 -0.087579 -0.081645
0.027100 -0.046265 -0.034546 0.052690 -0.089952 -0.067167
0.027588 -0.039673 -0.029541 0.053639 -0.077136 -0.057436
0.028442 -0.036255 -0.019531 0.055300 -0.070490 -0.037974
0.026245 -0.040527 -0.003662 0.051028 -0.078797 -0.007120
0.022705 -0.047119 0.007813 0.044145 -0.091613 0.015190
0.019409 -0.047119 0.005371 0.037737 -0.091613 0.010443
0.014038 -0.046021 0.002563 0.027294 -0.089477 0.004984
0.008545 -0.053833 0.001831 0.016614 -0.104667 0.003560
0.007568 -0.051880 -0.007446 0.014715 -0.100870 -0.014478
0.008301 -0.036987 -0.020264 0.016139 -0.071914 -0.039398
-0.002319 -0.037842 -0.029541 -0.004509 -0.073575 -0.057436
-0.009399 -0.050537 -0.035034 -0.018275 -0.098259 -0.068117
-0.003784 -0.055908 -0.038696 -0.007358 -0.108702 -0.075237
0.002686 -0.052490 -0.042358 0.005221 -0.102056 -0.082357
0.002075 -0.053101 -0.044312 0.004035 -0.103243 -0.086155
0.004517 -0.061157 -0.039673 0.008782 -0.118907 -0.077136
0.020630 -0.064575 -0.038574 0.040111 -0.125553 -0.075000
0.033325 -0.055176 -0.037720 0.064794 -0.107278 -0.073338
0.039063 -0.037476 -0.032471 0.075949 -0.072863 -0.063133
0.052368 -0.026611 -0.026855 0.101819 -0.051740 -0.052215
0.054810 -0.014404 -0.016846 0.106566 -0.028006 -0.032753
0.047974 -0.009277 -0.021362 0.093275 -0.018038 -0.041535
0.044067 -0.000854 -0.027466 0.085680 -0.001661 -0.053402
0.044922 -0.001343 -0.027954 0.087341 -0.002611 -0.054351
0.040894 -0.013794 -0.022217 0.079509 -0.026819 -0.043196
0.038208 -0.023682 -0.014893 0.074288 -0.046044 -0.028956
0.027344 -0.027100 -0.016479 0.053164 -0.052690 -0.032041
0.012207 -0.030029 -0.028687 0.023734 -0.058386 -0.055775
-0.004150 -0.026245 -0.032349 -0.008070 -0.051028 -0.062895
-0.015015 -0.026489 -0.042725 -0.029193 -0.051503 -0.083069
-0.020874 -0.026245 -0.055298 -0.040585 -0.051028 -0.107515
-0.010620 -0.020752 -0.053467 -0.020649 -0.040348 -0.103955
0.007568 -0.008667 -0.041382 0.014715 -0.016851 -0.080458
0.019897 -0.001709 -0.029175 0.038686 -0.003323 -0.056724
0.015503 0.002686 -0.016724 0.030142 0.005221 -0.032516
0.009033 -0.006714 -0.016113 0.017563 -0.013054 -0.031329
0.009888 -0.019531 -0.019409 0.019225 -0.037974 -0.037737
0.019653 -0.032715 -0.026611 0.038212 -0.063607 -0.051740
0.015625 -0.043823 -0.034302 0.030380 -0.085205 -0.066693
0.007690 -0.047852 -0.047241 0.014952 -0.093037 -0.091851
-0.006470 -0.044800 -0.053833 -0.012579 -0.087104 -0.104667
-0.017944 -0.041138 -0.048828 -0.034889 -0.079984 -0.094936
-0.011108 -0.042480 -0.042969 -0.021598 -0.082594 -0.083544
0.001221 -0.034424 -0.033813 0.002373 -0.066930 -0.065743
0.008545 -0.019653 -0.025879 0.016614 -0.038212 -0.050316
0.013550 -0.013428 -0.021729 0.026345 -0.026107 -0.042247
0.010986 -0.022949 -0.019653 0.021361 -0.044620 -0.038212
0.006836 -0.033081 -0.023071 0.013291 -0.064319 -0.044857
0.008545 -0.033081 -0.023804 0.016614 -0.064319 -0.046281
0.020508 -0.026733 -0.026245 0.039873 -0.051978 -0.051028
0.028076 -0.027222 -0.025146 0.054588 -0.052927 -0.048892
0.036987 -0.035400 -0.024658 0.071914 -0.068829 -0.047943
0.045532 -0.037231 -0.026245 0.088528 -0.072389 -0.051028
0.056519 -0.036011 -0.034546 0.109889 -0.070015 -0.067167
0.057983 -0.036011 -0.039673 0.112737 -0.070015 -0.077136
0.061523 -0.039673 -0.044312 0.119620 -0.077136 -0.086155
0.068604 -0.038330 -0.042969 0.133385 -0.074525 -0.083544
0.071045 -0.030396 -0.030151 0.138132 -0.059098 -0.058623
0.079834 -0.026733 -0.008789 0.155221 -0.051978 -0.017089
0.092407 -0.025269 0.010010 0.179667 -0.049129 0.019462
0.099976 -0.023071 0.022339 0.194382 -0.044857 0.043433
0.105835 -0.025635 0.023682 0.205774 -0.049841 0.046044
0.112427 -0.028687 0.015503 0.218590 -0.055775 0.030142
0.114502 -0.034180 0.003418 0.222625 -0.066455 0.006646
0.121704 -0.038696 0.000732 0.236628 -0.075237 0.001424
0.135376 -0.040405 0.006470 0.263210 -0.078560 0.012579
0.147705 -0.037842 0.021484 0.287182 -0.073575 0.041772
0.154541 -0.031982 0.034668 0.300473 -0.062183 0.067405
0.152954 -0.031006 0.042603 0.297387 -0.060284 0.082832
0.142578 -0.031982 0.039429 0.277213 -0.062183 0.076661
0.134766 -0.029297 0.024292 0.262024 -0.056962 0.047231
0.126343 -0.024414 0.013428 0.245647 -0.047468 0.026107
0.119385 -0.028442 0.003784 0.232119 -0.055300 0.007358
0.119629 -0.039063 0.001465 0.232593 -0.075949 0.002848
0.121582 -0.047241 0.009521 0.236391 -0.091851 0.018513
