-0.098389 -0.139038 -0.082642 -0.191296 -0.270331 -0.160679
-0.104370 -0.158325 -0.091675 -0.202926 -0.307830 -0.178243
-0.105591 -0.165405 -0.098267 -0.205299 -0.321596 -0.191059
-0.129639 -0.170898 -0.097412 -0.252055 -0.332276 -0.189398
-0.125488 -0.147461 -0.096924 -0.243986 -0.286707 -0.188448
-0.137451 -0.145020 -0.075439 -0.267245 -0.281960 -0.146676
-0.139526 -0.136353 -0.034668 -0.271280 -0.265109 -0.067405
-0.129272 -0.133423 0.009521 -0.251343 -0.259413 0.018513
-0.104980 -0.125732 0.048218 -0.204113 -0.244460 0.093749
-0.068726 -0.119263 0.077515 -0.133623 -0.231881 0.150711
-0.057739 -0.104736 0.096191 -0.112262 -0.203638 0.187024
-0.071899 -0.089478 0.085449 -0.139793 -0.173970 0.166138
-0.074463 -0.080078 0.060425 -0.144778 -0.155695 0.117483
-0.072998 -0.072266 0.027222 -0.141929 -0.140505 0.052927
-0.086670 -0.071411 0.005859 -0.168512 -0.138844 0.011392
-0.099609 -0.071533 -0.003784 -0.193670 -0.139081 -0.007358
-0.085571 -0.073608 -0.014282 -0.166376 -0.143116 -0.027769
-0.071289 -0.069336 -0.019897 -0.138607 -0.134809 -0.038686
-0.053833 -0.064087 -0.015503 -0.104667 -0.124604 -0.030142
-0.023804 -0.068359 -0.007568 -0.046281 -0.132911 -0.014715
-0.013428 -0.075928 -0.005249 -0.026107 -0.147626 -0.010206
-0.030640 -0.075806 -0.011230 -0.059572 -0.147388 -0.021835
-0.058838 -0.067749 -0.014893 -0.114398 -0.131724 -0.028956
-0.075806 -0.073730 -0.014160 -0.147388 -0.143354 -0.027531
-0.077148 -0.084717 -0.008911 -0.149999 -0.164714 -0.017326
-0.058228 -0.090820 -0.004395 -0.113211 -0.176581 -0.008544
-0.033447 -0.090454 0.004761 -0.065031 -0.175869 0.009256
-0.009766 -0.091675 0.003662 -0.018987 -0.178243 0.007120
-0.001221 -0.097046 0.000610 -0.002373 -0.188686 0.001187
-0.013306 -0.103027 -0.003296 -0.025870 -0.200315 -0.006408
-0.021240 -0.104370 -0.003540 -0.041297 -0.202926 -0.006883
-0.004517 -0.106812 -0.004395 -0.008782 -0.207673 -0.008544
0.032227 -0.108032 -0.011841 0.062658 -0.210046 -0.023022
0.043945 -0.103394 -0.009155 0.085443 -0.201027 -0.017801
0.042969 -0.090698 -0.005005 0.083544 -0.176344 -0.009731
0.053101 -0.083984 0.001465 0.103243 -0.163290 0.002848
0.054810 -0.083862 0.004639 0.106566 -0.163053 0.009019
0.035156 -0.073120 -0.008179 0.068354 -0.142167 -0.015902
0.021484 -0.069702 -0.024048 0.041772 -0.135521 -0.046756
0.019287 -0.076172 -0.032104 0.037500 -0.148100 -0.062420
0.020752 -0.085205 -0.023926 0.040348 -0.165664 -0.046519
0.028198 -0.085205 -0.016968 0.054826 -0.165664 -0.032990
0.040039 -0.079834 -0.001221 0.077848 -0.155221 -0.002373
0.051025 -0.061523 0.009033 0.099208 -0.119620 0.017563
0.050415 -0.040527 0.015503 0.098022 -0.078797 0.030142
0.045898 -0.034668 0.010498 0.089240 -0.067405 0.020411
0.056152 -0.036255 -0.001221 0.109177 -0.070490 -0.002373
0.076172 -0.034302 -0.004272 0.148100 -0.066693 -0.008307
0.090088 -0.026611 -0.009644 0.175157 -0.051740 -0.018750
0.081665 -0.015015 -0.026123 0.158781 -0.029193 -0.050791
0.067505 -0.013306 -0.036987 0.131249 -0.025870 -0.071914
0.057983 -0.025635 -0.022217 0.112737 -0.049841 -0.043196
0.048462 -0.043579 0.001343 0.094224 -0.084730 0.002611
0.031372 -0.052612 0.009766 0.060996 -0.102294 0.018987
0.009521 -0.046631 0.007690 0.018513 -0.090664 0.014952
-0.008667 -0.033447 0.005859 -0.016851 -0.065031 0.011392
-0.003296 -0.027832 0.004028 -0.006408 -0.054114 0.007832
0.005981 -0.022339 0.000610 0.011630 -0.043433 0.001187
-0.007935 -0.014526 -0.008057 -0.015427 -0.028243 -0.015664
-0.027222 -0.000977 -0.017456 -0.052927 -0.001899 -0.033940
-0.026123 -0.021118 -0.025879 -0.050791 -0.041060 -0.050316
-0.011475 -0.046021 -0.021118 -0.022310 -0.089477 -0.041060
0.019043 -0.054199 -0.004272 0.037025 -0.105379 -0.008307
0.052856 -0.047607 0.015381 0.102768 -0.092563 0.029905
0.073608 -0.031006 0.022949 0.143116 -0.060284 0.044620
0.079102 -0.026733 0.020020 0.153797 -0.051978 0.038924
0.082275 -0.025513 0.012817 0.159967 -0.049604 0.024921
0.097412 -0.022217 0.006348 0.189398 -0.043196 0.012342
0.113770 -0.019531 0.007080 0.221201 -0.037974 0.013766
0.125854 -0.013916 0.008179 0.244698 -0.027057 0.015902
0.120361 -0.004272 0.012817 0.234018 -0.008307 0.024921
0.108032 -0.005615 0.016235 0.210046 -0.010918 0.031566
0.099854 -0.005615 0.017456 0.194144 -0.010918 0.033940
0.092651 -0.004639 0.022705 0.180141 -0.009019 0.044145
0.088745 -0.003296 0.027588 0.172546 -0.006408 0.053639
0.097290 0.003906 0.030396 0.189160 0.007595 0.059098
0.100220 0.003052 0.034424 0.194856 0.005934 0.066930
0.094849 -0.013672 0.031738 0.184413 -0.026582 0.061708
0.094849 -0.027710 0.019043 0.184413 -0.053876 0.037025
0.092407 -0.025513 0.008301 0.179667 -0.049604 0.016139
0.088013 -0.015625 -0.010010 0.171122 -0.030380 -0.019462
0.081177 -0.009155 -0.024048 0.157831 -0.017801 -0.046756
0.073364 -0.000244 -0.031128 0.142642 -0.000475 -0.060522
0.066284 0.004761 -0.034302 0.128876 0.009256 -0.066693
0.053345 0.006836 -0.036621 0.103718 0.013291 -0.071202
0.034058 0.010620 -0.034668 0.066218 0.020649 -0.067405
0.033813 0.012085 -0.026123 0.065743 0.023497 -0.050791
0.044434 0.003784 -0.008545 0.086392 0.007358 -0.016614
0.056030 -0.010620 -0.010498 0.108939 -0.020649 -0.020411
0.063721 -0.017212 -0.018677 0.123892 -0.033465 -0.036313
0.065308 -0.007324 -0.037109 0.126977 -0.014240 -0.072151
0.059082 0.004761 -0.055664 0.114873 0.009256 -0.108227
0.059326 0.010254 -0.064331 0.115347 0.019937 -0.125078
0.053101 0.017090 -0.049438 0.103243 0.033228 -0.096123
0.046997 0.010132 -0.037109 0.091376 0.019699 -0.072151
0.049927 -0.001709 -0.032104 0.097072 -0.003323 -0.062420
0.049438 -0.000732 -0.023193 0.096123 -0.001424 -0.045095
0.039429 0.007568 -0.020630 0.076661 0.014715 -0.040111
0.029907 0.003540 -0.028564 0.058148 0.006883 -0.055538
0.024780 -0.005005 -0.032104 0.048180 -0.009731 -0.062420
0.023438 -0.010864 -0.031372 0.045569 -0.021123 -0.060996
0.025024 -0.025024 -0.038330 0.048655 -0.048655 -0.074525
0.020996 -0.025146 -0.049683 0.040823 -0.048892 -0.096597
0.020020 -0.006836 -0.047363 0.038924 -0.013291 -0.092088
0.026855 0.001221 -0.031494 0.052215 0.002373 -0.061234
0.036865 -0.000732 -0.019653 0.071677 -0.001424 -0.038212
0.047363 0.010010 -0.020142 0.092088 0.019462 -0.039161
0.056763 0.017334 -0.024048 0.110363 0.033702 -0.046756
0.061035 0.006836 -0.029663 0.118670 0.013291 -0.057674
0.050659 -0.004150 -0.036011 0.098496 -0.008070 -0.070015
0.044556 -0.004395 -0.035278 0.086629 -0.008544 -0.068591
0.045532 -0.001221 -0.030640 0.088528 -0.002373 -0.059572
0.047852 -0.006836 -0.021851 0.093037 -0.013291 -0.042484
0.051392 -0.007568 -0.019531 0.099920 -0.014715 -0.037974
0.047119 -0.005249 -0.017212 0.091613 -0.010206 -0.033465
0.044189 -0.010254 -0.021484 0.085917 -0.019937 -0.041772
0.046753 -0.008911 -0.029907 0.090901 -0.017326 -0.058148
0.041626 -0.007568 -0.040771 0.080933 -0.014715 -0.079272
0.029907 -0.018677 -0.049194 0.058148 -0.036313 -0.095648
0.027222 -0.032349 -0.052124 0.052927 -0.062895 -0.101344
0.026245 -0.034058 -0.046387 0.051028 -0.066218 -0.090189
0.015991 -0.029541 -0.040405 0.031092 -0.057436 -0.078560
0.006592 -0.025024 -0.038696 0.012816 -0.048655 -0.075237
0.009033 -0.019409 -0.033813 0.017563 -0.037737 -0.065743
0.014404 -0.024536 -0.030762 0.028006 -0.047705 -0.059810
0.009888 -0.045898 -0.031250 0.019225 -0.089240 -0.060759
-0.002197 -0.067993 -0.035156 -0.004272 -0.132199 -0.068354
-0.004517 -0.071899 -0.043213 -0.008782 -0.139793 -0.084018
0.006348 -0.052856 -0.040039 0.012342 -0.102768 -0.077848
0.025146 -0.022705 -0.022217 0.048892 -0.044145 -0.043196
0.039063 -0.003906 -0.004517 0.075949 -0.007595 -0.008782
0.042358 0.009888 0.007446 0.082357 0.019225 0.014478
0.039551 0.012573 0.006348 0.076898 0.024446 0.012342
0.028442 0.002319 -0.006592 0.055300 0.004509 -0.012816
0.019287 -0.013062 -0.022461 0.037500 -0.025395 -0.043671
0.009277 -0.027588 -0.029907 0.018038 -0.053639 -0.058148
0.007813 -0.042725 -0.035767 0.015190 -0.083069 -0.069541
0.011719 -0.049316 -0.038574 0.022785 -0.095885 -0.075000
0.014526 -0.047607 -0.038086 0.028243 -0.092563 -0.074050
0.025391 -0.043091 -0.035278 0.049367 -0.083781 -0.068591
0.032959 -0.039429 -0.028687 0.064082 -0.076661 -0.055775
0.048096 -0.025391 -0.023438 0.093512 -0.049367 -0.045569
0.059082 -0.020020 -0.022217 0.114873 -0.038924 -0.043196
0.061401 -0.021484 -0.028809 0.119382 -0.041772 -0.056012
0.064453 -0.011353 -0.037598 0.125316 -0.022073 -0.073101
0.075439 -0.001465 -0.043701 0.146676 -0.002848 -0.084968
0.088501 -0.001099 -0.041260 0.172072 -0.002136 -0.080221
0.103760 -0.002930 -0.032227 0.201739 -0.005696 -0.062658
0.117188 0.002197 -0.015869 0.227847 0.004272 -0.030854
0.125488 0.003906 -0.007690 0.243986 0.007595 -0.014952
