0.029541 -0.226318 -0.063110 0.057436 -0.440029 -0.122705
-0.028320 -0.236572 -0.072754 -0.055063 -0.459965 -0.141455
-0.074463 -0.248413 -0.059204 -0.144778 -0.482987 -0.115110
-0.071655 -0.213379 -0.040161 -0.139319 -0.414871 -0.078085
-0.096802 -0.167114 -0.012451 -0.188211 -0.324919 -0.024209
-0.121094 -0.126465 -0.005127 -0.235442 -0.245885 -0.009968
-0.152222 -0.102051 -0.008057 -0.295963 -0.198416 -0.015664
-0.188110 -0.079346 -0.015015 -0.365741 -0.154271 -0.029193
-0.205444 -0.053223 -0.018188 -0.399444 -0.103480 -0.035364
-0.219238 -0.032227 -0.008423 -0.426263 -0.062658 -0.016376
-0.226318 -0.022217 -0.005737 -0.440029 -0.043196 -0.011155
-0.213989 -0.015137 -0.011841 -0.416058 -0.029430 -0.023022
-0.191284 -0.018921 -0.012939 -0.371912 -0.036788 -0.025158
-0.146362 -0.018066 -0.011353 -0.284571 -0.035126 -0.022073
-0.090820 -0.010742 -0.013428 -0.176581 -0.020886 -0.026107
-0.051514 -0.003418 -0.009644 -0.100158 -0.006646 -0.018750
-0.046509 0.000244 -0.008423 -0.090427 0.000475 -0.016376
-0.079956 -0.003662 0.000122 -0.155458 -0.007120 0.000237
-0.103516 -0.011719 0.016846 -0.201265 -0.022785 0.032753
-0.095093 -0.025513 0.036499 -0.184888 -0.049604 0.070965
-0.085938 -0.031250 0.043945 -0.167088 -0.060759 0.085443
-0.083130 -0.030762 0.038940 -0.161629 -0.059810 0.075712
-0.066284 -0.025391 0.036865 -0.128876 -0.049367 0.071677
-0.034790 -0.008545 0.043335 -0.067642 -0.016614 0.084256
0.007568 0.009521 0.046265 0.014715 0.018513 0.089952
0.053101 0.019775 0.044922 0.103243 0.038449 0.087341
0.123901 0.026733 0.032227 0.240900 0.051978 0.062658
0.175781 0.022461 0.029419 0.341770 0.043671 0.057199
0.198853 0.012939 0.018311 0.386627 0.025158 0.035601
0.218994 0.009277 0.014648 0.425788 0.018038 0.028481
0.247559 -0.003662 0.010864 0.481326 -0.007120 0.021123
0.257935 -0.003174 0.014282 0.501500 -0.006171 0.027769
0.278076 -0.001465 0.028809 0.540661 -0.002848 0.056012
0.306519 0.009888 0.027344 0.595961 0.019225 0.053164
0.321899 0.036865 0.017700 0.625866 0.071677 0.034414
0.325806 0.046387 0.014771 0.633461 0.090189 0.028718
0.311646 0.040894 0.009155 0.605930 0.079509 0.017801
0.280396 0.024048 0.001099 0.545171 0.046756 0.002136
0.236938 -0.006226 -0.013916 0.460678 -0.012104 -0.027057
0.189819 -0.041748 -0.033203 0.369064 -0.081170 -0.064557
0.152222 -0.064819 -0.038574 0.295963 -0.126028 -0.075000
0.138916 -0.076538 -0.037109 0.270093 -0.148812 -0.072151
0.144775 -0.071655 -0.030762 0.281486 -0.139319 -0.059810
0.155884 -0.074219 -0.018433 0.303084 -0.144303 -0.035838
0.148926 -0.055908 -0.009155 0.289555 -0.108702 -0.017801
0.126221 -0.054565 0.003540 0.245410 -0.106091 0.006883
0.099121 -0.060181 0.012451 0.192720 -0.117009 0.024209
0.083618 -0.055176 0.011108 0.162578 -0.107278 0.021598
0.075317 -0.055420 0.010742 0.146439 -0.107752 0.020886
0.061768 -0.042725 0.021362 0.120094 -0.083069 0.041535
0.055420 -0.036987 0.014648 0.107752 -0.071914 0.028481
0.080078 -0.045532 0.005249 0.155695 -0.088528 0.010206
0.112915 -0.058228 0.008179 0.219540 -0.113211 0.015902
0.137207 -0.061890 0.007935 0.266770 -0.120332 0.015427
0.161255 -0.056274 -0.003052 0.313527 -0.109414 -0.005934
0.183716 -0.052124 -0.006226 0.357197 -0.101344 -0.012104
0.198975 -0.052612 -0.003540 0.386865 -0.102294 -0.006883
0.212524 -0.047363 0.000732 0.413209 -0.092088 0.001424
0.224365 -0.025269 0.014404 0.436231 -0.049129 0.028006
0.252930 -0.003906 0.025635 0.491769 -0.007595 0.049841
0.292847 0.010986 0.028198 0.569379 0.021361 0.054826
0.325806 0.007324 0.030396 0.633461 0.014240 0.059098
0.330811 -0.000244 0.037354 0.643192 -0.000475 0.072626
0.319580 -0.009155 0.030640 0.621357 -0.017801 0.059572
0.319092 -0.022949 0.017578 0.620408 -0.044620 0.034177
0.314575 -0.032104 0.008179 0.611626 -0.062420 0.015902
0.309082 -0.062378 -0.001099 0.600946 -0.121281 -0.002136
0.303711 -0.083862 -0.006714 0.590503 -0.163053 -0.013054
0.304077 -0.077637 -0.012207 0.591215 -0.150948 -0.023734
0.320557 -0.061890 -0.003418 0.623256 -0.120332 -0.006646
0.348022 -0.057739 0.009521 0.676657 -0.112262 0.018513
0.363159 -0.049561 0.010132 0.706087 -0.096360 0.019699
0.359009 -0.059570 0.016968 0.698018 -0.115822 0.032990
0.331055 -0.057617 0.014038 0.643667 -0.112025 0.027294
0.297607 -0.050293 0.001831 0.578636 -0.097784 0.003560
0.284302 -0.057983 -0.005127 0.552766 -0.112737 -0.009968
0.288940 -0.050537 -0.010742 0.561784 -0.098259 -0.020886
0.302490 -0.040894 -0.013794 0.588129 -0.079509 -0.026819
0.303589 -0.026123 -0.015747 0.590265 -0.050791 -0.030617
0.296753 -0.003052 -0.020020 0.576974 -0.005934 -0.038924
0.287720 0.032959 -0.017700 0.559411 0.064082 -0.034414
0.286011 0.064697 0.006958 0.556088 0.125790 0.013528
0.311035 0.070435 0.015625 0.604743 0.136945 0.030380
0.332031 0.063965 0.019897 0.645566 0.124366 0.038686
0.321777 0.058105 0.022461 0.625629 0.112974 0.043671
0.281372 0.048096 0.012573 0.547069 0.093512 0.024446
0.240723 0.037964 -0.001221 0.468035 0.073813 -0.002373
0.215942 0.020508 -0.006226 0.419855 0.039873 -0.012104
0.192017 0.002441 -0.011475 0.373336 0.004747 -0.022310
0.163452 -0.006836 -0.023315 0.317799 -0.013291 -0.045332
0.139771 -0.015259 -0.045044 0.271755 -0.029668 -0.087579
0.128296 -0.023804 -0.061523 0.249445 -0.046281 -0.119620
0.130493 -0.029785 -0.045532 0.253717 -0.057911 -0.088528
0.142944 -0.010010 -0.036743 0.277925 -0.019462 -0.071439
0.140381 0.017090 -0.036743 0.272941 0.033228 -0.071439
0.124390 0.017578 -0.033081 0.241850 0.034177 -0.064319
0.116089 0.007446 -0.023926 0.225711 0.014478 -0.046519
0.121948 0.000854 -0.010986 0.237103 0.001661 -0.021361
0.126221 0.000244 -0.003174 0.245410 0.000475 -0.006171
0.118408 0.006470 -0.006348 0.230220 0.012579 -0.012342
0.105713 0.007080 -0.009277 0.205537 0.013766 -0.018038
0.095703 0.001099 -0.019897 0.186075 0.002136 -0.038686
0.095459 -0.012207 -0.026489 0.185600 -0.023734 -0.051503
0.086670 -0.016602 -0.026001 0.168512 -0.032278 -0.050553
0.064209 -0.015381 -0.030029 0.124841 -0.029905 -0.058386
0.051392 -0.024658 -0.031494 0.099920 -0.047943 -0.061234
0.031006 -0.029663 -0.022339 0.060284 -0.057674 -0.043433
0.003174 -0.026245 -0.023682 0.006171 -0.051028 -0.046044
-0.006470 -0.026978 -0.029297 -0.012579 -0.052452 -0.056962
0.000732 -0.020386 -0.026855 0.001424 -0.039636 -0.052215
0.028198 -0.012085 -0.028198 0.054826 -0.023497 -0.054826
0.064819 -0.011475 -0.024414 0.126028 -0.022310 -0.047468
0.089600 -0.014648 -0.020752 0.174208 -0.028481 -0.040348
0.110107 -0.018433 -0.025024 0.214081 -0.035838 -0.048655
0.131348 -0.024170 -0.022217 0.255378 -0.046993 -0.043196
0.137085 -0.021606 -0.022827 0.266533 -0.042009 -0.044383
0.127563 -0.007080 -0.027954 0.248021 -0.013766 -0.054351
0.120239 -0.008545 -0.023804 0.233780 -0.016614 -0.046281
0.116455 -0.016846 -0.019409 0.226423 -0.032753 -0.037737
0.105957 -0.017212 -0.016968 0.206011 -0.033465 -0.032990
0.095825 -0.026123 -0.015381 0.186312 -0.050791 -0.029905
0.091797 -0.037109 -0.015869 0.178480 -0.072151 -0.030854
0.090088 -0.047363 -0.014648 0.175157 -0.092088 -0.028481
0.088135 -0.045410 -0.018311 0.171360 -0.088291 -0.035601
0.088135 -0.042847 -0.020264 0.171360 -0.083306 -0.039398
0.090210 -0.041870 -0.020630 0.175394 -0.081408 -0.040111
0.095215 -0.041138 -0.017090 0.185125 -0.079984 -0.033228
0.102661 -0.042480 -0.009766 0.199603 -0.082594 -0.018987
0.108276 -0.035156 -0.004395 0.210521 -0.068354 -0.008544
0.114868 -0.027100 -0.005737 0.223337 -0.052690 -0.011155
0.115845 -0.019653 -0.008667 0.225236 -0.038212 -0.016851
0.112305 -0.016357 -0.016724 0.218353 -0.031804 -0.032516
0.109131 -0.020508 -0.023315 0.212182 -0.039873 -0.045332
0.110596 -0.032104 -0.026489 0.215030 -0.062420 -0.051503
0.114380 -0.026123 -0.022827 0.222388 -0.050791 -0.044383
0.130737 -0.012817 -0.022949 0.254191 -0.024921 -0.044620
0.151245 -0.004883 -0.017700 0.294065 -0.009494 -0.034414
0.165039 -0.004517 -0.013184 0.320884 -0.008782 -0.025633
0.172485 -0.007202 -0.008911 0.335362 -0.014003 -0.017326
0.176758 -0.006836 -0.005981 0.343669 -0.013291 -0.011630
0.175537 -0.003662 -0.003418 0.341295 -0.007120 -0.006646
0.173218 0.012329 -0.005493 0.336786 0.023971 -0.010680
0.184448 0.013062 -0.002686 0.358621 0.025395 -0.005221
0.193726 0.007935 -0.001953 0.376659 0.015427 -0.003797
0.203491 0.005859 -0.002808 0.395646 0.011392 -0.005459
0.216309 0.000732 -0.000244 0.420567 0.001424 -0.000475
0.230225 -0.002686 0.005615 0.447624 -0.005221 0.010918
0.250732 -0.003784 0.016479 0.487497 -0.007358 0.032041
0.268555 0.000977 0.023926 0.522149 0.001899 0.046519
0.282471 0.011230 0.028564 0.549205 0.021835 0.055538
