-0.068359 -0.134399 -0.083374 -0.132911 -0.261312 -0.162103
-0.064209 -0.161499 -0.102905 -0.124841 -0.314001 -0.200078
-0.059204 -0.186523 -0.107056 -0.115110 -0.362656 -0.208147
-0.053711 -0.219971 -0.094116 -0.104430 -0.427687 -0.182989
0.001587 -0.230713 -0.072144 0.003085 -0.448573 -0.140268
0.032837 -0.230591 -0.022583 0.063845 -0.448336 -0.043908
0.052246 -0.200317 0.011108 0.101582 -0.389475 0.021598
0.039307 -0.133667 0.021118 0.076424 -0.259888 0.041060
0.014160 -0.072754 0.012573 0.027531 -0.141455 0.024446
-0.003906 -0.040039 -0.005493 -0.007595 -0.077848 -0.010680
-0.030884 -0.009521 -0.015381 -0.060047 -0.018513 -0.029905
-0.049927 0.008179 -0.026855 -0.097072 0.015902 -0.052215
-0.048584 0.016968 -0.031128 -0.094461 0.032990 -0.060522
-0.030396 0.016113 -0.025146 -0.059098 0.031329 -0.048892
-0.002441 -0.002563 -0.018066 -0.004747 -0.004984 -0.035126
0.016724 -0.018311 -0.014404 0.032516 -0.035601 -0.028006
0.024414 -0.025879 -0.022339 0.047468 -0.050316 -0.043433
0.020020 -0.026611 -0.026367 0.038924 -0.051740 -0.051266
0.005981 -0.027100 -0.023315 0.011630 -0.052690 -0.045332
0.002197 -0.031128 -0.014893 0.004272 -0.060522 -0.028956
0.014038 -0.036621 -0.017212 0.027294 -0.071202 -0.033465
0.016113 -0.033447 -0.016357 0.031329 -0.065031 -0.031804
0.001099 -0.024902 -0.008057 0.002136 -0.048417 -0.015664
0.005981 -0.024902 -0.012451 0.011630 -0.048417 -0.024209
0.021729 -0.020508 -0.010986 0.042247 -0.039873 -0.021361
0.033081 -0.012939 -0.010010 0.064319 -0.025158 -0.019462
0.038330 0.000000 -0.012085 0.074525 0.000000 -0.023497
0.032471 0.012329 -0.015503 0.063133 0.023971 -0.030142
0.036499 0.014893 -0.028687 0.070965 0.028956 -0.055775
0.048584 0.006226 -0.049194 0.094461 0.012104 -0.095648
0.083862 -0.009888 -0.065674 0.163053 -0.019225 -0.127689
0.093018 -0.027466 -0.056885 0.180853 -0.053402 -0.110601
0.073730 -0.029419 -0.052246 0.143354 -0.057199 -0.101582
0.061279 -0.028564 -0.049072 0.119145 -0.055538 -0.095411
0.058350 -0.029297 -0.041748 0.113449 -0.056962 -0.081170
0.069458 -0.033325 -0.034424 0.135047 -0.064794 -0.066930
0.085571 -0.036377 -0.024780 0.166376 -0.070727 -0.048180
0.099365 -0.038330 -0.017090 0.193195 -0.074525 -0.033228
0.103271 -0.045532 -0.019653 0.200790 -0.088528 -0.038212
0.087891 -0.048950 -0.025024 0.170885 -0.095173 -0.048655
0.071533 -0.050781 -0.027466 0.139081 -0.098734 -0.053402
0.072998 -0.055664 -0.028076 0.141929 -0.108227 -0.054588
0.069824 -0.058838 -0.023804 0.135759 -0.114398 -0.046281
0.061035 -0.059692 -0.027954 0.118670 -0.116059 -0.054351
0.052490 -0.058716 -0.029175 0.102056 -0.114161 -0.056724
0.041138 -0.060547 -0.032104 0.079984 -0.117721 -0.062420
0.025146 -0.066162 -0.038696 0.048892 -0.128638 -0.075237
0.004272 -0.069214 -0.043091 0.008307 -0.134572 -0.083781
-0.007202 -0.064941 -0.046021 -0.014003 -0.126265 -0.089477
-0.003418 -0.057739 -0.033447 -0.006646 -0.112262 -0.065031
0.007446 -0.055786 -0.017334 0.014478 -0.108465 -0.033702
0.023071 -0.062500 -0.006348 0.044857 -0.121518 -0.012342
0.031738 -0.067749 -0.002197 0.061708 -0.131724 -0.004272
0.034180 -0.071899 -0.008789 0.066455 -0.139793 -0.017089
0.038330 -0.075439 -0.017822 0.074525 -0.146676 -0.034652
0.051147 -0.075684 -0.025146 0.099446 -0.147151 -0.048892
0.062256 -0.069214 -0.028198 0.121044 -0.134572 -0.054826
0.063599 -0.059448 -0.027954 0.123654 -0.115585 -0.054351
0.064819 -0.048584 -0.028564 0.126028 -0.094461 -0.055538
0.072998 -0.044678 -0.020752 0.141929 -0.086867 -0.040348
0.082275 -0.046021 -0.008911 0.159967 -0.089477 -0.017326
0.092651 -0.050537 -0.000122 0.180141 -0.098259 -0.000237
0.105103 -0.050659 0.002075 0.204350 -0.098496 0.004035
0.122070 -0.049194 -0.000732 0.237340 -0.095648 -0.001424
0.140869 -0.053345 0.002808 0.273891 -0.103718 0.005459
0.151611 -0.064941 0.006592 0.294777 -0.126265 0.012816
0.161377 -0.074829 0.003540 0.313764 -0.145490 0.006883
0.169922 -0.074951 0.009033 0.330378 -0.145727 0.017563
0.169922 -0.071045 0.018311 0.330378 -0.138132 0.035601
0.170410 -0.067261 0.021240 0.331327 -0.130774 0.041297
0.175293 -0.062134 0.019897 0.340821 -0.120806 0.038686
0.179321 -0.057251 0.028931 0.348653 -0.111313 0.056250
0.177368 -0.052246 0.033813 0.344855 -0.101582 0.065743
0.165405 -0.053955 0.021973 0.321596 -0.104904 0.042721
0.156860 -0.052002 0.010254 0.304982 -0.101107 0.019937
0.158325 -0.052124 0.007202 0.307830 -0.101344 0.014003
0.160278 -0.054932 0.007690 0.311628 -0.106803 0.014952
0.157104 -0.058105 0.010742 0.305457 -0.112974 0.020886
0.145752 -0.058594 0.011963 0.283384 -0.113923 0.023259
0.130859 -0.058105 0.011475 0.254429 -0.112974 0.022310
0.114746 -0.052612 0.009033 0.223100 -0.102294 0.017563
0.098511 -0.050415 0.006226 0.191534 -0.098022 0.012104
0.068848 -0.052979 -0.000854 0.133860 -0.103006 -0.001661
0.047607 -0.050049 -0.008911 0.092563 -0.097310 -0.017326
0.030396 -0.043091 -0.011108 0.059098 -0.083781 -0.021598
0.005249 -0.030396 -0.015747 0.010206 -0.059098 -0.030617
-0.012451 -0.023193 -0.024780 -0.024209 -0.045095 -0.048180
-0.021606 -0.018921 -0.030029 -0.042009 -0.036788 -0.058386
-0.021973 -0.022705 -0.035645 -0.042721 -0.044145 -0.069303
-0.034790 -0.025879 -0.039673 -0.067642 -0.050316 -0.077136
-0.060547 -0.031738 -0.060303 -0.117721 -0.061708 -0.117246
-0.073853 -0.032349 -0.072510 -0.143591 -0.062895 -0.140980
-0.071167 -0.034668 -0.064819 -0.138369 -0.067405 -0.126028
-0.067139 -0.040039 -0.051514 -0.130537 -0.077848 -0.100158
-0.058838 -0.030396 -0.048462 -0.114398 -0.059098 -0.094224
-0.050415 -0.012817 -0.050415 -0.098022 -0.024921 -0.098022
-0.042725 -0.002808 -0.051147 -0.083069 -0.005459 -0.099446
-0.035278 -0.004395 -0.047729 -0.068591 -0.008544 -0.092800
-0.034302 -0.014526 -0.040039 -0.066693 -0.028243 -0.077848
-0.022339 -0.016113 -0.039673 -0.043433 -0.031329 -0.077136
-0.004272 -0.013184 -0.029907 -0.008307 -0.025633 -0.058148
0.021729 -0.006836 -0.017944 0.042247 -0.013291 -0.034889
0.042114 -0.004395 -0.014893 0.081882 -0.008544 -0.028956
0.041382 -0.005737 -0.007080 0.080458 -0.011155 -0.013766
0.049072 -0.007568 -0.004150 0.095411 -0.014715 -0.008070
0.062866 -0.005859 -0.003784 0.122230 -0.011392 -0.007358
0.059326 -0.000977 -0.007813 0.115347 -0.001899 -0.015190
0.053589 -0.001587 -0.016479 0.104192 -0.003085 -0.032041
0.060547 -0.008911 -0.024536 0.117721 -0.017326 -0.047705
0.074463 -0.010986 -0.021973 0.144778 -0.021361 -0.042721
0.084717 -0.014771 -0.021484 0.164714 -0.028718 -0.041772
0.086792 -0.021484 -0.022949 0.168749 -0.041772 -0.044620
0.080811 -0.022705 -0.024414 0.157119 -0.044145 -0.047468
0.077759 -0.019409 -0.023071 0.151186 -0.037737 -0.044857
0.079346 -0.010742 -0.017700 0.154271 -0.020886 -0.034414
0.085938 -0.007446 -0.016968 0.167088 -0.014478 -0.032990
0.076294 -0.006348 -0.024292 0.148338 -0.012342 -0.047231
0.056763 -0.003418 -0.028320 0.110363 -0.006646 -0.055063
0.045898 -0.010132 -0.033813 0.089240 -0.019699 -0.065743
0.035034 -0.015625 -0.029541 0.068117 -0.030380 -0.057436
0.030884 -0.015869 -0.019409 0.060047 -0.030854 -0.037737
0.033325 -0.011597 -0.007813 0.064794 -0.022547 -0.015190
0.033569 -0.004639 -0.007202 0.065269 -0.009019 -0.014003
0.016479 -0.005127 -0.012451 0.032041 -0.009968 -0.024209
0.001465 -0.008789 -0.030884 0.002848 -0.017089 -0.060047
-0.001465 -0.009888 -0.045166 -0.002848 -0.019225 -0.087816
-0.000610 -0.009766 -0.050781 -0.001187 -0.018987 -0.098734
0.006104 -0.009033 -0.046509 0.011867 -0.017563 -0.090427
0.015381 -0.009888 -0.036011 0.029905 -0.019225 -0.070015
0.021973 -0.006592 -0.026245 0.042721 -0.012816 -0.051028
0.023071 -0.000122 -0.019043 0.044857 -0.000237 -0.037025
0.018433 0.001221 -0.016602 0.035838 0.002373 -0.032278
0.016846 0.002319 -0.021362 0.032753 0.004509 -0.041535
0.015503 0.000122 -0.025513 0.030142 0.000237 -0.049604
0.008667 -0.007446 -0.027466 0.016851 -0.014478 -0.053402
0.004150 -0.011108 -0.030273 0.008070 -0.021598 -0.058860
0.007935 -0.012939 -0.035889 0.015427 -0.025158 -0.069778
0.013794 -0.008057 -0.031738 0.026819 -0.015664 -0.061708
0.031494 -0.002563 -0.020996 0.061234 -0.004984 -0.040823
0.049438 0.001465 -0.011597 0.096123 0.002848 -0.022547
0.054199 0.005005 -0.008301 0.105379 0.009731 -0.016139
0.059570 0.008667 -0.012207 0.115822 0.016851 -0.023734
0.063354 0.007446 -0.015381 0.123180 0.014478 -0.029905
0.058716 0.004517 -0.019531 0.114161 0.008782 -0.037974
0.054688 0.007324 -0.026611 0.106328 0.014240 -0.051740
0.054688 0.008789 -0.024292 0.106328 0.017089 -0.047231
0.055664 0.009644 -0.025391 0.108227 0.018750 -0.049367
0.062744 0.005615 -0.021118 0.121993 0.010918 -0.041060
0.071777 0.004272 -0.015015 0.139556 0.008307 -0.029193
0.075073 0.007080 -0.012695 0.145964 0.013766 -0.024683
