-0.093262 -0.171265 -0.110229 -0.181328 -0.332988 -0.214318
-0.104980 -0.133057 -0.086182 -0.204113 -0.258701 -0.167562
-0.127197 -0.095703 -0.059937 -0.247309 -0.186075 -0.116534
-0.151367 -0.081299 -0.027832 -0.294302 -0.158069 -0.054114
-0.172729 -0.086670 -0.003052 -0.335836 -0.168512 -0.005934
-0.187866 -0.101929 -0.008301 -0.365267 -0.198179 -0.016139
-0.223999 -0.103882 0.001343 -0.435519 -0.201977 0.002611
-0.231445 -0.114258 0.016479 -0.449997 -0.222151 0.032041
-0.198486 -0.110107 0.035645 -0.385915 -0.214081 0.069303
-0.143433 -0.091797 0.037842 -0.278875 -0.178480 0.073575
-0.081909 -0.090210 0.026978 -0.159255 -0.175394 0.052452
-0.045654 -0.080322 0.020386 -0.088765 -0.156170 0.039636
-0.027222 -0.065674 0.008911 -0.052927 -0.127689 0.017326
-0.021851 -0.045532 -0.002686 -0.042484 -0.088528 -0.005221
-0.024658 -0.030273 -0.010864 -0.047943 -0.058860 -0.021123
-0.024048 -0.022095 -0.017578 -0.046756 -0.042959 -0.034177
-0.016602 -0.021851 -0.023438 -0.032278 -0.042484 -0.045569
-0.010864 -0.018433 -0.023804 -0.021123 -0.035838 -0.046281
-0.021362 -0.011353 -0.014771 -0.041535 -0.022073 -0.028718
-0.034790 -0.012695 -0.010132 -0.067642 -0.024683 -0.019699
-0.038452 -0.019775 -0.012451 -0.074762 -0.038449 -0.024209
-0.040283 -0.015747 -0.013550 -0.078322 -0.030617 -0.026345
-0.039551 -0.009888 -0.020142 -0.076898 -0.019225 -0.039161
-0.034912 -0.006470 -0.028076 -0.067879 -0.012579 -0.054588
-0.028076 -0.008789 -0.031982 -0.054588 -0.017089 -0.062183
-0.022949 -0.006714 -0.027100 -0.044620 -0.013054 -0.052690
-0.039307 0.006958 -0.015503 -0.076424 0.013528 -0.030142
-0.058716 0.010132 -0.012695 -0.114161 0.019699 -0.024683
-0.072388 0.000610 -0.010132 -0.140743 0.001187 -0.019699
-0.077026 -0.010132 -0.012817 -0.149762 -0.019699 -0.024921
-0.078979 -0.014404 -0.016846 -0.153559 -0.028006 -0.032753
-0.081421 -0.013672 -0.020142 -0.158306 -0.026582 -0.039161
-0.072021 -0.021118 -0.021118 -0.140031 -0.041060 -0.041060
-0.048828 -0.031250 -0.020020 -0.094936 -0.060759 -0.038924
-0.033081 -0.035278 -0.013550 -0.064319 -0.068591 -0.026345
-0.024414 -0.033936 -0.009277 -0.047468 -0.065981 -0.018038
-0.008423 -0.032104 -0.015747 -0.016376 -0.062420 -0.030617
0.015747 -0.031372 -0.020508 0.030617 -0.060996 -0.039873
0.037598 -0.041016 -0.016235 0.073101 -0.079746 -0.031566
0.024658 -0.041016 -0.019165 0.047943 -0.079746 -0.037262
-0.003784 -0.030273 -0.017456 -0.007358 -0.058860 -0.033940
-0.011230 -0.028198 -0.007568 -0.021835 -0.054826 -0.014715
-0.002197 -0.036987 -0.008911 -0.004272 -0.071914 -0.017326
-0.001831 -0.036499 -0.010498 -0.003560 -0.070965 -0.020411
-0.009277 -0.035767 -0.010010 -0.018038 -0.069541 -0.019462
-0.013550 -0.034790 -0.016479 -0.026345 -0.067642 -0.032041
-0.006958 -0.034546 -0.016602 -0.013528 -0.067167 -0.032278
0.004272 -0.036865 -0.014160 0.008307 -0.071677 -0.027531
0.011719 -0.032227 -0.013916 0.022785 -0.062658 -0.027057
0.023071 -0.026855 -0.014404 0.044857 -0.052215 -0.028006
0.024780 -0.018677 -0.022217 0.048180 -0.036313 -0.043196
0.009155 -0.005493 -0.021973 0.017801 -0.010680 -0.042721
-0.002197 -0.006348 -0.028198 -0.004272 -0.012342 -0.054826
-0.017700 -0.007324 -0.034668 -0.034414 -0.014240 -0.067405
-0.033081 -0.003418 -0.039795 -0.064319 -0.006646 -0.077373
-0.045532 -0.004639 -0.043701 -0.088528 -0.009019 -0.084968
-0.050171 -0.004395 -0.047607 -0.097547 -0.008544 -0.092563
-0.037964 -0.005981 -0.042725 -0.073813 -0.011630 -0.083069
-0.024414 -0.008545 -0.032837 -0.047468 -0.016614 -0.063845
-0.019043 -0.010010 -0.027588 -0.037025 -0.019462 -0.053639
-0.018677 -0.016113 -0.023926 -0.036313 -0.031329 -0.046519
-0.018799 -0.022095 -0.024292 -0.036550 -0.042959 -0.047231
-0.017212 -0.025269 -0.026855 -0.033465 -0.049129 -0.052215
-0.018799 -0.026245 -0.028809 -0.036550 -0.051028 -0.056012
-0.024536 -0.025879 -0.025879 -0.047705 -0.050316 -0.050316
-0.017822 -0.032593 -0.024536 -0.034652 -0.063370 -0.047705
-0.013550 -0.033203 -0.020264 -0.026345 -0.064557 -0.039398
-0.010742 -0.026367 -0.013062 -0.020886 -0.051266 -0.025395
-0.003906 -0.020630 -0.011108 -0.007595 -0.040111 -0.021598
-0.002930 -0.014771 -0.012207 -0.005696 -0.028718 -0.023734
-0.011230 -0.006592 -0.013062 -0.021835 -0.012816 -0.025395
-0.024414 -0.003296 -0.019897 -0.047468 -0.006408 -0.038686
-0.035645 -0.004761 -0.026855 -0.069303 -0.009256 -0.052215
-0.044067 -0.011230 -0.032715 -0.085680 -0.021835 -0.063607
-0.048340 -0.015259 -0.032349 -0.093987 -0.029668 -0.062895
-0.048218 -0.014893 -0.030151 -0.093749 -0.028956 -0.058623
-0.043579 -0.010132 -0.031860 -0.084730 -0.019699 -0.061946
-0.039917 -0.002197 -0.033203 -0.077610 -0.004272 -0.064557
-0.033325 0.007690 -0.033936 -0.064794 0.014952 -0.065981
-0.026611 0.010498 -0.035034 -0.051740 0.020411 -0.068117
-0.021973 0.009644 -0.035034 -0.042721 0.018750 -0.068117
-0.020874 0.003174 -0.032837 -0.040585 0.006171 -0.063845
-0.012817 -0.006714 -0.033569 -0.024921 -0.013054 -0.065269
0.003296 -0.015015 -0.033691 0.006408 -0.029193 -0.065506
0.021851 -0.021606 -0.028809 0.042484 -0.042009 -0.056012
0.036743 -0.024780 -0.027832 0.071439 -0.048180 -0.054114
0.044556 -0.021851 -0.026245 0.086629 -0.042484 -0.051028
0.045044 -0.016968 -0.022583 0.087579 -0.032990 -0.043908
0.043213 -0.011597 -0.017944 0.084018 -0.022547 -0.034889
0.039429 -0.006226 -0.016846 0.076661 -0.012104 -0.032753
0.030273 -0.003540 -0.020630 0.058860 -0.006883 -0.040111
0.031494 -0.010010 -0.028687 0.061234 -0.019462 -0.055775
0.036743 -0.016113 -0.018677 0.071439 -0.031329 -0.036313
0.041138 -0.021729 -0.013306 0.079984 -0.042247 -0.025870
0.034180 -0.021362 -0.019531 0.066455 -0.041535 -0.037974
0.024292 -0.022461 -0.024292 0.047231 -0.043671 -0.047231
0.026001 -0.021851 -0.027588 0.050553 -0.042484 -0.053639
0.030884 -0.023193 -0.023804 0.060047 -0.045095 -0.046281
0.033203 -0.024414 -0.022583 0.064557 -0.047468 -0.043908
0.036865 -0.023560 -0.021240 0.071677 -0.045807 -0.041297
0.036377 -0.021851 -0.019043 0.070727 -0.042484 -0.037025
0.027710 -0.020264 -0.016724 0.053876 -0.039398 -0.032516
0.015503 -0.023560 -0.021118 0.030142 -0.045807 -0.041060
0.000854 -0.028687 -0.024780 0.001661 -0.055775 -0.048180
-0.007813 -0.032227 -0.026245 -0.015190 -0.062658 -0.051028
-0.002441 -0.030151 -0.023193 -0.004747 -0.058623 -0.045095
0.005737 -0.028809 -0.015015 0.011155 -0.056012 -0.029193
0.004395 -0.029663 -0.006836 0.008544 -0.057674 -0.013291
-0.000122 -0.027222 -0.005615 -0.000237 -0.052927 -0.010918
-0.001343 -0.021851 -0.007446 -0.002611 -0.042484 -0.014478
-0.005737 -0.017212 -0.015747 -0.011155 -0.033465 -0.030617
-0.001343 -0.014526 -0.025146 -0.002611 -0.028243 -0.048892
0.007080 -0.014893 -0.024658 0.013766 -0.028956 -0.047943
0.016113 -0.019043 -0.024902 0.031329 -0.037025 -0.048417
0.024536 -0.026367 -0.024658 0.047705 -0.051266 -0.047943
0.032471 -0.031006 -0.019409 0.063133 -0.060284 -0.037737
0.039063 -0.027100 -0.015991 0.075949 -0.052690 -0.031092
0.034790 -0.028442 -0.013184 0.067642 -0.055300 -0.025633
0.025757 -0.026611 -0.009888 0.050079 -0.051740 -0.019225
0.026978 -0.021973 -0.005371 0.052452 -0.042721 -0.010443
0.036011 -0.013794 -0.008057 0.070015 -0.026819 -0.015664
0.043701 -0.006226 -0.015991 0.084968 -0.012104 -0.031092
0.046509 -0.001831 -0.021851 0.090427 -0.003560 -0.042484
0.051147 0.000488 -0.025146 0.099446 0.000949 -0.048892
0.053467 0.002930 -0.023193 0.103955 0.005696 -0.045095
0.055664 -0.004272 -0.018677 0.108227 -0.008307 -0.036313
0.061035 -0.010010 -0.013550 0.118670 -0.019462 -0.026345
0.063354 -0.011597 -0.008301 0.123180 -0.022547 -0.016139
0.060303 -0.011353 -0.009888 0.117246 -0.022073 -0.019225
0.053833 -0.014404 -0.021240 0.104667 -0.028006 -0.041297
0.047485 -0.014893 -0.028076 0.092325 -0.028956 -0.054588
0.049927 -0.011719 -0.027100 0.097072 -0.022785 -0.052690
0.052490 -0.016968 -0.021118 0.102056 -0.032990 -0.041060
0.053101 -0.019043 -0.020386 0.103243 -0.037025 -0.039636
0.055298 -0.018188 -0.015625 0.107515 -0.035364 -0.030380
0.063843 -0.017334 -0.012695 0.124129 -0.033702 -0.024683
0.066650 -0.014771 -0.010742 0.129588 -0.028718 -0.020886
0.055908 -0.014893 -0.015015 0.108702 -0.028956 -0.029193
0.045044 -0.014526 -0.021484 0.087579 -0.028243 -0.041772
0.040161 -0.017944 -0.021118 0.078085 -0.034889 -0.041060
0.035034 -0.019775 -0.016602 0.068117 -0.038449 -0.032278
0.032959 -0.022705 -0.008057 0.064082 -0.044145 -0.015664
0.043457 -0.023438 -0.000244 0.084493 -0.045569 -0.000475
0.059570 -0.017700 0.006104 0.115822 -0.034414 0.011867
0.066284 -0.011353 0.009521 0.128876 -0.022073 0.018513
0.068115 -0.006836 0.002441 0.132436 -0.013291 0.004747
0.061157 -0.009399 -0.006348 0.118907 -0.018275 -0.012342
0.052246 -0.010620 -0.019409 0.101582 -0.020649 -0.037737
0.048950 -0.006958 -0.028687 0.095173 -0.013528 -0.055775
0.055054 -0.002319 -0.027832 0.107040 -0.004509 -0.054114
