-0.082764 -0.326172 0.078491 -0.160917 -0.634173 0.152610
-0.163452 -0.324463 0.025391 -0.317799 -0.630850 0.049367
-0.255981 -0.267212 0.012817 -0.497703 -0.519538 0.024921
-0.343018 -0.177002 0.008423 -0.666926 -0.344143 0.016376
-0.429443 -0.075562 -0.041504 -0.834963 -0.146914 -0.080696
-0.479004 -0.028320 -0.079712 -0.931323 -0.055063 -0.154983
-0.519409 -0.030029 -0.106201 -1.009883 -0.058386 -0.206486
-0.551270 -0.065063 -0.124390 -1.071829 -0.126502 -0.241850
-0.575439 -0.084473 -0.153931 -1.118822 -0.164239 -0.299286
-0.594849 -0.097656 -0.191650 -1.156559 -0.189872 -0.372624
-0.621094 -0.127075 -0.225464 -1.207587 -0.247071 -0.438368
-0.648193 -0.150513 -0.248657 -1.260277 -0.292641 -0.483462
-0.671875 -0.175537 -0.248535 -1.306321 -0.341295 -0.483225
-0.700684 -0.179932 -0.241577 -1.362333 -0.349840 -0.469696
-0.740967 -0.165161 -0.233765 -1.440655 -0.321121 -0.454507
-0.794067 -0.148315 -0.225464 -1.543899 -0.288368 -0.438368
-0.839355 -0.133179 -0.201416 -1.631952 -0.258938 -0.391611
-0.859009 -0.113159 -0.166260 -1.670164 -0.220014 -0.323257
-0.857910 -0.097046 -0.157104 -1.668028 -0.188686 -0.305457
-0.852051 -0.089478 -0.181396 -1.656635 -0.173970 -0.352688
-0.835083 -0.107056 -0.199219 -1.623645 -0.208147 -0.387339
-0.832886 -0.126709 -0.200684 -1.619373 -0.246359 -0.390187
-0.851685 -0.129517 -0.209106 -1.655923 -0.251818 -0.406564
-0.877808 -0.092651 -0.234741 -1.706714 -0.180141 -0.456405
-0.895020 -0.038574 -0.248291 -1.740179 -0.075000 -0.482750
-0.895752 0.013916 -0.250366 -1.741603 0.027057 -0.486785
-0.886597 0.041748 -0.249268 -1.723802 0.081170 -0.484649
-0.876587 0.037964 -0.255249 -1.704341 0.073813 -0.496279
-0.862061 0.002808 -0.268799 -1.676097 0.005459 -0.522623
-0.834961 -0.053955 -0.284668 -1.623408 -0.104904 -0.553478
-0.792358 -0.089111 -0.282471 -1.540576 -0.173258 -0.549205
-0.746704 -0.089844 -0.270630 -1.451810 -0.174682 -0.526183
-0.684326 -0.048584 -0.255859 -1.330530 -0.094461 -0.497465
-0.600708 0.002808 -0.224731 -1.167952 0.005459 -0.436943
-0.520386 0.040894 -0.180176 -1.011782 0.079509 -0.350314
-0.442383 0.067261 -0.115479 -0.860121 0.130774 -0.224524
-0.361938 0.097534 -0.058838 -0.703714 0.189635 -0.114398
-0.291992 0.104126 -0.029419 -0.567718 0.202451 -0.057199
-0.222168 0.082764 0.000977 -0.431959 0.160917 0.001899
-0.153442 0.074585 0.004761 -0.298337 0.145015 0.009256
-0.112427 0.061157 -0.010498 -0.218590 0.118907 -0.020411
-0.078491 0.043701 -0.022461 -0.152610 0.084968 -0.043671
-0.056030 0.026367 -0.030273 -0.108939 0.051266 -0.058860
-0.043091 0.019897 -0.033936 -0.083781 0.038686 -0.065981
-0.021484 0.025269 -0.041992 -0.041772 0.049129 -0.081645
0.009521 0.024536 -0.029541 0.018513 0.047705 -0.057436
0.046021 0.006470 0.005737 0.089477 0.012579 0.011155
0.076782 -0.014038 0.046387 0.149287 -0.027294 0.090189
0.097290 -0.026489 0.090942 0.189160 -0.051503 0.176819
0.120728 -0.025391 0.134888 0.234730 -0.049367 0.262261
0.143921 -0.021973 0.167725 0.279824 -0.042721 0.326106
0.158081 -0.046509 0.185059 0.307356 -0.090427 0.359808
0.171631 -0.060303 0.200562 0.333700 -0.117246 0.389950
0.195801 -0.057983 0.217041 0.380694 -0.112737 0.421991
0.228760 -0.044800 0.239502 0.444776 -0.087104 0.465662
0.258301 -0.024658 0.269165 0.502212 -0.047943 0.523335
0.276733 -0.022705 0.294800 0.538050 -0.044145 0.573177
0.292480 -0.037354 0.314819 0.568667 -0.072626 0.612101
0.310181 -0.053589 0.330688 0.603082 -0.104192 0.642955
0.333740 -0.074219 0.349854 0.648888 -0.144303 0.680217
0.367676 -0.080566 0.380859 0.714869 -0.156645 0.740502
0.404785 -0.074463 0.421143 0.787020 -0.144778 0.818824
0.438843 -0.071533 0.459595 0.853238 -0.139081 0.893586
0.464111 -0.062622 0.487915 0.902368 -0.121756 0.948649
0.478149 -0.055786 0.503662 0.929662 -0.108465 0.979266
0.500732 -0.039551 0.511719 0.973570 -0.076898 0.994930
0.521729 -0.009277 0.507813 1.014392 -0.018038 0.987336
0.535767 0.007202 0.495972 1.041687 0.014003 0.964314
0.543701 0.009033 0.474609 1.057114 0.017563 0.922779
0.541626 -0.000366 0.454834 1.053079 -0.000712 0.884330
0.536987 -0.004395 0.447266 1.044060 -0.008544 0.869615
0.536621 -0.025635 0.453613 1.043348 -0.049841 0.881957
0.531006 -0.009766 0.464233 1.032430 -0.018987 0.902605
0.522583 0.014893 0.461060 1.016054 0.028956 0.896434
0.508667 0.041992 0.430054 0.988997 0.081645 0.836150
0.489258 0.041260 0.393677 0.951260 0.080221 0.765422
0.472656 0.031860 0.358521 0.918982 0.061946 0.697068
0.450195 0.018921 0.336426 0.875311 0.036788 0.654110
0.427002 0.006470 0.326416 0.830216 0.012579 0.634648
0.411499 0.016968 0.323853 0.800074 0.032990 0.629664
0.389526 0.035889 0.312744 0.757353 0.069778 0.608066
0.357910 0.053955 0.279297 0.695882 0.104904 0.543035
0.333862 0.061890 0.237061 0.649126 0.120332 0.460915
0.307617 0.058838 0.188721 0.598098 0.114398 0.366928
0.266846 0.029053 0.141968 0.518826 0.056487 0.276027
0.229736 -0.005737 0.123047 0.446674 -0.011155 0.239239
0.208496 -0.013916 0.126343 0.405377 -0.027057 0.245647
0.192505 -0.000244 0.130371 0.374286 -0.000475 0.253479
0.175659 0.020020 0.122925 0.341533 0.038924 0.239002
0.153198 0.028320 0.098145 0.297862 0.055063 0.190822
0.124878 0.017456 0.064331 0.242799 0.033940 0.125078
0.101318 0.002197 0.035278 0.196992 0.004272 0.068591
0.082031 -0.012329 0.020020 0.159493 -0.023971 0.038924
0.067749 -0.004395 0.014771 0.131724 -0.008544 0.028718
0.057983 0.012573 0.016602 0.112737 0.024446 0.032278
0.045288 0.022461 0.019531 0.088053 0.043671 0.037974
0.026978 0.022217 0.009766 0.052452 0.043196 0.018987
0.003418 0.028931 -0.018677 0.006646 0.056250 -0.036313
-0.021362 0.021484 -0.050171 -0.041535 0.041772 -0.097547
-0.031738 0.003906 -0.069702 -0.061708 0.007595 -0.135521
-0.036743 -0.011719 -0.076294 -0.071439 -0.022785 -0.148338
-0.047607 -0.020874 -0.080200 -0.092563 -0.040585 -0.155933
-0.057129 -0.018433 -0.078003 -0.111075 -0.035838 -0.151660
-0.063354 -0.014282 -0.070923 -0.123180 -0.027769 -0.137895
-0.070313 -0.017944 -0.067383 -0.136708 -0.034889 -0.131012
-0.079956 -0.022339 -0.074097 -0.155458 -0.043433 -0.144066
-0.087524 -0.023682 -0.088745 -0.170173 -0.046044 -0.172546
-0.088989 -0.026001 -0.103516 -0.173021 -0.050553 -0.201265
-0.088989 -0.042969 -0.107544 -0.173021 -0.083544 -0.209097
-0.091309 -0.059570 -0.099731 -0.177531 -0.115822 -0.193907
-0.093018 -0.060547 -0.087646 -0.180853 -0.117721 -0.170410
-0.084839 -0.045410 -0.069702 -0.164952 -0.088291 -0.135521
-0.077881 -0.012573 -0.052002 -0.151423 -0.024446 -0.101107
-0.069336 0.007935 -0.040527 -0.134809 0.015427 -0.078797
-0.061279 0.017334 -0.043335 -0.119145 0.033702 -0.084256
-0.060913 0.014282 -0.052856 -0.118433 0.027769 -0.102768
-0.061279 0.007935 -0.064819 -0.119145 0.015427 -0.126028
-0.058105 0.003906 -0.071167 -0.112974 0.007595 -0.138369
-0.055542 -0.001709 -0.067993 -0.107990 -0.003323 -0.132199
-0.053467 0.000244 -0.060913 -0.103955 0.000475 -0.118433
-0.054321 0.010864 -0.058105 -0.105616 0.021123 -0.112974
-0.051514 0.021484 -0.065674 -0.100158 0.041772 -0.127689
-0.040771 0.017334 -0.071045 -0.079272 0.033702 -0.138132
-0.034912 0.011353 -0.070435 -0.067879 0.022073 -0.136945
-0.035645 0.012695 -0.071411 -0.069303 0.024683 -0.138844
-0.035522 0.017456 -0.068726 -0.069066 0.033940 -0.133623
-0.030640 0.023804 -0.062012 -0.059572 0.046281 -0.120569
-0.026855 0.026978 -0.057861 -0.052215 0.052452 -0.112499
-0.026123 0.027588 -0.053589 -0.050791 0.053639 -0.104192
-0.026123 0.022095 -0.043335 -0.050791 0.042959 -0.084256
-0.025879 0.017822 -0.036255 -0.050316 0.034652 -0.070490
-0.025024 0.019897 -0.031372 -0.048655 0.038686 -0.060996
-0.028198 0.024292 -0.026245 -0.054826 0.047231 -0.051028
-0.027588 0.035034 -0.019775 -0.053639 0.068117 -0.038449
-0.025269 0.037231 -0.015625 -0.049129 0.072389 -0.030380
-0.024414 0.039063 -0.015991 -0.047468 0.075949 -0.031092
-0.025391 0.043091 -0.021484 -0.049367 0.083781 -0.041772
-0.026733 0.041382 -0.033203 -0.051978 0.080458 -0.064557
-0.026489 0.036011 -0.045654 -0.051503 0.070015 -0.088765
-0.026611 0.024658 -0.054688 -0.051740 0.047943 -0.106328
-0.032227 0.016113 -0.064087 -0.062658 0.031329 -0.124604
-0.033691 0.007202 -0.065186 -0.065506 0.014003 -0.126740
-0.032349 0.009033 -0.062500 -0.062895 0.017563 -0.121518
-0.028076 0.012329 -0.059204 -0.054588 0.023971 -0.115110
-0.025757 0.016113 -0.059814 -0.050079 0.031329 -0.116297
-0.024292 0.015503 -0.060181 -0.047231 0.030142 -0.117009
-0.022461 0.016602 -0.060669 -0.043671 0.032278 -0.117958
-0.029175 0.026978 -0.065186 -0.056724 0.052452 -0.126740
-0.035034 0.029175 -0.072388 -0.068117 0.056724 -0.140743
-0.032715 0.020508 -0.070190 -0.063607 0.039873 -0.136471
