0.207642 -0.301270 0.275757 0.403716 -0.585756 0.536152
0.149536 -0.274902 0.264526 0.290742 -0.534490 0.514316
0.031128 -0.275879 0.219727 0.060522 -0.536389 0.427213
0.044922 -0.230225 0.187134 0.087341 -0.447624 0.363843
0.032837 -0.257202 0.178711 0.063845 -0.500076 0.347466
0.001221 -0.282837 0.202026 0.002373 -0.549917 0.392798
-0.002441 -0.321045 0.208130 -0.004747 -0.624205 0.404665
-0.032715 -0.294922 0.245117 -0.063607 -0.573414 0.476579
-0.044678 -0.252563 0.266235 -0.086867 -0.491057 0.517639
-0.058228 -0.214355 0.285645 -0.113211 -0.416770 0.555376
-0.078979 -0.175415 0.287598 -0.153559 -0.341058 0.559174
-0.083252 -0.173706 0.272217 -0.161866 -0.337735 0.529269
-0.105347 -0.139160 0.253052 -0.204825 -0.270568 0.492006
-0.139404 -0.141968 0.229370 -0.271043 -0.276027 0.445962
-0.185547 -0.120361 0.207642 -0.360757 -0.234018 0.403716
-0.229858 -0.101929 0.205933 -0.446912 -0.198179 0.400393
-0.260620 -0.088379 0.219727 -0.506721 -0.171834 0.427213
-0.273804 -0.073120 0.236938 -0.532354 -0.142167 0.460678
-0.292969 -0.076416 0.241943 -0.569617 -0.148575 0.470408
-0.310303 -0.051880 0.244751 -0.603319 -0.100870 0.475867
-0.328003 -0.040161 0.241821 -0.637733 -0.078085 0.470171
-0.352661 -0.051147 0.248291 -0.685676 -0.099446 0.482750
-0.394043 -0.047974 0.274780 -0.766134 -0.093275 0.534253
-0.447876 -0.067993 0.305542 -0.870802 -0.132199 0.594063
-0.514282 -0.090088 0.312012 -0.999915 -0.175157 0.606642
-0.528198 -0.141968 0.320313 -1.026971 -0.276027 0.622781
-0.499512 -0.137817 0.328735 -0.971196 -0.267957 0.639157
-0.477051 -0.184937 0.361694 -0.927526 -0.359571 0.703239
-0.452148 -0.237793 0.399292 -0.879108 -0.462339 0.776340
-0.430664 -0.234985 0.418823 -0.837337 -0.456880 0.814315
-0.392212 -0.303223 0.433960 -0.762574 -0.589553 0.843745
-0.369751 -0.339478 0.441040 -0.718904 -0.660043 0.857510
-0.392944 -0.270630 0.464111 -0.763998 -0.526183 0.902368
-0.368652 -0.253174 0.488159 -0.716768 -0.492244 0.949124
-0.300903 -0.227417 0.512573 -0.585044 -0.442165 0.996592
-0.249390 -0.209351 0.500366 -0.484886 -0.407039 0.972858
-0.252075 -0.244019 0.481567 -0.490108 -0.474443 0.936307
-0.325684 -0.233276 0.454468 -0.633224 -0.453557 0.883618
-0.493652 -0.198853 0.411621 -0.959804 -0.386627 0.800311
-0.700439 -0.173218 0.349487 -1.361859 -0.336786 0.679505
-0.819336 -0.151001 0.294922 -1.593028 -0.293590 0.573414
-0.790771 -0.175537 0.295898 -1.537490 -0.341295 0.575313
-0.604614 -0.222900 0.337036 -1.175546 -0.433383 0.655297
-0.341919 -0.214111 0.353882 -0.664790 -0.416295 0.688049
-0.142456 -0.201660 0.322266 -0.276976 -0.392086 0.626578
-0.017944 -0.178955 0.279541 -0.034889 -0.347941 0.543509
0.045166 -0.168335 0.248413 0.087816 -0.327292 0.482987
0.003662 -0.217651 0.226074 0.007120 -0.423178 0.439554
-0.112671 -0.280273 0.229492 -0.219065 -0.544933 0.446200
-0.236450 -0.289917 0.265015 -0.459728 -0.563683 0.515266
-0.334839 -0.269043 0.296631 -0.651024 -0.523098 0.576737
-0.360718 -0.242676 0.320557 -0.701341 -0.471832 0.623256
-0.298462 -0.207275 0.328735 -0.580297 -0.403004 0.639157
-0.209961 -0.161987 0.296265 -0.408225 -0.314951 0.576025
-0.135620 -0.119141 0.235229 -0.263685 -0.231644 0.457355
-0.099854 -0.063721 0.183350 -0.194144 -0.123892 0.356485
-0.122314 -0.019287 0.144165 -0.237815 -0.037500 0.280299
-0.193481 -0.022339 0.111206 -0.376184 -0.043433 0.216217
-0.262085 -0.048706 0.099243 -0.509570 -0.094699 0.192958
-0.275757 -0.062744 0.128662 -0.536152 -0.121993 0.250157
-0.251587 -0.078125 0.151978 -0.489158 -0.151898 0.295489
-0.226563 -0.083252 0.160278 -0.440504 -0.161866 0.311628
-0.217285 -0.071167 0.171997 -0.422466 -0.138369 0.334412
-0.191772 -0.047852 0.153809 -0.372862 -0.093037 0.299049
-0.150391 -0.020508 0.121826 -0.292403 -0.039873 0.236866
-0.112549 0.004639 0.095337 -0.218828 0.009019 0.185363
-0.068726 0.006348 0.059204 -0.133623 0.012342 0.115110
-0.013062 -0.020386 0.027832 -0.025395 -0.039636 0.054114
0.031006 -0.055786 0.019409 0.060284 -0.108465 0.037737
0.049072 -0.062134 0.035156 0.095411 -0.120806 0.068354
0.052368 -0.058228 0.060913 0.101819 -0.113211 0.118433
0.061890 -0.054932 0.081055 0.120332 -0.106803 0.157594
0.068237 -0.051758 0.091675 0.132673 -0.100632 0.178243
0.052734 -0.042236 0.088013 0.102531 -0.082120 0.171122
0.031494 -0.017090 0.059448 0.061234 -0.033228 0.115585
0.014771 0.016846 0.027710 0.028718 0.032753 0.053876
0.010132 0.048584 0.004639 0.019699 0.094461 0.009019
0.026733 0.072510 -0.010010 0.051978 0.140980 -0.019462
0.060059 0.095215 -0.010132 0.116771 0.185125 -0.019699
0.095947 0.115601 -0.003906 0.186549 0.224761 -0.007595
0.120117 0.125000 -0.004150 0.233543 0.243036 -0.008070
0.129761 0.118408 0.000732 0.252293 0.230220 0.001424
0.119385 0.102539 0.006104 0.232119 0.199366 0.011867
0.121826 0.047241 0.005371 0.236866 0.091851 0.010443
0.149536 -0.033325 0.007568 0.290742 -0.064794 0.014715
0.164063 -0.063477 0.015747 0.318985 -0.123417 0.030617
0.158447 -0.040405 0.012939 0.308068 -0.078560 0.025158
0.178223 0.007202 -0.002808 0.346517 0.014003 -0.005459
0.229126 0.046143 -0.015259 0.445488 0.089715 -0.029668
0.283203 0.070557 -0.013916 0.550629 0.137183 -0.027057
0.338867 0.082642 -0.007568 0.658857 0.160679 -0.014715
0.403809 0.070313 0.000732 0.785122 0.136708 0.001424
0.469971 0.043579 0.006836 0.913760 0.084730 0.013291
0.501587 0.021484 0.019409 0.975231 0.041772 0.037737
0.487549 0.020386 0.034058 0.947937 0.039636 0.066218
0.460815 0.045166 0.032227 0.895960 0.087816 0.062658
0.437866 0.075317 0.022583 0.851340 0.146439 0.043908
0.398682 0.097290 0.009766 0.775153 0.189160 0.018987
0.335327 0.083618 -0.017334 0.651974 0.162578 -0.033702
0.282471 0.069336 -0.037354 0.549205 0.134809 -0.072626
0.294556 0.094360 -0.067139 0.572702 0.183464 -0.130537
0.344727 0.103394 -0.082031 0.670249 0.201027 -0.159493
0.390869 0.139771 -0.087158 0.759964 0.271755 -0.169461
0.426636 0.178589 -0.102539 0.829504 0.347229 -0.199366
0.471313 0.237549 -0.107422 0.916371 0.461864 -0.208859
0.505981 0.298706 -0.089844 0.983775 0.580772 -0.174682
0.515869 0.264038 -0.075928 1.003000 0.513367 -0.147626
0.500366 0.168823 -0.050659 0.972858 0.328242 -0.098496
0.477539 0.086182 -0.017944 0.928475 0.167562 -0.034889
0.450317 0.033813 -0.007446 0.875548 0.065743 -0.014478
0.426147 0.028931 -0.020264 0.828555 0.056250 -0.039398
0.420532 0.064209 -0.038696 0.817637 0.124841 -0.075237
0.438232 0.091675 -0.055054 0.852052 0.178243 -0.107040
0.465210 0.118042 -0.061523 0.904504 0.229508 -0.119620
0.463867 0.125488 -0.070068 0.901893 0.243986 -0.136233
0.431152 0.098022 -0.084106 0.838286 0.190584 -0.163527
0.393555 0.085815 -0.086426 0.765185 0.166850 -0.168037
0.385742 0.060425 -0.077515 0.749995 0.117483 -0.150711
0.412720 0.049927 -0.062378 0.802447 0.097072 -0.121281
0.454834 0.046997 -0.032227 0.884330 0.091376 -0.062658
0.472656 0.037109 0.000488 0.918982 0.072151 0.000949
0.464722 0.030518 0.028198 0.903554 0.059335 0.054826
0.449829 0.041138 0.045166 0.874599 0.079984 0.087816
0.434448 0.060059 0.044922 0.844694 0.116771 0.087341
0.429077 0.064209 0.037598 0.834251 0.124841 0.073101
0.423706 0.054199 0.029419 0.823808 0.105379 0.057199
0.384033 0.036133 0.024048 0.746673 0.070253 0.046756
0.318359 0.018799 0.028809 0.618983 0.036550 0.056012
0.259888 0.020264 0.039917 0.505297 0.039398 0.077610
0.219971 0.008545 0.040649 0.427687 0.016614 0.079034
0.201660 0.001465 0.023071 0.392086 0.002848 0.044857
0.198853 0.028076 -0.000244 0.386627 0.054588 -0.000475
0.195068 0.065674 -0.021484 0.379270 0.127689 -0.041772
0.173584 0.093140 -0.033569 0.337498 0.181091 -0.065269
0.135498 0.106323 -0.039429 0.263448 0.206723 -0.076661
0.121094 0.078613 -0.029541 0.235442 0.152847 -0.057436
0.144043 0.051636 -0.017700 0.280062 0.100395 -0.034414
0.163696 0.054199 -0.013306 0.318273 0.105379 -0.025870
0.154419 0.060425 -0.021729 0.300235 0.117483 -0.042247
0.133911 0.068481 -0.035889 0.260362 0.133148 -0.069778
0.103027 0.070190 -0.050049 0.200315 0.136471 -0.097310
0.062988 0.045288 -0.062134 0.122468 0.088053 -0.120806
0.030151 0.031616 -0.067505 0.058623 0.061471 -0.131249
0.000977 0.038818 -0.074219 0.001899 0.075474 -0.144303
-0.021240 0.046143 -0.084595 -0.041297 0.089715 -0.164477
-0.035156 0.036865 -0.089111 -0.068354 0.071677 -0.173258
-0.044189 0.030396 -0.088013 -0.085917 0.059098 -0.171122
-0.047241 0.037109 -0.087891 -0.091851 0.072151 -0.170885
-0.040771 0.045776 -0.086182 -0.079272 0.089003 -0.167562
-0.033325 0.045776 -0.067017 -0.064794 0.089003 -0.130300
