-0.060059 -0.182129 -0.059082 -0.116771 -0.354112 -0.114873
-0.151489 -0.113770 -0.064209 -0.294539 -0.221201 -0.124841
-0.140869 -0.139771 -0.062256 -0.273891 -0.271755 -0.121044
-0.129272 -0.068726 -0.043213 -0.251343 -0.133623 -0.084018
-0.137207 -0.065186 -0.008057 -0.266770 -0.126740 -0.015664
-0.098755 -0.090454 0.032959 -0.192008 -0.175869 0.064082
-0.089600 -0.072876 0.027588 -0.174208 -0.141692 0.053639
-0.095825 -0.075562 0.009888 -0.186312 -0.146914 0.019225
-0.108398 -0.068237 -0.001953 -0.210758 -0.132673 -0.003797
-0.115356 -0.054565 -0.003296 -0.224287 -0.106091 -0.006408
-0.110474 -0.043091 0.002197 -0.214793 -0.083781 0.004272
-0.113159 -0.031372 0.001831 -0.220014 -0.060996 0.003560
-0.119507 -0.025635 0.007446 -0.232356 -0.049841 0.014478
-0.125732 -0.027588 0.023315 -0.244460 -0.053639 0.045332
-0.131836 -0.019409 0.043823 -0.256328 -0.037737 0.085205
-0.136597 -0.003052 0.047974 -0.265584 -0.005934 0.093275
-0.146240 0.018066 0.027954 -0.284334 0.035126 0.054351
-0.166260 0.044922 0.004028 -0.323257 0.087341 0.007832
-0.192139 0.066895 -0.020996 -0.373574 0.130062 -0.040823
-0.222412 0.062378 -0.042114 -0.432434 0.121281 -0.081882
-0.261841 0.073486 -0.073486 -0.509095 0.142879 -0.142879
-0.303467 0.079834 -0.102051 -0.590028 0.155221 -0.198416
-0.356934 0.073120 -0.108887 -0.693983 0.142167 -0.211708
-0.402222 0.072021 -0.105835 -0.782036 0.140031 -0.205774
-0.432129 0.073730 -0.116699 -0.840185 0.143354 -0.226897
-0.464478 0.066162 -0.139160 -0.903080 0.128638 -0.270568
-0.506714 0.050781 -0.161865 -0.985200 0.098734 -0.314713
-0.545776 0.045532 -0.177734 -1.061148 0.088528 -0.345567
-0.578979 0.050537 -0.186646 -1.125705 0.098259 -0.362893
-0.601685 0.067139 -0.189453 -1.169850 0.130537 -0.368352
-0.616943 0.099487 -0.186890 -1.199518 0.193432 -0.363368
-0.631470 0.125000 -0.185913 -1.227761 0.243036 -0.361469
-0.656006 0.127075 -0.181519 -1.275467 0.247071 -0.352925
-0.685791 0.099365 -0.177002 -1.333378 0.193195 -0.344143
-0.761475 0.021973 -0.198975 -1.480529 0.042721 -0.386865
-0.803589 -0.011719 -0.236694 -1.562411 -0.022785 -0.460203
-0.830566 -0.017700 -0.279297 -1.614863 -0.034414 -0.543035
-0.845459 -0.043335 -0.307007 -1.643819 -0.084256 -0.596911
-0.829834 -0.033325 -0.302734 -1.613439 -0.064794 -0.588604
-0.795898 0.030273 -0.286499 -1.547459 0.058860 -0.557038
-0.768066 0.095337 -0.266846 -1.493345 0.185363 -0.518826
-0.740845 0.130859 -0.248291 -1.440418 0.254429 -0.482750
-0.722778 0.122803 -0.234497 -1.405292 0.238764 -0.455931
-0.726318 0.078613 -0.231201 -1.412175 0.152847 -0.449522
-0.749146 0.035400 -0.248901 -1.456557 0.068829 -0.483937
-0.750854 -0.001343 -0.270264 -1.459880 -0.002611 -0.525471
-0.722168 -0.023682 -0.262939 -1.404105 -0.046044 -0.511231
-0.673340 0.002930 -0.210815 -1.309169 0.005696 -0.409887
-0.614136 0.068726 -0.137329 -1.194059 0.133623 -0.267008
-0.558838 0.131226 -0.050415 -1.086544 0.255141 -0.098022
-0.515381 0.183105 0.025391 -1.002051 0.356010 0.049367
-0.511841 0.202271 0.040039 -0.995168 0.393273 0.077848
-0.562134 0.176514 -0.004395 -1.092952 0.343194 -0.008544
-0.611694 0.135376 -0.074097 -1.189312 0.263210 -0.144066
-0.626709 0.070923 -0.141602 -1.218505 0.137895 -0.275315
-0.623901 0.001953 -0.179443 -1.213046 0.003797 -0.348890
-0.608154 -0.030640 -0.193115 -1.182429 -0.059572 -0.375472
-0.556152 -0.002686 -0.171509 -1.081322 -0.005221 -0.333463
-0.489624 0.044312 -0.121826 -0.951972 0.086155 -0.236866
-0.413574 0.104126 -0.052856 -0.804109 0.202451 -0.102768
-0.390625 0.118408 -0.019409 -0.759489 0.230220 -0.037737
-0.364624 0.081055 0.008423 -0.708935 0.157594 0.016376
-0.298218 0.103516 0.021851 -0.579822 0.201265 0.042484
-0.257813 0.064819 0.019165 -0.501263 0.126028 0.037262
-0.233643 0.004395 0.005371 -0.454269 0.008544 0.010443
-0.189819 -0.013428 -0.022827 -0.369064 -0.026107 -0.044383
-0.140991 -0.031372 -0.027588 -0.274128 -0.060996 -0.053639
-0.105225 -0.053833 -0.004272 -0.204587 -0.104667 -0.008307
-0.060913 -0.046265 0.018311 -0.118433 -0.089952 0.035601
-0.017700 -0.024780 0.022339 -0.034414 -0.048180 0.043433
0.014404 -0.018799 0.026001 0.028006 -0.036550 0.050553
0.035034 -0.011475 0.036499 0.068117 -0.022310 0.070965
0.045776 -0.013550 0.052124 0.089003 -0.026345 0.101344
0.044800 -0.013306 0.050659 0.087104 -0.025870 0.098496
0.044678 -0.019653 0.030762 0.086867 -0.038212 0.059810
0.042114 -0.037720 0.015503 0.081882 -0.073338 0.030142
0.034912 -0.039307 0.015625 0.067879 -0.076424 0.030380
0.036621 -0.025635 0.015625 0.071202 -0.049841 0.030380
0.046265 -0.009155 0.012451 0.089952 -0.017801 0.024209
0.046631 0.003662 0.005005 0.090664 0.007120 0.009731
0.031616 0.012207 -0.006470 0.061471 0.023734 -0.012579
0.007324 0.005981 -0.013916 0.014240 0.011630 -0.027057
-0.008423 -0.018921 -0.010620 -0.016376 -0.036788 -0.020649
-0.012573 -0.044189 0.003174 -0.024446 -0.085917 0.006171
-0.005249 -0.052856 0.014038 -0.010206 -0.102768 0.027294
0.014160 -0.049805 0.019043 0.027531 -0.096835 0.037025
0.040527 -0.045776 0.025635 0.078797 -0.089003 0.049841
0.067261 -0.044189 0.041992 0.130774 -0.085917 0.081645
0.090454 -0.042969 0.068237 0.175869 -0.083544 0.132673
0.111816 -0.049194 0.086792 0.217404 -0.095648 0.168749
0.132202 -0.067627 0.098877 0.257040 -0.131487 0.192246
0.151001 -0.075073 0.121338 0.293590 -0.145964 0.235916
0.178101 -0.077881 0.145874 0.346279 -0.151423 0.283622
0.204102 -0.091064 0.168335 0.396833 -0.177056 0.327292
0.230591 -0.111572 0.192627 0.448336 -0.216929 0.374523
0.259155 -0.127808 0.213745 0.503873 -0.248495 0.415583
0.282471 -0.140381 0.229004 0.549205 -0.272941 0.445250
0.305054 -0.148071 0.242065 0.593113 -0.287894 0.470646
0.329346 -0.147095 0.255737 0.640344 -0.285995 0.497228
0.351807 -0.143799 0.265869 0.684015 -0.279587 0.516927
0.378784 -0.142578 0.275513 0.736467 -0.277213 0.535677
0.406860 -0.151978 0.278931 0.791055 -0.295489 0.542323
0.427856 -0.170166 0.275879 0.831878 -0.330852 0.536389
0.448242 -0.191772 0.276978 0.871514 -0.372862 0.538525
0.479858 -0.207520 0.293335 0.932985 -0.403478 0.570329
0.523560 -0.204590 0.327881 1.017952 -0.397782 0.637496
0.580688 -0.178711 0.381104 1.129028 -0.347466 0.740976
0.628784 -0.142212 0.428955 1.222540 -0.276501 0.834014
0.649780 -0.120728 0.441284 1.263362 -0.234730 0.857985
0.652222 -0.117065 0.423584 1.268109 -0.227609 0.823571
0.645996 -0.139526 0.389038 1.256005 -0.271280 0.756404
0.641968 -0.179199 0.348267 1.248173 -0.348416 0.677132
0.641235 -0.219360 0.306885 1.246749 -0.426500 0.596673
0.642212 -0.245850 0.274536 1.248647 -0.478003 0.533778
0.641235 -0.237793 0.262939 1.246749 -0.462339 0.511231
0.636841 -0.219482 0.273438 1.238204 -0.426738 0.531642
0.630737 -0.213135 0.318481 1.226337 -0.414396 0.619221
0.623657 -0.205322 0.385254 1.212572 -0.399206 0.749046
0.620850 -0.172119 0.434204 1.207113 -0.334650 0.844219
0.616089 -0.122803 0.441895 1.197856 -0.238764 0.859172
0.598633 -0.089355 0.411621 1.163917 -0.173733 0.800311
0.573242 -0.076904 0.363647 1.114550 -0.149524 0.707037
0.539185 -0.080688 0.310913 1.048332 -0.156882 0.604506
0.494385 -0.097412 0.257935 0.961228 -0.189398 0.501500
0.453369 -0.111084 0.217407 0.881482 -0.215980 0.422703
0.411621 -0.112793 0.188232 0.800311 -0.219302 0.365979
0.368408 -0.105591 0.168579 0.716293 -0.205299 0.327767
0.332886 -0.079468 0.148560 0.647227 -0.154509 0.288843
0.304565 -0.048950 0.117310 0.592164 -0.095173 0.228084
0.277466 -0.029785 0.075195 0.539474 -0.057911 0.146202
0.257080 -0.022583 0.046631 0.499839 -0.043908 0.090664
0.240479 -0.017212 0.042725 0.467560 -0.033465 0.083069
0.220337 -0.022217 0.059204 0.428399 -0.043196 0.115110
0.206665 -0.014771 0.086548 0.401817 -0.028718 0.168274
0.200684 -0.010254 0.107544 0.390187 -0.019937 0.209097
0.188965 -0.010986 0.116943 0.367403 -0.021361 0.227372
0.168945 -0.009644 0.105713 0.328479 -0.018750 0.205537
0.139893 -0.006470 0.074341 0.271992 -0.012579 0.144540
0.104736 -0.014282 0.031616 0.203638 -0.027769 0.061471
0.079224 -0.029907 -0.009277 0.154034 -0.058148 -0.018038
0.069702 -0.028564 -0.035522 0.135521 -0.055538 -0.069066
0.060669 -0.012207 -0.047974 0.117958 -0.023734 -0.093275
0.047119 -0.003418 -0.048584 0.091613 -0.006646 -0.094461
0.036743 -0.005371 -0.030762 0.071439 -0.010443 -0.059810
0.028931 -0.002441 0.000366 0.056250 -0.004747 0.000712
0.016235 0.010376 0.004395 0.031566 0.020174 0.008544
-0.003418 0.009277 -0.027100 -0.006646 0.018038 -0.052690
-0.016235 -0.002075 -0.058838 -0.031566 -0.004035 -0.114398
-0.027222 -0.007935 -0.075684 -0.052927 -0.015427 -0.147151
-0.044556 -0.013794 -0.086426 -0.086629 -0.026819 -0.168037
