0.012939 -0.024658 0.039307 0.025158 -0.047943 0.076424
-0.123901 -0.017456 -0.026001 -0.240900 -0.033940 -0.050553
-0.128662 -0.009399 -0.085938 -0.250157 -0.018275 -0.167088
-0.147705 -0.017334 -0.120239 -0.287182 -0.033702 -0.233780
-0.197754 -0.031250 -0.091187 -0.384491 -0.060759 -0.177293
-0.226440 -0.003174 -0.050293 -0.440266 -0.006171 -0.097784
-0.235596 0.032349 -0.034790 -0.458067 0.062895 -0.067642
-0.238770 0.056274 -0.033325 -0.464238 0.109414 -0.064794
-0.237427 0.063843 -0.038208 -0.461627 0.124129 -0.074288
-0.241211 0.072021 -0.048340 -0.468984 0.140031 -0.093987
-0.263794 0.085571 -0.060669 -0.512892 0.166376 -0.117958
-0.293945 0.106445 -0.065063 -0.571515 0.206961 -0.126502
-0.311279 0.127563 -0.060791 -0.605218 0.248021 -0.118195
-0.328735 0.145142 -0.059937 -0.639157 0.282198 -0.116534
-0.359863 0.146240 -0.074585 -0.699679 0.284334 -0.145015
-0.401367 0.133789 -0.096924 -0.780375 0.260125 -0.188448
-0.442505 0.118774 -0.127563 -0.860359 0.230932 -0.248021
-0.480835 0.119141 -0.166626 -0.934883 0.231644 -0.323969
-0.512207 0.123169 -0.200195 -0.995880 0.239476 -0.389238
-0.531250 0.131592 -0.219727 -1.032905 0.255853 -0.427213
-0.551636 0.150146 -0.232788 -1.072541 0.291929 -0.452608
-0.579346 0.185181 -0.235107 -1.126417 0.360045 -0.457117
-0.611084 0.217407 -0.229736 -1.188125 0.422703 -0.446674
-0.640991 0.237305 -0.221558 -1.246274 0.461390 -0.430773
-0.672363 0.230713 -0.208496 -1.307270 0.448573 -0.405377
-0.713501 0.212646 -0.220093 -1.387254 0.413447 -0.427925
-0.758667 0.176270 -0.232422 -1.475070 0.342719 -0.451896
-0.798340 0.116211 -0.267700 -1.552205 0.225948 -0.520487
-0.827271 0.068237 -0.332031 -1.608455 0.132673 -0.645566
-0.844727 0.050903 -0.360107 -1.642395 0.098971 -0.700154
-0.837158 0.093628 -0.346680 -1.627680 0.182040 -0.674046
-0.823242 0.141235 -0.330078 -1.600623 0.274603 -0.641768
-0.817139 0.168091 -0.317627 -1.588756 0.326818 -0.617559
-0.819946 0.164917 -0.310547 -1.594215 0.320647 -0.603794
-0.834229 0.115845 -0.321167 -1.621984 0.225236 -0.624442
-0.846313 0.046997 -0.343994 -1.645480 0.091376 -0.668825
-0.846313 -0.022217 -0.356445 -1.645480 -0.043196 -0.693034
-0.820068 -0.073486 -0.346802 -1.594452 -0.142879 -0.674284
-0.758545 -0.080566 -0.313110 -1.474833 -0.156645 -0.608778
-0.687012 -0.035522 -0.269165 -1.335751 -0.069066 -0.523335
-0.625610 0.040894 -0.211548 -1.216369 0.079509 -0.411311
-0.566162 0.103027 -0.138306 -1.100784 0.200315 -0.268907
-0.516479 0.142822 -0.065796 -1.004187 0.277688 -0.127926
-0.489258 0.151855 -0.020752 -0.951260 0.295251 -0.040348
-0.496094 0.141724 -0.015747 -0.964551 0.275552 -0.030617
-0.510620 0.121948 -0.050537 -0.992794 0.237103 -0.098259
-0.524536 0.097290 -0.106445 -1.019851 0.189160 -0.206961
-0.532837 0.054199 -0.158691 -1.035990 0.105379 -0.308542
-0.510254 0.016846 -0.184082 -0.992082 0.032753 -0.357909
-0.457886 -0.008667 -0.177368 -0.890263 -0.016851 -0.344855
-0.410767 -0.000977 -0.160278 -0.798650 -0.001899 -0.311628
-0.402344 -0.014771 -0.161987 -0.782274 -0.028718 -0.314951
-0.340576 -0.000854 -0.122925 -0.662179 -0.001661 -0.239002
-0.262573 0.036377 -0.074707 -0.510519 0.070727 -0.145252
-0.222778 0.027100 -0.047607 -0.433146 0.052690 -0.092563
-0.199707 0.010498 -0.038452 -0.388289 0.020411 -0.074762
-0.181274 -0.005615 -0.046631 -0.352450 -0.010918 -0.090664
-0.166748 -0.025513 -0.052979 -0.324207 -0.049604 -0.103006
-0.141113 -0.044067 -0.057617 -0.274365 -0.085680 -0.112025
-0.102417 -0.061279 -0.049316 -0.199128 -0.119145 -0.095885
-0.064087 -0.070801 -0.034180 -0.124604 -0.137657 -0.066455
-0.023071 -0.075439 -0.007813 -0.044857 -0.146676 -0.015190
0.015015 -0.071167 0.023804 0.029193 -0.138369 0.046281
0.044800 -0.053467 0.044678 0.087104 -0.103955 0.086867
0.066162 -0.036743 0.049316 0.128638 -0.071439 0.095885
0.077271 -0.032837 0.047729 0.150236 -0.063845 0.092800
0.087280 -0.041382 0.047241 0.169698 -0.080458 0.091851
0.091064 -0.052979 0.043457 0.177056 -0.103006 0.084493
0.098022 -0.060181 0.045044 0.190584 -0.117009 0.087579
0.106201 -0.057251 0.054199 0.206486 -0.111313 0.105379
0.114624 -0.049927 0.062622 0.222863 -0.097072 0.121756
0.127563 -0.044800 0.078369 0.248021 -0.087104 0.152372
0.136230 -0.035156 0.092651 0.264872 -0.068354 0.180141
0.136719 -0.039429 0.086548 0.265821 -0.076661 0.168274
0.135864 -0.064697 0.068115 0.264160 -0.125790 0.132436
0.146240 -0.080688 0.059570 0.284334 -0.156882 0.115822
0.165283 -0.087158 0.065552 0.321359 -0.169461 0.127452
0.187988 -0.083496 0.079468 0.365504 -0.162341 0.154509
0.213379 -0.083252 0.098633 0.414871 -0.161866 0.191771
0.241455 -0.087524 0.127441 0.469459 -0.170173 0.247783
0.271973 -0.089600 0.157227 0.528794 -0.174208 0.305694
0.292603 -0.084839 0.178467 0.568905 -0.164952 0.346992
0.308838 -0.080200 0.196533 0.600471 -0.155933 0.382118
0.328613 -0.077515 0.216309 0.638920 -0.150711 0.420567
0.343262 -0.090454 0.229492 0.667401 -0.175869 0.446200
0.348877 -0.115845 0.229980 0.678319 -0.225236 0.447149
0.351318 -0.138550 0.221802 0.683065 -0.269381 0.431247
0.356567 -0.142456 0.216187 0.693271 -0.276976 0.420330
0.368042 -0.137695 0.218994 0.715581 -0.267720 0.425788
0.388794 -0.129639 0.235840 0.755929 -0.252055 0.458541
0.411987 -0.121826 0.259644 0.801023 -0.236866 0.504823
0.429565 -0.122925 0.274902 0.835200 -0.239002 0.534490
0.436768 -0.105835 0.286133 0.849204 -0.205774 0.556326
0.444580 -0.090820 0.284058 0.864393 -0.176581 0.552291
0.467651 -0.085693 0.282593 0.909251 -0.166613 0.549443
0.503296 -0.086060 0.298218 0.978554 -0.167325 0.579822
0.540405 -0.097656 0.328247 1.050705 -0.189872 0.638208
0.557373 -0.084839 0.366577 1.083696 -0.164952 0.712733
0.554199 -0.074219 0.387695 1.077525 -0.144303 0.753793
0.547852 -0.085449 0.398682 1.065183 -0.166138 0.775153
0.547485 -0.106079 0.410156 1.064471 -0.206249 0.797463
0.556763 -0.126343 0.413452 1.082509 -0.245647 0.803872
0.575806 -0.147339 0.411499 1.119534 -0.286470 0.800074
0.599609 -0.138916 0.421265 1.165815 -0.270093 0.819061
0.608032 -0.095215 0.436401 1.182192 -0.185125 0.848491
0.590576 -0.045166 0.444458 1.148252 -0.087816 0.864156
0.568726 -0.005371 0.439941 1.105768 -0.010443 0.855374
0.555420 0.018066 0.420410 1.079898 0.035126 0.817400
0.545044 0.021484 0.389038 1.059724 0.041772 0.756404
0.525513 0.019775 0.351318 1.021750 0.038449 0.683065
0.499878 0.019531 0.308838 0.971908 0.037974 0.600471
0.468994 0.010620 0.275391 0.911861 0.020649 0.535440
0.433228 -0.011108 0.261597 0.842321 -0.021598 0.508620
0.396118 -0.021118 0.262207 0.770169 -0.041060 0.509807
0.344849 -0.007202 0.254517 0.670486 -0.014003 0.494854
0.287842 0.002930 0.226318 0.559648 0.005696 0.440029
0.247314 -0.006958 0.195313 0.480851 -0.013528 0.379744
0.231934 -0.020752 0.175171 0.450947 -0.040348 0.340583
0.218750 -0.023682 0.155518 0.425314 -0.046044 0.302372
0.193970 -0.018066 0.126953 0.377134 -0.035126 0.246834
0.162964 -0.009766 0.100586 0.316849 -0.018987 0.195568
0.133911 -0.006226 0.080566 0.260362 -0.012104 0.156645
0.109863 -0.014160 0.061523 0.213606 -0.027531 0.119620
0.093140 -0.026855 0.045410 0.181091 -0.052215 0.088291
0.078857 -0.029053 0.026489 0.153322 -0.056487 0.051503
0.063599 -0.022217 0.003784 0.123654 -0.043196 0.007358
0.046143 -0.015381 -0.014893 0.089715 -0.029905 -0.028956
0.033691 -0.014038 -0.024292 0.065506 -0.027294 -0.047231
0.024658 -0.014893 -0.026489 0.047943 -0.028956 -0.051503
0.012329 -0.016235 -0.021973 0.023971 -0.031566 -0.042721
-0.005859 -0.019165 -0.014648 -0.011392 -0.037262 -0.028481
-0.025513 -0.017212 -0.019775 -0.049604 -0.033465 -0.038449
-0.035645 -0.017700 -0.040649 -0.069303 -0.034414 -0.079034
-0.033447 -0.030762 -0.058594 -0.065031 -0.059810 -0.113923
-0.028076 -0.050781 -0.060669 -0.054588 -0.098734 -0.117958
-0.024414 -0.059204 -0.055298 -0.047468 -0.115110 -0.107515
-0.028442 -0.052490 -0.049316 -0.055300 -0.102056 -0.095885
-0.037476 -0.039551 -0.049438 -0.072863 -0.076898 -0.096123
-0.041504 -0.026001 -0.055176 -0.080696 -0.050553 -0.107278
-0.050537 -0.020142 -0.066406 -0.098259 -0.039161 -0.129113
-0.065308 -0.024170 -0.081543 -0.126977 -0.046993 -0.158543
-0.074097 -0.023926 -0.093506 -0.144066 -0.046519 -0.181803
-0.080811 -0.021484 -0.097778 -0.157119 -0.041772 -0.190110
-0.084839 -0.019775 -0.094116 -0.164952 -0.038449 -0.182989
-0.085693 -0.022095 -0.086426 -0.166613 -0.042959 -0.168037
-0.081665 -0.023193 -0.072998 -0.158781 -0.045095 -0.141929
-0.076904 -0.012939 -0.058350 -0.149524 -0.025158 -0.113449
-0.075073 -0.004761 -0.050415 -0.145964 -0.009256 -0.098022
-0.072144 -0.004272 -0.049438 -0.140268 -0.008307 -0.096123
-0.066895 -0.010498 -0.049316 -0.130062 -0.020411 -0.095885
