0.101807 -0.055420 -0.006714 0.197942 -0.107752 -0.013054
-0.002930 -0.049194 -0.020630 -0.005696 -0.095648 -0.040111
-0.025513 -0.073486 0.000610 -0.049604 -0.142879 0.001187
-0.026611 -0.050415 -0.000122 -0.051740 -0.098022 -0.000237
-0.053223 -0.066528 0.009155 -0.103480 -0.129350 0.017801
-0.069824 -0.064331 -0.000732 -0.135759 -0.125078 -0.001424
-0.085205 -0.042480 -0.012939 -0.165664 -0.082594 -0.025158
-0.100586 -0.021973 -0.027832 -0.195568 -0.042721 -0.054114
-0.107544 0.002319 -0.043457 -0.209097 0.004509 -0.084493
-0.117920 0.011475 -0.062134 -0.229271 0.022310 -0.120806
-0.135498 0.016846 -0.081543 -0.263448 0.032753 -0.158543
-0.147705 0.024414 -0.089233 -0.287182 0.047468 -0.173496
-0.156616 0.038208 -0.083862 -0.304508 0.074288 -0.163053
-0.170776 0.044800 -0.076782 -0.332039 0.087104 -0.149287
-0.182129 0.043213 -0.065796 -0.354112 0.084018 -0.127926
-0.190674 0.045654 -0.057739 -0.370726 0.088765 -0.112262
-0.210327 0.052246 -0.051514 -0.408937 0.101582 -0.100158
-0.237671 0.059082 -0.049072 -0.462102 0.114873 -0.095411
-0.263062 0.067993 -0.061279 -0.511468 0.132199 -0.119145
-0.290161 0.085083 -0.085327 -0.564158 0.165426 -0.165901
-0.316162 0.112549 -0.102173 -0.614711 0.218828 -0.198654
-0.337402 0.143677 -0.106567 -0.656009 0.279350 -0.207198
-0.354980 0.173218 -0.110718 -0.690186 0.336786 -0.215268
-0.385132 0.213867 -0.126587 -0.748809 0.415820 -0.246122
-0.438599 0.260132 -0.165527 -0.852764 0.505772 -0.321833
-0.507202 0.297241 -0.217163 -0.986149 0.577924 -0.422228
-0.573120 0.309082 -0.275391 -1.114313 0.600946 -0.535440
-0.639648 0.304077 -0.328369 -1.243663 0.591215 -0.638445
-0.710205 0.302124 -0.344971 -1.380846 0.587417 -0.670724
-0.764404 0.306519 -0.332886 -1.486225 0.595961 -0.647227
-0.796021 0.321045 -0.315552 -1.547696 0.624205 -0.613525
-0.830322 0.346558 -0.311646 -1.614389 0.673809 -0.605930
-0.877808 0.382080 -0.343262 -1.706714 0.742875 -0.667401
-0.932129 0.368774 -0.380859 -1.812330 0.717005 -0.740502
-0.982056 0.318237 -0.453247 -1.909403 0.618746 -0.881244
-0.995483 0.271729 -0.486694 -1.935510 0.528319 -0.946276
-0.996826 0.238647 -0.477661 -1.938121 0.464000 -0.928713
-0.997925 0.221436 -0.448364 -1.940257 0.430535 -0.871751
-0.996460 0.212036 -0.406250 -1.937409 0.412260 -0.789868
-0.962158 0.205078 -0.334717 -1.870716 0.398732 -0.650787
-0.900391 0.215210 -0.266724 -1.750622 0.418431 -0.518589
-0.831177 0.227173 -0.223389 -1.616050 0.441690 -0.434333
-0.766113 0.241943 -0.208862 -1.489548 0.470408 -0.406089
-0.724976 0.257080 -0.200684 -1.409564 0.499839 -0.390187
-0.698242 0.256226 -0.180908 -1.357586 0.498177 -0.351738
-0.681030 0.242676 -0.160767 -1.324121 0.471832 -0.312577
-0.675293 0.203369 -0.164551 -1.312966 0.395409 -0.319935
-0.661011 0.158447 -0.178711 -1.285198 0.308068 -0.347466
-0.644653 0.115723 -0.187378 -1.253394 0.224999 -0.364317
-0.628174 0.067627 -0.207275 -1.221353 0.131487 -0.403004
-0.607910 0.036377 -0.226196 -1.181955 0.070727 -0.439792
-0.569946 0.030273 -0.224121 -1.108142 0.058860 -0.435757
-0.524658 0.026123 -0.206543 -1.020089 0.050791 -0.401580
-0.479248 0.035645 -0.179199 -0.931798 0.069303 -0.348416
-0.432373 0.058960 -0.145630 -0.840659 0.114635 -0.283147
-0.386353 0.084961 -0.109375 -0.751182 0.165189 -0.212657
-0.353882 0.111938 -0.093140 -0.688049 0.217641 -0.181091
-0.328247 0.068604 -0.116089 -0.638208 0.133385 -0.225711
-0.271973 0.019287 -0.116211 -0.528794 0.037500 -0.225948
-0.197021 0.010864 -0.118164 -0.383067 0.021123 -0.229745
-0.159180 -0.020142 -0.120239 -0.309492 -0.039161 -0.233780
-0.137817 -0.032715 -0.110962 -0.267957 -0.063607 -0.215742
-0.101196 -0.047119 -0.094238 -0.196755 -0.091613 -0.183227
-0.069336 -0.049072 -0.064697 -0.134809 -0.095411 -0.125790
-0.044189 -0.042480 -0.039795 -0.085917 -0.082594 -0.077373
-0.011719 -0.050659 -0.021851 -0.022785 -0.098496 -0.042484
0.012695 -0.054443 -0.010254 0.024683 -0.105854 -0.019937
0.032715 -0.065552 -0.009155 0.063607 -0.127452 -0.017801
0.051636 -0.059570 -0.008667 0.100395 -0.115822 -0.016851
0.060547 -0.059814 -0.006470 0.117721 -0.116297 -0.012579
0.063965 -0.057129 -0.002930 0.124366 -0.111075 -0.005696
0.056885 -0.045898 -0.003418 0.110601 -0.089240 -0.006646
0.058472 -0.044678 0.000854 0.113686 -0.086867 0.001661
0.070557 -0.026855 0.017578 0.137183 -0.052215 0.034177
0.083496 -0.033447 0.040405 0.162341 -0.065031 0.078560
0.088501 -0.032471 0.054321 0.172072 -0.063133 0.105616
0.101929 -0.046631 0.062744 0.198179 -0.090664 0.121993
0.111450 -0.062500 0.050659 0.216692 -0.121518 0.098496
0.117432 -0.088745 0.036011 0.228321 -0.172546 0.070015
0.120239 -0.090454 0.034424 0.233780 -0.175869 0.066930
0.147949 -0.101196 0.051147 0.287656 -0.196755 0.099446
0.196899 -0.099609 0.094604 0.382830 -0.193670 0.183939
0.241455 -0.109985 0.144775 0.469459 -0.213844 0.281486
0.276123 -0.130859 0.193604 0.536864 -0.254429 0.376422
0.291138 -0.132690 0.233032 0.566057 -0.257989 0.453083
0.316284 -0.148560 0.269043 0.614949 -0.288843 0.523098
0.349121 -0.143555 0.296021 0.678793 -0.279112 0.575550
0.388672 -0.154175 0.322144 0.755691 -0.299761 0.626341
0.433105 -0.168823 0.349243 0.842083 -0.328242 0.679031
0.470337 -0.168701 0.376465 0.914472 -0.328004 0.731957
0.492554 -0.154297 0.399048 0.957668 -0.299998 0.775865
0.498535 -0.137939 0.411011 0.969298 -0.268195 0.799125
0.489014 -0.131348 0.409058 0.950785 -0.255378 0.795327
0.485107 -0.134766 0.396362 0.943190 -0.262024 0.770644
0.506226 -0.159302 0.395630 0.984250 -0.309729 0.769220
0.534546 -0.161987 0.404785 1.039313 -0.314951 0.787020
0.539795 -0.134155 0.414429 1.049519 -0.260837 0.805770
0.512695 -0.096069 0.428101 0.996829 -0.186787 0.832352
0.529907 -0.104736 0.472900 1.030294 -0.203638 0.919456
0.571167 -0.100098 0.529419 1.110515 -0.194619 1.029345
0.584595 -0.079956 0.587646 1.136623 -0.155458 1.142556
0.563354 -0.052246 0.624390 1.095325 -0.101582 1.213996
0.535522 -0.038574 0.624756 1.041212 -0.075000 1.214708
0.510498 -0.041626 0.604126 0.992557 -0.080933 1.174597
0.501587 -0.064697 0.568604 0.975231 -0.125790 1.105531
0.503662 -0.072510 0.523193 0.979266 -0.140980 1.017240
0.503296 -0.083130 0.483398 0.978554 -0.161629 0.939868
0.497070 -0.109009 0.456177 0.966450 -0.211945 0.886941
0.478516 -0.129150 0.439819 0.930374 -0.251106 0.855137
0.452637 -0.137329 0.431396 0.880058 -0.267008 0.838761
0.431519 -0.146484 0.421021 0.838998 -0.284808 0.818587
0.420044 -0.164429 0.417847 0.816688 -0.319697 0.812416
0.414917 -0.188354 0.421143 0.806720 -0.366216 0.818824
0.403320 -0.217896 0.418091 0.784172 -0.423652 0.812890
0.383789 -0.238281 0.391846 0.746198 -0.463288 0.761862
0.355957 -0.240234 0.346069 0.692084 -0.467086 0.672860
0.306396 -0.230957 0.288696 0.595724 -0.449048 0.561310
0.255615 -0.221069 0.232544 0.496991 -0.429823 0.452133
0.229004 -0.205566 0.186035 0.445250 -0.399681 0.361707
0.222046 -0.195679 0.158813 0.431722 -0.380456 0.308780
0.229004 -0.185303 0.152832 0.445250 -0.360283 0.297150
0.226929 -0.145630 0.160156 0.441216 -0.283147 0.311390
0.213745 -0.113770 0.162109 0.415583 -0.221201 0.315188
0.198975 -0.083008 0.159302 0.386865 -0.161391 0.309729
0.183716 -0.055176 0.141846 0.357197 -0.107278 0.275789
0.167480 -0.039551 0.104492 0.325631 -0.076898 0.203163
0.142334 -0.040771 0.063721 0.276739 -0.079272 0.123892
0.115234 -0.055176 0.027954 0.224049 -0.107278 0.054351
0.093384 -0.055054 -0.003052 0.181565 -0.107040 -0.005934
0.072021 -0.044312 -0.026001 0.140031 -0.086155 -0.050553
0.054199 -0.037842 -0.041504 0.105379 -0.073575 -0.080696
0.046387 -0.035767 -0.052490 0.090189 -0.069541 -0.102056
0.039063 -0.037109 -0.057129 0.075949 -0.072151 -0.111075
0.025146 -0.029785 -0.057373 0.048892 -0.057911 -0.111550
0.006348 -0.012695 -0.059448 0.012342 -0.024683 -0.115585
-0.010620 -0.001587 -0.072754 -0.020649 -0.003085 -0.141455
-0.020020 -0.016479 -0.083374 -0.038924 -0.032041 -0.162103
-0.020874 -0.026001 -0.080933 -0.040585 -0.050553 -0.157357
-0.025269 -0.031494 -0.076538 -0.049129 -0.061234 -0.148812
-0.037354 -0.027954 -0.074707 -0.072626 -0.054351 -0.145252
-0.048096 -0.023682 -0.075195 -0.093512 -0.046044 -0.146202
-0.047729 -0.019653 -0.075684 -0.092800 -0.038212 -0.147151
-0.045776 -0.026367 -0.071899 -0.089003 -0.051266 -0.139793
-0.045532 -0.028564 -0.066406 -0.088528 -0.055538 -0.129113
-0.058105 -0.020264 -0.068726 -0.112974 -0.039398 -0.133623
-0.072144 -0.012695 -0.081055 -0.140268 -0.024683 -0.157594
-0.070557 -0.007690 -0.091431 -0.137183 -0.014952 -0.177768
-0.065552 -0.002075 -0.097168 -0.127452 -0.004035 -0.188923
-0.073730 0.003662 -0.106934 -0.143354 0.007120 -0.207910
-0.086060 0.002197 -0.120239 -0.167325 0.004272 -0.233780
