0.089722 -0.114136 0.073242 0.174445 -0.221913 0.142404
-0.038940 -0.098633 0.059937 -0.075712 -0.191771 0.116534
-0.021606 -0.077393 0.058716 -0.042009 -0.150474 0.114161
-0.045898 -0.054565 0.022095 -0.089240 -0.106091 0.042959
-0.095337 -0.047485 -0.010498 -0.185363 -0.092325 -0.020411
-0.137451 -0.015991 -0.050049 -0.267245 -0.031092 -0.097310
-0.164429 0.005371 -0.083862 -0.319697 0.010443 -0.163053
-0.178833 0.010742 -0.090942 -0.347704 0.020886 -0.176819
-0.193481 0.023560 -0.093384 -0.376184 0.045807 -0.181565
-0.206909 0.031128 -0.083008 -0.402292 0.060522 -0.161391
-0.221558 0.041748 -0.065674 -0.430773 0.081170 -0.127689
-0.245850 0.068726 -0.066650 -0.478003 0.133623 -0.129588
-0.264526 0.086304 -0.069092 -0.514316 0.167800 -0.134335
-0.283081 0.106689 -0.079834 -0.550392 0.207435 -0.155221
-0.298340 0.123413 -0.101440 -0.580060 0.239951 -0.197230
-0.312500 0.128418 -0.122559 -0.607591 0.249682 -0.238290
-0.337280 0.139893 -0.151733 -0.655771 0.271992 -0.295014
-0.360718 0.142456 -0.174072 -0.701341 0.276976 -0.338447
-0.383911 0.155396 -0.189575 -0.746435 0.302134 -0.368589
-0.422974 0.180298 -0.210205 -0.822384 0.350552 -0.408700
-0.457153 0.190918 -0.213135 -0.888839 0.371200 -0.414396
-0.484741 0.197021 -0.210571 -0.942478 0.383067 -0.409412
-0.509644 0.206787 -0.218750 -0.990896 0.402054 -0.425314
-0.537842 0.220581 -0.233643 -1.045721 0.428874 -0.454269
-0.565918 0.230835 -0.255493 -1.100310 0.448810 -0.496753
-0.595581 0.235474 -0.294434 -1.157983 0.457829 -0.572465
-0.632568 0.213867 -0.347046 -1.229897 0.415820 -0.674758
-0.661743 0.185547 -0.397827 -1.286622 0.360757 -0.773492
-0.686890 0.159424 -0.426636 -1.335514 0.309966 -0.829504
-0.714355 0.125610 -0.421753 -1.388915 0.244223 -0.820011
-0.745850 0.118896 -0.404175 -1.450149 0.231169 -0.785834
-0.734009 0.095703 -0.353638 -1.427127 0.186075 -0.687575
-0.708252 0.109741 -0.301758 -1.377048 0.213369 -0.586705
-0.695679 0.121338 -0.283325 -1.352602 0.235916 -0.550867
-0.689697 0.131348 -0.295166 -1.340973 0.255378 -0.573889
-0.688354 0.123901 -0.308594 -1.338362 0.240900 -0.599996
-0.685303 0.118042 -0.326660 -1.332428 0.229508 -0.635123
-0.675781 0.106934 -0.339600 -1.313916 0.207910 -0.660281
-0.664795 0.085815 -0.334106 -1.292555 0.166850 -0.649600
-0.648193 0.072266 -0.305298 -1.260277 0.140505 -0.593588
-0.628418 0.070190 -0.267212 -1.221828 0.136471 -0.519538
-0.614136 0.086060 -0.237549 -1.194059 0.167325 -0.461864
-0.606079 0.098877 -0.206909 -1.178395 0.192246 -0.402292
-0.601196 0.099854 -0.204224 -1.168901 0.194144 -0.397070
-0.598877 0.078735 -0.231079 -1.164391 0.153084 -0.449285
-0.595825 0.049316 -0.271362 -1.158458 0.095885 -0.527607
-0.577271 0.023804 -0.297241 -1.122382 0.046281 -0.577924
-0.548706 0.009888 -0.297607 -1.066845 0.019225 -0.578636
-0.524902 0.013550 -0.277710 -1.020563 0.026345 -0.539949
-0.503540 0.033936 -0.235107 -0.979029 0.065981 -0.457117
-0.481812 0.047607 -0.174927 -0.936782 0.092563 -0.340109
-0.470337 0.051758 -0.135132 -0.914472 0.100632 -0.262736
-0.465942 0.055786 -0.144409 -0.905928 0.108465 -0.280774
-0.457031 0.042480 -0.186157 -0.888602 0.082594 -0.361944
-0.438599 0.008545 -0.227905 -0.852764 0.016614 -0.443114
-0.413086 -0.032715 -0.255249 -0.803160 -0.063607 -0.496279
-0.380493 -0.075562 -0.256348 -0.739790 -0.146914 -0.498415
-0.338501 -0.090210 -0.232544 -0.658145 -0.175394 -0.452133
-0.297485 -0.066528 -0.194824 -0.578398 -0.129350 -0.378795
-0.258545 -0.043091 -0.155762 -0.502687 -0.083781 -0.302846
-0.210938 -0.034180 -0.094360 -0.410124 -0.066455 -0.183464
-0.166504 -0.012329 -0.073608 -0.323732 -0.023971 -0.143116
-0.155151 -0.001465 -0.089111 -0.301659 -0.002848 -0.173258
-0.132690 -0.004761 -0.093994 -0.257989 -0.009256 -0.182752
-0.100952 -0.026001 -0.093140 -0.196280 -0.050553 -0.181091
-0.083984 -0.044800 -0.096069 -0.163290 -0.087104 -0.186787
-0.056396 -0.056152 -0.086060 -0.109651 -0.109177 -0.167325
-0.028442 -0.059326 -0.060669 -0.055300 -0.115347 -0.117958
0.000244 -0.058472 -0.032104 0.000475 -0.113686 -0.062420
0.022461 -0.052368 -0.009155 0.043671 -0.101819 -0.017801
0.043457 -0.049438 0.019897 0.084493 -0.096123 0.038686
0.058960 -0.039185 0.038696 0.114635 -0.076186 0.075237
0.070435 -0.045898 0.050903 0.136945 -0.089240 0.098971
0.063721 -0.031128 0.048828 0.123892 -0.060522 0.094936
0.061401 -0.038452 0.049561 0.119382 -0.074762 0.096360
0.075317 -0.036499 0.057129 0.146439 -0.070965 0.111075
0.089844 -0.041382 0.078247 0.174682 -0.080458 0.152135
0.109253 -0.038208 0.091553 0.212420 -0.074288 0.178005
0.119263 -0.037231 0.092651 0.231881 -0.072389 0.180141
0.136719 -0.062378 0.102173 0.265821 -0.121281 0.198654
0.159790 -0.072021 0.116455 0.310678 -0.140031 0.226423
0.164429 -0.062622 0.120728 0.319697 -0.121756 0.234730
0.178345 -0.076294 0.127563 0.346754 -0.148338 0.248021
0.207520 -0.089233 0.155884 0.403478 -0.173496 0.303084
0.234131 -0.109375 0.186523 0.455219 -0.212657 0.362656
0.271729 -0.124512 0.219727 0.528319 -0.242087 0.427213
0.308594 -0.128296 0.269409 0.599996 -0.249445 0.523810
0.333862 -0.119385 0.315063 0.649126 -0.232119 0.612575
0.354492 -0.113525 0.340820 0.689236 -0.220726 0.662654
0.366089 -0.116699 0.348511 0.711784 -0.226897 0.677607
0.370972 -0.130493 0.343872 0.721277 -0.253717 0.668588
0.378418 -0.140747 0.336670 0.735755 -0.273653 0.654585
0.400879 -0.157227 0.338623 0.779426 -0.305694 0.658382
0.422729 -0.158813 0.357666 0.821909 -0.308780 0.695407
0.443848 -0.164795 0.385986 0.862969 -0.320409 0.750470
0.469604 -0.164673 0.422363 0.913048 -0.320172 0.821197
0.483765 -0.154907 0.454224 0.940580 -0.301185 0.883143
0.485596 -0.132935 0.467529 0.944140 -0.258464 0.909013
0.495728 -0.138916 0.474121 0.963839 -0.270093 0.921830
0.515991 -0.156860 0.461548 1.003237 -0.304982 0.897384
0.524292 -0.181274 0.425415 1.019377 -0.352450 0.827131
0.530151 -0.204224 0.377808 1.030769 -0.397070 0.734568
0.548340 -0.208130 0.326904 1.066133 -0.404665 0.635597
0.579956 -0.201782 0.308960 1.127604 -0.392323 0.600708
0.604492 -0.170654 0.317871 1.175309 -0.331802 0.618034
0.614136 -0.136108 0.340454 1.194059 -0.264634 0.661942
0.609741 -0.085938 0.357666 1.185515 -0.167088 0.695407
0.592651 -0.020386 0.362671 1.152287 -0.039636 0.705138
0.567749 0.035156 0.354370 1.103870 0.068354 0.688999
0.545166 0.058838 0.341064 1.059962 0.114398 0.663129
0.518311 0.047485 0.335083 1.007747 0.092325 0.651499
0.480347 0.018921 0.335083 0.933934 0.036788 0.651499
0.439331 0.005005 0.341309 0.854188 0.009731 0.663603
0.391235 0.011963 0.335938 0.760676 0.023259 0.653160
0.335449 0.026611 0.312012 0.652211 0.051740 0.606642
0.287720 0.045532 0.273804 0.559411 0.088528 0.532354
0.248535 0.050171 0.223267 0.483225 0.097547 0.434095
0.211548 0.037720 0.157593 0.411311 0.073338 0.306406
0.177124 0.018433 0.087036 0.344381 0.035838 0.169224
0.139160 -0.004272 0.030640 0.270568 -0.008307 0.059572
0.088257 -0.011353 -0.000122 0.171597 -0.022073 -0.000237
0.050049 -0.019775 0.003784 0.097310 -0.038449 0.007358
0.040283 -0.034424 0.029175 0.078322 -0.066930 0.056724
0.045898 -0.027710 0.073975 0.089240 -0.053876 0.143828
0.050293 -0.033569 0.100098 0.097784 -0.065269 0.194619
0.044922 -0.029785 0.099365 0.087341 -0.057911 0.193195
0.029419 -0.014526 0.074951 0.057199 -0.028243 0.145727
0.018555 -0.007080 0.042725 0.036076 -0.013766 0.083069
0.009399 -0.012085 0.007446 0.018275 -0.023497 0.014478
0.000610 -0.023438 -0.025024 0.001187 -0.045569 -0.048655
-0.001343 -0.030396 -0.047607 -0.002611 -0.059098 -0.092563
-0.007935 -0.027100 -0.061401 -0.015427 -0.052690 -0.119382
-0.022217 -0.034546 -0.056763 -0.043196 -0.067167 -0.110363
-0.011475 -0.054321 -0.027710 -0.022310 -0.105616 -0.053876
0.007690 -0.042358 0.007080 0.014952 -0.082357 0.013766
0.006226 -0.031982 0.013672 0.012104 -0.062183 0.026582
-0.007690 -0.021729 -0.000244 -0.014952 -0.042247 -0.000475
-0.010132 -0.025391 -0.014160 -0.019699 -0.049367 -0.027531
-0.005859 -0.034180 -0.026367 -0.011392 -0.066455 -0.051266
-0.024048 -0.038452 -0.048462 -0.046756 -0.074762 -0.094224
-0.049683 -0.030029 -0.069336 -0.096597 -0.058386 -0.134809
-0.048462 -0.021851 -0.071533 -0.094224 -0.042484 -0.139081
-0.036377 -0.013672 -0.061401 -0.070727 -0.026582 -0.119382
-0.037109 -0.012207 -0.051147 -0.072151 -0.023734 -0.099446
-0.061523 -0.010376 -0.058716 -0.119620 -0.020174 -0.114161
-0.078979 -0.015015 -0.069214 -0.153559 -0.029193 -0.134572
-0.071167 -0.017944 -0.071411 -0.138369 -0.034889 -0.138844
-0.044678 -0.027222 -0.056152 -0.086867 -0.052927 -0.109177
-0.037476 -0.012939 -0.053223 -0.072863 -0.025158 -0.103480
-0.038940 -0.001221 -0.061768 -0.075712 -0.002373 -0.120094
