-0.065552 -0.210938 -0.021973 -0.127452 -0.410124 -0.042721
-0.067505 -0.219238 0.021362 -0.131249 -0.426263 0.041535
-0.036499 -0.204956 0.046509 -0.070965 -0.398494 0.090427
-0.062378 -0.173462 0.029541 -0.121281 -0.337261 0.057436
-0.109131 -0.106812 -0.015503 -0.212182 -0.207673 -0.030142
-0.148193 -0.050049 -0.066528 -0.288131 -0.097310 -0.129350
-0.176025 -0.045776 -0.091675 -0.342245 -0.089003 -0.178243
-0.192627 -0.062012 -0.084961 -0.374523 -0.120569 -0.165189
-0.209595 -0.050903 -0.085083 -0.407513 -0.098971 -0.165426
-0.236694 -0.014404 -0.080200 -0.460203 -0.028006 -0.155933
-0.268921 0.052246 -0.068481 -0.522861 0.101582 -0.133148
-0.302246 0.139893 -0.070801 -0.587655 0.271992 -0.137657
-0.335815 0.219604 -0.101074 -0.652923 0.426975 -0.196518
-0.364380 0.281494 -0.155151 -0.708461 0.547307 -0.301659
-0.392090 0.314087 -0.226929 -0.762337 0.610677 -0.441216
-0.423096 0.300781 -0.305542 -0.822621 0.584806 -0.594063
-0.456543 0.268677 -0.376343 -0.887653 0.522386 -0.731720
-0.484619 0.261719 -0.433716 -0.942241 0.508858 -0.843270
-0.510376 0.267822 -0.474854 -0.992320 0.520725 -0.923254
-0.542603 0.280273 -0.511597 -1.054978 0.544933 -0.994693
-0.571899 0.281982 -0.545776 -1.111939 0.548256 -1.061148
-0.585693 0.244751 -0.581055 -1.138759 0.475867 -1.129740
-0.590088 0.200562 -0.604370 -1.147303 0.389950 -1.175072
-0.596680 0.169922 -0.613770 -1.160119 0.330378 -1.193347
-0.599609 0.189087 -0.624146 -1.165815 0.367640 -1.213521
-0.601929 0.223511 -0.645264 -1.170325 0.434570 -1.254581
-0.607666 0.231934 -0.668457 -1.181480 0.450947 -1.299675
-0.604126 0.218384 -0.673340 -1.174597 0.424602 -1.309169
-0.592773 0.185059 -0.664429 -1.152524 0.359808 -1.291843
-0.586792 0.149780 -0.662842 -1.140895 0.291217 -1.288758
-0.587036 0.115356 -0.680908 -1.141369 0.224287 -1.323884
-0.580933 0.088745 -0.708008 -1.129502 0.172546 -1.376574
-0.570068 0.070435 -0.720337 -1.108379 0.136945 -1.400545
-0.555664 0.052490 -0.708008 -1.080373 0.102056 -1.376574
-0.535522 0.044922 -0.678467 -1.041212 0.087341 -1.319137
-0.516479 0.062134 -0.637329 -1.004187 0.120806 -1.239154
-0.505493 0.092407 -0.602905 -0.982826 0.179667 -1.172224
-0.491333 0.106323 -0.576782 -0.955295 0.206723 -1.121433
-0.461426 0.097778 -0.542725 -0.897146 0.190110 -1.055215
-0.422729 0.081177 -0.508911 -0.821909 0.157831 -0.989472
-0.396851 0.077637 -0.472900 -0.771593 0.150948 -0.919456
-0.382446 0.075073 -0.425903 -0.743587 0.145964 -0.828080
-0.358643 0.078613 -0.377197 -0.697306 0.152847 -0.733381
-0.337158 0.097046 -0.326904 -0.655534 0.188686 -0.635597
-0.318237 0.129883 -0.277466 -0.618746 0.252530 -0.539474
-0.302856 0.142944 -0.255127 -0.588841 0.277925 -0.496041
-0.287231 0.122559 -0.251831 -0.558462 0.238290 -0.489633
-0.256348 0.089355 -0.247803 -0.498415 0.173733 -0.481801
-0.219116 0.063843 -0.244751 -0.426026 0.124129 -0.475867
-0.196411 0.054443 -0.244751 -0.381881 0.105854 -0.475867
-0.176514 0.055054 -0.235352 -0.343194 0.107040 -0.457592
-0.152466 0.050171 -0.208008 -0.296438 0.097547 -0.404428
-0.133667 0.036621 -0.168091 -0.259888 0.071202 -0.326818
-0.123169 0.041504 -0.133301 -0.239476 0.080696 -0.259176
-0.115967 0.023315 -0.106689 -0.225473 0.045332 -0.207435
-0.071167 0.001343 -0.068115 -0.138369 0.002611 -0.132436
-0.034912 -0.015259 -0.035767 -0.067879 -0.029668 -0.069541
-0.014771 -0.025757 -0.004028 -0.028718 -0.050079 -0.007832
0.001221 -0.021973 0.018433 0.002373 -0.042721 0.035838
0.014771 -0.005737 0.046753 0.028718 -0.011155 0.090901
0.028931 0.007080 0.061890 0.056250 0.013766 0.120332
0.037476 -0.014648 0.066040 0.072863 -0.028481 0.128401
0.040405 -0.069458 0.073975 0.078560 -0.135047 0.143828
0.048950 -0.097412 0.092529 0.095173 -0.189398 0.179904
0.061523 -0.105469 0.123169 0.119620 -0.205062 0.239476
0.071655 -0.105225 0.164673 0.139319 -0.204587 0.320172
0.069458 -0.113403 0.209717 0.135047 -0.220489 0.407751
0.071411 -0.125854 0.249390 0.138844 -0.244698 0.484886
0.078735 -0.135620 0.282959 0.153084 -0.263685 0.550155
0.085449 -0.129395 0.307983 0.166138 -0.251581 0.598810
0.090332 -0.118286 0.320435 0.175632 -0.229983 0.623018
0.099487 -0.117798 0.327026 0.193432 -0.229033 0.635835
0.107056 -0.126831 0.333618 0.208147 -0.246597 0.648651
0.115601 -0.141846 0.343262 0.224761 -0.275789 0.667401
0.126221 -0.156860 0.365234 0.245410 -0.304982 0.710122
0.134155 -0.166870 0.399658 0.260837 -0.324444 0.777052
0.142090 -0.177490 0.445923 0.276264 -0.345093 0.867004
0.150269 -0.190186 0.504150 0.292166 -0.369776 0.980215
0.151001 -0.196045 0.550049 0.293590 -0.381168 1.069455
0.148071 -0.198120 0.574585 0.287894 -0.385203 1.117161
0.151489 -0.199829 0.587158 0.294539 -0.388526 1.141607
0.165527 -0.203247 0.594971 0.321833 -0.395172 1.156797
0.173340 -0.202026 0.594604 0.337023 -0.392798 1.156085
0.173828 -0.219727 0.578857 0.337973 -0.427213 1.125468
0.174805 -0.234741 0.559448 0.339871 -0.456405 1.087731
0.184326 -0.241577 0.544067 0.358384 -0.469696 1.057826
0.198608 -0.232300 0.543579 0.386153 -0.451659 1.056876
0.207886 -0.212646 0.537720 0.404191 -0.413447 1.045484
0.205811 -0.203735 0.533325 0.400156 -0.396121 1.036940
0.201172 -0.189575 0.541382 0.391137 -0.368589 1.052604
0.196289 -0.175903 0.550293 0.381643 -0.342007 1.069930
0.196289 -0.174194 0.553467 0.381643 -0.338685 1.076101
0.202515 -0.187622 0.555176 0.393748 -0.364792 1.079424
0.218140 -0.218750 0.559570 0.424127 -0.425314 1.087968
0.234131 -0.240356 0.567261 0.455219 -0.467323 1.102920
0.240112 -0.236816 0.583252 0.466848 -0.460440 1.134012
0.226440 -0.200928 0.581909 0.440266 -0.390662 1.131401
0.203491 -0.146973 0.564819 0.395646 -0.285758 1.098173
0.190308 -0.088623 0.538940 0.370014 -0.172309 1.047857
0.182617 -0.052979 0.498047 0.355061 -0.103006 0.968348
0.167847 -0.051392 0.457520 0.326343 -0.099920 0.889551
0.152100 -0.072266 0.420410 0.295726 -0.140505 0.817400
0.140869 -0.098999 0.384888 0.273891 -0.192483 0.748334
0.135132 -0.123413 0.358032 0.262736 -0.239951 0.696119
0.132568 -0.123169 0.340820 0.257752 -0.239476 0.662654
0.120850 -0.115601 0.312378 0.234967 -0.224761 0.607354
0.110596 -0.103149 0.287964 0.215030 -0.200553 0.559886
0.103638 -0.097778 0.262817 0.201502 -0.190110 0.510994
0.093262 -0.089600 0.230957 0.181328 -0.174208 0.449048
0.083374 -0.080444 0.192017 0.162103 -0.156407 0.373336
0.074585 -0.066528 0.166138 0.145015 -0.129350 0.323020
0.065918 -0.052490 0.152222 0.128164 -0.102056 0.295963
0.059082 -0.038330 0.133301 0.114873 -0.074525 0.259176
0.050415 -0.022705 0.113037 0.098022 -0.044145 0.219777
0.045044 -0.014526 0.104736 0.087579 -0.028243 0.203638
0.045898 -0.018921 0.102051 0.089240 -0.036788 0.198416
0.044922 -0.032959 0.095215 0.087341 -0.064082 0.185125
0.041138 -0.039063 0.088135 0.079984 -0.075949 0.171360
0.032715 -0.036621 0.083252 0.063607 -0.071202 0.161866
0.025757 -0.017334 0.074463 0.050079 -0.033702 0.144778
0.020142 0.005371 0.059570 0.039161 0.010443 0.115822
0.006226 0.030029 0.039185 0.012104 0.058386 0.076186
-0.009399 0.032227 0.012573 -0.018275 0.062658 0.024446
-0.011475 0.019409 -0.004150 -0.022310 0.037737 -0.008070
-0.014771 -0.000122 -0.015015 -0.028718 -0.000237 -0.029193
-0.027100 -0.014160 -0.034424 -0.052690 -0.027531 -0.066930
-0.037109 -0.014160 -0.047852 -0.072151 -0.027531 -0.093037
-0.039795 -0.004761 -0.055786 -0.077373 -0.009256 -0.108465
-0.037842 0.002197 -0.065430 -0.073575 0.004272 -0.127214
-0.037354 -0.000854 -0.076416 -0.072626 -0.001661 -0.148575
-0.035522 -0.014404 -0.084717 -0.069066 -0.028006 -0.164714
-0.034790 -0.019897 -0.084229 -0.067642 -0.038686 -0.163765
-0.037842 -0.016602 -0.078735 -0.073575 -0.032278 -0.153084
-0.038940 -0.011597 -0.074463 -0.075712 -0.022547 -0.144778
-0.036011 -0.013550 -0.067627 -0.070015 -0.026345 -0.131487
-0.033691 -0.019653 -0.061401 -0.065506 -0.038212 -0.119382
-0.034302 -0.024414 -0.057739 -0.066693 -0.047468 -0.112262
-0.037598 -0.020386 -0.058105 -0.073101 -0.039636 -0.112974
-0.039551 -0.014404 -0.064697 -0.076898 -0.028006 -0.125790
-0.037354 -0.013916 -0.072998 -0.072626 -0.027057 -0.141929
-0.036255 -0.012573 -0.078125 -0.070490 -0.024446 -0.151898
-0.035522 -0.014771 -0.081909 -0.069066 -0.028718 -0.159255
-0.030640 -0.019409 -0.079956 -0.059572 -0.037737 -0.155458
-0.028687 -0.020996 -0.072632 -0.055775 -0.040823 -0.141217
-0.031128 -0.026123 -0.065430 -0.060522 -0.050791 -0.127214
-0.029907 -0.035767 -0.057007 -0.058148 -0.069541 -0.110838
-0.036255 -0.033813 -0.054199 -0.070490 -0.065743 -0.105379
-0.044189 -0.028320 -0.056763 -0.085917 -0.055063 -0.110363
-0.035522 -0.032593 -0.050171 -0.069066 -0.063370 -0.097547
-0.023560 -0.027100 -0.041260 -0.045807 -0.052690 -0.080221
