0.119873 -0.081299 0.038330 0.233068 -0.158069 0.074525
0.027344 -0.077148 -0.043213 0.053164 -0.149999 -0.084018
0.044312 -0.053833 -0.091187 0.086155 -0.104667 -0.177293
0.011963 -0.048340 -0.158813 0.023259 -0.093987 -0.308780
-0.041260 -0.089355 -0.165649 -0.080221 -0.173733 -0.322071
-0.101196 -0.090698 -0.151245 -0.196755 -0.176344 -0.294065
-0.140869 -0.096313 -0.126221 -0.273891 -0.187261 -0.245410
-0.156372 -0.073242 -0.094482 -0.304033 -0.142404 -0.183701
-0.159668 -0.038696 -0.073730 -0.310441 -0.075237 -0.143354
-0.167847 -0.009766 -0.066284 -0.326343 -0.018987 -0.128876
-0.172363 0.012085 -0.069580 -0.335124 0.023497 -0.135284
-0.179321 0.024414 -0.083252 -0.348653 0.047468 -0.161866
-0.195435 0.034180 -0.098267 -0.379982 0.066455 -0.191059
-0.230591 0.057251 -0.130737 -0.448336 0.111313 -0.254191
-0.264648 0.054443 -0.151855 -0.514554 0.105854 -0.295251
-0.298584 0.051392 -0.172974 -0.580534 0.099920 -0.336311
-0.340576 0.054199 -0.197632 -0.662179 0.105379 -0.384254
-0.382813 0.057129 -0.218384 -0.744299 0.111075 -0.424602
-0.422607 0.054321 -0.236572 -0.821672 0.105616 -0.459965
-0.448608 0.033569 -0.241455 -0.872226 0.065269 -0.469459
-0.476074 0.043945 -0.257690 -0.925627 0.085443 -0.501025
-0.505127 0.051025 -0.264893 -0.982114 0.099208 -0.515028
-0.536499 0.072998 -0.285645 -1.043111 0.141929 -0.555376
-0.566040 0.089355 -0.320679 -1.100547 0.173733 -0.623493
-0.600464 0.075317 -0.357300 -1.167477 0.146439 -0.694695
-0.629517 0.062134 -0.395264 -1.223964 0.120806 -0.768508
-0.657959 0.053589 -0.429443 -1.279264 0.104192 -0.834963
-0.679932 0.041138 -0.447266 -1.321985 0.079984 -0.869615
-0.684814 0.024536 -0.447510 -1.331479 0.047705 -0.870089
-0.689331 0.001587 -0.451538 -1.340261 0.003085 -0.877922
-0.703979 -0.029175 -0.468384 -1.368741 -0.056724 -0.910675
-0.713501 -0.065918 -0.483276 -1.387254 -0.128164 -0.939630
-0.699829 -0.068726 -0.488281 -1.360672 -0.133623 -0.949361
-0.673096 -0.023804 -0.462402 -1.308694 -0.046281 -0.899045
-0.652954 0.021484 -0.439453 -1.269533 0.041772 -0.854425
-0.635742 0.065674 -0.390503 -1.236068 0.127689 -0.759252
-0.627319 0.105835 -0.327515 -1.219692 0.205774 -0.636784
-0.629272 0.154785 -0.304810 -1.223489 0.300947 -0.592639
-0.637573 0.165405 -0.317871 -1.239628 0.321596 -0.618034
-0.634399 0.131348 -0.345093 -1.233457 0.255378 -0.670961
-0.611450 0.079834 -0.361328 -1.188838 0.155221 -0.702527
-0.587646 0.022217 -0.368530 -1.142556 0.043196 -0.716530
-0.581299 -0.004883 -0.370361 -1.130214 -0.009494 -0.720090
-0.594604 0.003418 -0.359253 -1.156085 0.006646 -0.698492
-0.600708 0.031616 -0.336548 -1.167952 0.061471 -0.654347
-0.591187 0.053955 -0.319580 -1.149439 0.104904 -0.621357
-0.581055 0.048950 -0.328613 -1.129740 0.095173 -0.638920
-0.576538 0.043213 -0.343018 -1.120958 0.084018 -0.666926
-0.556763 0.028687 -0.364380 -1.082509 0.055775 -0.708461
-0.525146 0.011108 -0.372192 -1.021038 0.021598 -0.723651
-0.495972 -0.000122 -0.348389 -0.964314 -0.000237 -0.677369
-0.457397 0.002441 -0.301758 -0.889314 0.004747 -0.586705
-0.413574 0.027466 -0.249512 -0.804109 0.053402 -0.485124
-0.397095 0.078857 -0.208618 -0.772068 0.153322 -0.405615
-0.397583 0.103027 -0.198364 -0.773017 0.200315 -0.385678
-0.387329 0.092896 -0.201782 -0.753081 0.180616 -0.392323
-0.364014 0.071045 -0.204224 -0.707749 0.138132 -0.397070
-0.343018 0.050781 -0.205322 -0.666926 0.098734 -0.399206
-0.327759 0.037598 -0.201904 -0.637259 0.073101 -0.392561
-0.310669 0.011963 -0.209473 -0.604031 0.023259 -0.407276
-0.294922 -0.055420 -0.208618 -0.573414 -0.107752 -0.405615
-0.218628 -0.088501 -0.172485 -0.425076 -0.172072 -0.335362
-0.175781 -0.087158 -0.147583 -0.341770 -0.169461 -0.286944
-0.130493 -0.081299 -0.095337 -0.253717 -0.158069 -0.185363
-0.077515 -0.056641 -0.045776 -0.150711 -0.110126 -0.089003
-0.012573 -0.062622 0.025146 -0.024446 -0.121756 0.048892
0.046997 -0.076172 0.088867 0.091376 -0.148100 0.172784
0.080811 -0.085571 0.122925 0.157119 -0.166376 0.239002
0.102173 -0.096558 0.143311 0.198654 -0.187736 0.278637
0.117065 -0.108276 0.155884 0.227609 -0.210521 0.303084
0.123779 -0.104980 0.161133 0.240663 -0.204113 0.313289
0.124756 -0.100952 0.164429 0.242562 -0.196280 0.319697
0.128052 -0.118408 0.170044 0.248970 -0.230220 0.330615
0.149414 -0.118530 0.186035 0.290505 -0.230457 0.361707
0.165771 -0.096558 0.203735 0.322308 -0.187736 0.396121
0.176392 -0.079468 0.220459 0.342957 -0.154509 0.428637
0.187500 -0.074951 0.238403 0.364555 -0.145727 0.463526
0.202637 -0.085083 0.259033 0.393985 -0.165426 0.503636
0.225220 -0.090820 0.284302 0.437893 -0.176581 0.552766
0.245361 -0.089355 0.309204 0.477054 -0.173733 0.601183
0.260254 -0.081909 0.330688 0.506009 -0.159255 0.642955
0.276245 -0.073853 0.352783 0.537101 -0.143591 0.685913
0.295166 -0.083252 0.381104 0.573889 -0.161866 0.740976
0.303711 -0.083130 0.397339 0.590503 -0.161629 0.772543
0.305908 -0.083862 0.401855 0.594775 -0.163053 0.781324
0.318726 -0.082520 0.407349 0.619695 -0.160442 0.792005
0.342041 -0.085693 0.420044 0.665027 -0.166613 0.816688
0.366333 -0.093140 0.442017 0.712258 -0.181091 0.859409
0.380005 -0.097778 0.466064 0.738840 -0.190110 0.906165
0.394043 -0.097778 0.492554 0.766134 -0.190110 0.957668
0.411621 -0.083862 0.522217 0.800311 -0.163053 1.015342
0.422119 -0.059570 0.543457 0.820723 -0.115822 1.056639
0.419800 -0.032349 0.553833 0.816213 -0.062895 1.076813
0.406006 -0.020386 0.552979 0.789394 -0.039636 1.075151
0.401611 -0.026611 0.547729 0.780850 -0.051740 1.064946
0.416138 -0.033081 0.541138 0.809093 -0.064319 1.052130
0.423096 -0.035156 0.526367 0.822621 -0.068354 1.023411
0.415405 -0.042236 0.497925 0.807669 -0.082120 0.968111
0.403442 -0.051880 0.467651 0.784410 -0.100870 0.909251
0.385376 -0.059937 0.440918 0.749283 -0.116534 0.857273
0.354614 -0.057251 0.409790 0.689474 -0.111313 0.796751
0.340454 -0.086548 0.393066 0.661942 -0.168274 0.764236
0.350098 -0.101929 0.398682 0.680692 -0.198179 0.775153
0.354736 -0.081421 0.406250 0.689711 -0.158306 0.789868
0.345947 -0.037598 0.401489 0.672622 -0.073101 0.780612
0.335938 -0.007690 0.397583 0.653160 -0.014952 0.773017
0.326416 -0.002319 0.399048 0.634648 -0.004509 0.775865
0.317383 0.000244 0.392578 0.617085 0.000475 0.763286
0.308838 -0.004395 0.369507 0.600471 -0.008544 0.718429
0.295166 0.005615 0.339478 0.573889 0.010918 0.660043
0.275513 0.024536 0.305054 0.535677 0.047705 0.593113
0.253418 0.035156 0.272095 0.492718 0.068354 0.529032
0.224609 0.026001 0.237549 0.436706 0.050553 0.461864
0.196167 0.005737 0.214111 0.381406 0.011155 0.416295
0.166870 -0.009521 0.202271 0.324444 -0.018513 0.393273
0.138672 -0.023804 0.185547 0.269619 -0.046281 0.360757
0.124512 -0.040771 0.167480 0.242087 -0.079272 0.325631
0.123535 -0.040527 0.168091 0.240188 -0.078797 0.326818
0.123169 -0.034424 0.166382 0.239476 -0.066930 0.323495
0.110107 -0.023193 0.155518 0.214081 -0.045095 0.302372
0.090698 -0.015015 0.138794 0.176344 -0.029193 0.269856
0.077759 -0.013794 0.123657 0.151186 -0.026819 0.240426
0.064087 -0.008301 0.104980 0.124604 -0.016139 0.204113
0.050415 -0.008179 0.077271 0.098022 -0.015902 0.150236
0.038696 -0.017822 0.050903 0.075237 -0.034652 0.098971
0.022339 -0.023193 0.029907 0.043433 -0.045095 0.058148
0.007324 -0.042480 0.020020 0.014240 -0.082594 0.038924
0.004150 -0.053467 0.023804 0.008070 -0.103955 0.046281
0.006836 -0.051636 0.032104 0.013291 -0.100395 0.062420
0.005249 -0.039795 0.036377 0.010206 -0.077373 0.070727
-0.001465 -0.029297 0.030396 -0.002848 -0.056962 0.059098
-0.007202 -0.024414 0.017822 -0.014003 -0.047468 0.034652
-0.008301 -0.026001 0.000977 -0.016139 -0.050553 0.001899
-0.010010 -0.027588 -0.017334 -0.019462 -0.053639 -0.033702
-0.016235 -0.024902 -0.032227 -0.031566 -0.048417 -0.062658
-0.021362 -0.019409 -0.042603 -0.041535 -0.037737 -0.082832
-0.019165 -0.019165 -0.047363 -0.037262 -0.037262 -0.092088
-0.016357 -0.025513 -0.042358 -0.031804 -0.049604 -0.082357
-0.024902 -0.030151 -0.031982 -0.048417 -0.058623 -0.062183
-0.041138 -0.030640 -0.027344 -0.079984 -0.059572 -0.053164
-0.045166 -0.028564 -0.027344 -0.087816 -0.055538 -0.053164
-0.036377 -0.025513 -0.029297 -0.070727 -0.049604 -0.056962
-0.032959 -0.023071 -0.032349 -0.064082 -0.044857 -0.062895
-0.039063 -0.021729 -0.036987 -0.075949 -0.042247 -0.071914
-0.037354 -0.022339 -0.037964 -0.072626 -0.043433 -0.073813
-0.026489 -0.022095 -0.032104 -0.051503 -0.042959 -0.062420
-0.022095 -0.016846 -0.026001 -0.042959 -0.032753 -0.050553
-0.032349 -0.005615 -0.026978 -0.062895 -0.010918 -0.052452
-0.042725 0.002930 -0.030273 -0.083069 0.005696 -0.058860
-0.043335 0.001221 -0.034302 -0.084256 0.002373 -0.066693
