0.131226 -0.173706 -0.105347 0.255141 -0.337735 -0.204825
-0.002319 -0.185669 -0.150513 -0.004509 -0.360995 -0.292641
-0.023071 -0.230225 -0.124756 -0.044857 -0.447624 -0.242562
-0.089233 -0.227173 -0.108643 -0.173496 -0.441690 -0.211233
-0.136108 -0.261719 -0.058228 -0.264634 -0.508858 -0.113211
-0.167114 -0.255859 -0.036499 -0.324919 -0.497465 -0.070965
-0.194214 -0.248901 -0.042114 -0.377608 -0.483937 -0.081882
-0.224854 -0.254761 -0.033081 -0.437181 -0.495329 -0.064319
-0.271606 -0.263062 -0.032837 -0.528082 -0.511468 -0.063845
-0.317261 -0.286621 -0.037354 -0.616847 -0.557275 -0.072626
-0.323486 -0.310059 -0.015381 -0.628952 -0.602844 -0.029905
-0.312988 -0.234985 -0.026123 -0.608540 -0.456880 -0.050791
-0.316772 -0.220581 -0.089966 -0.615898 -0.428874 -0.174920
-0.225342 -0.278931 -0.020142 -0.438130 -0.542323 -0.039161
-0.188721 -0.331543 0.095093 -0.366928 -0.644616 0.184888
-0.218262 -0.388916 0.144287 -0.424364 -0.756166 0.280536
-0.283813 -0.349854 0.114258 -0.551816 -0.680217 0.222151
-0.357056 -0.308105 0.059326 -0.694220 -0.599047 0.115347
-0.408936 -0.282471 0.007813 -0.795090 -0.549205 0.015190
-0.449219 -0.242065 -0.056030 -0.873412 -0.470646 -0.108939
-0.487427 -0.223999 -0.119507 -0.947700 -0.435519 -0.232356
-0.524170 -0.251953 -0.158447 -1.019139 -0.489870 -0.308068
-0.575806 -0.258789 -0.193481 -1.119534 -0.503161 -0.376184
-0.630615 -0.278809 -0.222168 -1.226100 -0.542085 -0.431959
-0.663696 -0.308838 -0.224976 -1.290419 -0.600471 -0.437418
-0.677246 -0.327637 -0.208130 -1.316764 -0.637021 -0.404665
-0.681885 -0.344849 -0.181885 -1.325783 -0.670486 -0.353637
-0.686157 -0.337402 -0.167969 -1.334090 -0.656009 -0.326580
-0.677612 -0.356934 -0.135010 -1.317476 -0.693983 -0.262498
-0.671753 -0.366211 -0.116455 -1.306084 -0.712021 -0.226423
-0.644043 -0.336792 -0.100464 -1.252207 -0.654822 -0.195331
-0.616821 -0.288696 -0.058472 -1.199281 -0.561310 -0.113686
-0.607178 -0.210449 -0.008545 -1.180531 -0.409175 -0.016614
-0.594727 -0.167114 0.044678 -1.156322 -0.324919 0.086867
-0.598999 -0.168945 0.062500 -1.164629 -0.328479 0.121518
-0.615234 -0.193115 0.044678 -1.196195 -0.375472 0.086867
-0.611938 -0.230469 0.005127 -1.189787 -0.448098 0.009968
-0.609985 -0.261230 -0.048218 -1.185989 -0.507908 -0.093749
-0.618896 -0.272583 -0.092285 -1.203315 -0.529981 -0.179429
-0.599854 -0.292480 -0.102173 -1.166290 -0.568667 -0.198654
-0.556519 -0.281982 -0.063477 -1.082034 -0.548256 -0.123417
-0.497803 -0.257935 0.024170 -0.967874 -0.501500 0.046993
-0.448486 -0.209106 0.123047 -0.871988 -0.406564 0.239239
-0.422485 -0.177490 0.186035 -0.821435 -0.345093 0.361707
-0.422974 -0.191284 0.186890 -0.822384 -0.371912 0.363368
-0.441772 -0.228882 0.132324 -0.858934 -0.445013 0.257277
-0.447388 -0.271362 0.060425 -0.869852 -0.527607 0.117483
-0.437622 -0.293945 0.007935 -0.850865 -0.571515 0.015427
-0.423340 -0.295898 -0.017456 -0.823096 -0.575313 -0.033940
-0.390747 -0.288696 -0.018066 -0.759726 -0.561310 -0.035126
-0.348022 -0.282837 0.016602 -0.676657 -0.549917 0.032278
-0.303589 -0.263428 0.073364 -0.590265 -0.512180 0.142642
-0.292969 -0.293701 0.117554 -0.569617 -0.571041 0.228559
-0.233887 -0.287354 0.182373 -0.454744 -0.558699 0.354586
-0.168213 -0.257690 0.239136 -0.327055 -0.501025 0.464950
-0.096436 -0.236694 0.268188 -0.187499 -0.460203 0.521437
-0.031982 -0.202637 0.274902 -0.062183 -0.393985 0.534490
0.004761 -0.187256 0.252075 0.009256 -0.364080 0.490108
0.000000 -0.180664 0.213989 0.000000 -0.351264 0.416058
-0.014893 -0.182617 0.169678 -0.028956 -0.355061 0.329903
-0.032959 -0.173340 0.138550 -0.064082 -0.337023 0.269381
-0.044800 -0.173706 0.111084 -0.087104 -0.337735 0.215980
-0.028931 -0.187012 0.080566 -0.056250 -0.363605 0.156645
-0.004395 -0.177734 0.072998 -0.008544 -0.345567 0.141929
0.043091 -0.179077 0.090698 0.083781 -0.348178 0.176344
0.096436 -0.193604 0.130249 0.187499 -0.376422 0.253242
0.144165 -0.206665 0.179199 0.280299 -0.401817 0.348416
0.178467 -0.219360 0.233887 0.346992 -0.426500 0.454744
0.185059 -0.201050 0.271729 0.359808 -0.390899 0.528319
0.178711 -0.173462 0.271729 0.347466 -0.337261 0.528319
0.163574 -0.165283 0.237305 0.318036 -0.321359 0.461390
0.139404 -0.161987 0.197144 0.271043 -0.314951 0.383305
0.117920 -0.140503 0.161621 0.229271 -0.273179 0.314239
0.102417 -0.119995 0.130249 0.199128 -0.233305 0.253242
0.091064 -0.133545 0.098877 0.177056 -0.259650 0.192246
0.083008 -0.169678 0.079346 0.161391 -0.329903 0.154271
0.080688 -0.220947 0.071899 0.156882 -0.429586 0.139793
0.103760 -0.269653 0.073730 0.201739 -0.524285 0.143354
0.151855 -0.273315 0.099121 0.295251 -0.531405 0.192720
0.209473 -0.265991 0.148071 0.407276 -0.517164 0.287894
0.276855 -0.270996 0.211792 0.538288 -0.526895 0.411785
0.329956 -0.261475 0.268921 0.641531 -0.508383 0.522861
0.355225 -0.260376 0.293701 0.690660 -0.506247 0.571041
0.352173 -0.262573 0.286011 0.684727 -0.510519 0.556088
0.338257 -0.273071 0.257568 0.657670 -0.530930 0.500788
0.333496 -0.285278 0.242065 0.648414 -0.554664 0.470646
0.346069 -0.294678 0.249634 0.672860 -0.572939 0.485361
0.362427 -0.308350 0.270508 0.704663 -0.599522 0.525946
0.363281 -0.337036 0.286255 0.706325 -0.655297 0.556563
0.356567 -0.362671 0.291504 0.693271 -0.705138 0.566769
0.354126 -0.368530 0.292603 0.688524 -0.716530 0.568905
0.353149 -0.378052 0.286377 0.686625 -0.735043 0.556800
0.368530 -0.392334 0.283813 0.716530 -0.762812 0.551816
0.405762 -0.397949 0.296143 0.788919 -0.773729 0.575788
0.452148 -0.412476 0.311401 0.879108 -0.801973 0.605455
0.490234 -0.447266 0.324341 0.953159 -0.869615 0.630613
0.514526 -0.479126 0.341431 1.000389 -0.931561 0.663841
0.541626 -0.477417 0.372681 1.053079 -0.928238 0.724600
0.578735 -0.456665 0.405518 1.125230 -0.887890 0.788444
0.615112 -0.410156 0.432861 1.195958 -0.797463 0.841609
0.644653 -0.336914 0.454468 1.253394 -0.655059 0.883618
0.666626 -0.256958 0.459839 1.296115 -0.499601 0.894061
0.677002 -0.213379 0.438110 1.316289 -0.414871 0.851814
0.671387 -0.205566 0.398682 1.305372 -0.399681 0.775153
0.649536 -0.216431 0.349243 1.262888 -0.420804 0.679031
0.626221 -0.215454 0.308594 1.217556 -0.418906 0.599996
0.608154 -0.202515 0.288330 1.182429 -0.393748 0.560598
0.591797 -0.198486 0.293335 1.150626 -0.385915 0.570329
0.582153 -0.198853 0.317139 1.131876 -0.386627 0.616610
0.567627 -0.197388 0.332642 1.103632 -0.383779 0.646752
0.544312 -0.203857 0.328491 1.058300 -0.396358 0.638683
0.522217 -0.204224 0.301880 1.015342 -0.397070 0.586943
0.511475 -0.183716 0.262329 0.994456 -0.357197 0.510044
0.508423 -0.149292 0.239624 0.988522 -0.290267 0.465899
0.507202 -0.110962 0.241821 0.986149 -0.215742 0.470171
0.507446 -0.086426 0.246704 0.986624 -0.168037 0.479665
0.503296 -0.094482 0.245483 0.978554 -0.183701 0.477291
0.496704 -0.121094 0.249390 0.965738 -0.235442 0.484886
0.482910 -0.137085 0.251099 0.938918 -0.266533 0.488209
0.460449 -0.152344 0.237183 0.895248 -0.296201 0.461152
0.444702 -0.161133 0.216431 0.864631 -0.313289 0.420804
0.419678 -0.125000 0.200317 0.815976 -0.243036 0.389475
0.378052 -0.110474 0.183105 0.735043 -0.214793 0.356010
0.328369 -0.129028 0.173584 0.638445 -0.250869 0.337498
0.291260 -0.151001 0.164429 0.566294 -0.293590 0.319697
0.261353 -0.177124 0.145020 0.508146 -0.344381 0.281960
0.227417 -0.202515 0.120728 0.442165 -0.393748 0.234730
0.197632 -0.212769 0.099487 0.384254 -0.413684 0.193432
0.177490 -0.202759 0.083984 0.345093 -0.394222 0.163290
0.161011 -0.181641 0.073120 0.313052 -0.353162 0.142167
0.129395 -0.172607 0.068726 0.251581 -0.335599 0.133623
0.095947 -0.166382 0.069702 0.186549 -0.323495 0.135521
0.073486 -0.156250 0.064697 0.142879 -0.303796 0.125790
0.045532 -0.142334 0.037109 0.088528 -0.276739 0.072151
0.019775 -0.131958 0.009277 0.038449 -0.256565 0.018038
-0.006958 -0.120483 -0.011230 -0.013528 -0.234255 -0.021835
-0.036987 -0.124512 -0.022217 -0.071914 -0.242087 -0.043196
-0.056763 -0.134888 -0.021362 -0.110363 -0.262261 -0.041535
-0.064819 -0.135254 -0.012573 -0.126028 -0.262973 -0.024446
-0.071045 -0.114868 -0.002686 -0.138132 -0.223337 -0.005221
-0.072144 -0.081421 0.005737 -0.140268 -0.158306 0.011155
-0.070435 -0.056885 0.003174 -0.136945 -0.110601 0.006171
-0.067749 -0.041016 -0.007935 -0.131724 -0.079746 -0.015427
-0.075317 -0.031616 -0.022949 -0.146439 -0.061471 -0.044620
-0.094360 -0.035767 -0.039917 -0.183464 -0.069541 -0.077610
-0.106201 -0.049805 -0.054565 -0.206486 -0.096835 -0.106091
-0.114502 -0.068359 -0.060303 -0.222625 -0.132911 -0.117246
-0.121704 -0.090088 -0.055786 -0.236628 -0.175157 -0.108465
-0.116699 -0.103271 -0.044312 -0.226897 -0.200790 -0.086155
-0.104004 -0.102661 -0.031494 -0.202214 -0.199603 -0.061234
