-0.022827 0.009766 -0.004028 -0.044383 0.018987 -0.007832
-0.128662 -0.051025 -0.061279 -0.250157 -0.099208 -0.119145
-0.217041 -0.078247 -0.105347 -0.421991 -0.152135 -0.204825
-0.254272 -0.087036 -0.100098 -0.494380 -0.169224 -0.194619
-0.297607 -0.109375 -0.047974 -0.578636 -0.212657 -0.093275
-0.334473 -0.067749 -0.028931 -0.650312 -0.131724 -0.056250
-0.357300 -0.046021 -0.017456 -0.694695 -0.089477 -0.033940
-0.385498 -0.034790 -0.021606 -0.749521 -0.067642 -0.042009
-0.430054 -0.021118 -0.042969 -0.836150 -0.041060 -0.083544
-0.460327 -0.021729 -0.050781 -0.895010 -0.042247 -0.098734
-0.493652 0.011353 -0.057007 -0.959804 0.022073 -0.110838
-0.522583 0.044434 -0.056763 -1.016054 0.086392 -0.110363
-0.544922 0.075317 -0.057007 -1.059487 0.146439 -0.110838
-0.572632 0.104492 -0.071533 -1.113363 0.203163 -0.139081
-0.610107 0.146240 -0.115601 -1.186227 0.284334 -0.224761
-0.658447 0.192749 -0.185425 -1.280213 0.374760 -0.360520
-0.721680 0.194092 -0.262329 -1.403156 0.377371 -0.510044
-0.788696 0.135864 -0.329224 -1.533456 0.264160 -0.640107
-0.847046 0.053101 -0.365356 -1.646904 0.103243 -0.710359
-0.895386 -0.017334 -0.374268 -1.740891 -0.033702 -0.727685
-0.929443 -0.042725 -0.377808 -1.807109 -0.083069 -0.734568
-0.950806 -0.014404 -0.407715 -1.848643 -0.028006 -0.792717
-0.961792 0.035522 -0.441895 -1.870004 0.069066 -0.859172
-0.968018 0.090942 -0.484741 -1.882108 0.176819 -0.942478
-0.965942 0.135620 -0.523560 -1.878074 0.263685 -1.017952
-0.958618 0.171997 -0.551147 -1.863833 0.334412 -1.071591
-0.962891 0.196045 -0.536499 -1.872140 0.381168 -1.043111
-0.961548 0.185181 -0.485229 -1.869529 0.360045 -0.943428
-0.942871 0.164673 -0.414673 -1.833216 0.320172 -0.806245
-0.904541 0.126953 -0.315796 -1.758692 0.246834 -0.613999
-0.864868 0.098145 -0.239990 -1.681556 0.190822 -0.466611
-0.825073 0.069214 -0.221802 -1.604183 0.134572 -0.431247
-0.786499 0.067017 -0.229858 -1.529184 0.130300 -0.446912
-0.745239 0.069458 -0.248047 -1.448962 0.135047 -0.482275
-0.703247 0.077881 -0.260376 -1.367317 0.151423 -0.506247
-0.657471 0.076050 -0.260010 -1.278315 0.147863 -0.505535
-0.593140 0.052124 -0.243896 -1.153236 0.101344 -0.474206
-0.541138 0.048706 -0.220459 -1.052130 0.094699 -0.428637
-0.515015 0.048950 -0.188599 -1.001339 0.095173 -0.366691
-0.459106 0.054565 -0.143433 -0.892637 0.106091 -0.278875
-0.369873 0.083374 -0.099243 -0.719141 0.162103 -0.192958
-0.290527 0.091919 -0.055664 -0.564870 0.178717 -0.108227
-0.231934 0.084839 -0.022827 -0.450947 0.164952 -0.044383
-0.190918 0.076904 -0.006836 -0.371200 0.149524 -0.013291
-0.142334 0.044189 0.000244 -0.276739 0.085917 0.000475
-0.075439 0.001587 0.012939 -0.146676 0.003085 0.025158
-0.022095 0.002686 0.027100 -0.042959 0.005221 0.052690
0.010742 -0.005127 0.041748 0.020886 -0.009968 0.081170
0.053589 -0.020874 0.067139 0.104192 -0.040585 0.130537
0.104248 -0.028809 0.093262 0.202689 -0.056012 0.181328
0.135498 -0.035278 0.110107 0.263448 -0.068591 0.214081
0.155518 -0.036255 0.116821 0.302372 -0.070490 0.227135
0.179443 -0.047729 0.124756 0.348890 -0.092800 0.242562
0.204346 -0.020996 0.129639 0.397308 -0.040823 0.252055
0.216797 0.013428 0.122070 0.421516 0.026107 0.237340
0.225830 0.022583 0.105225 0.439080 0.043908 0.204587
0.251953 0.006226 0.106812 0.489870 0.012104 0.207673
0.303345 0.004272 0.132080 0.589791 0.008307 0.256802
0.333618 0.038330 0.154053 0.648651 0.074525 0.299523
0.358887 0.037109 0.179688 0.697780 0.072151 0.349365
0.364624 0.034180 0.194702 0.708935 0.066455 0.378558
0.383667 0.007324 0.216675 0.745961 0.014240 0.421279
0.427979 0.011475 0.262085 0.832115 0.022310 0.509570
0.465454 0.028442 0.312256 0.904979 0.055300 0.607116
0.494629 0.030884 0.344116 0.961703 0.060047 0.669062
0.532959 0.022949 0.370361 1.036228 0.044620 0.720090
0.578247 -0.000366 0.394043 1.124281 -0.000712 0.766134
0.621216 -0.038208 0.418823 1.207825 -0.074288 0.814315
0.655518 -0.071045 0.443115 1.274517 -0.138132 0.861545
0.691528 -0.118042 0.473877 1.344533 -0.229508 0.921355
0.729980 -0.169556 0.504395 1.419295 -0.329666 0.980690
0.735352 -0.162109 0.515381 1.429738 -0.315188 1.002051
0.705078 -0.168457 0.515381 1.370878 -0.327530 1.002051
0.652344 -0.177368 0.499146 1.268346 -0.344855 0.970484
0.628418 -0.196045 0.489014 1.221828 -0.381168 0.950785
0.649658 -0.222412 0.484375 1.263125 -0.432434 0.941766
0.692017 -0.266235 0.474487 1.345482 -0.517639 0.922542
0.710815 -0.303711 0.450317 1.382033 -0.590503 0.875548
0.737427 -0.327759 0.440063 1.433773 -0.637259 0.855612
0.777100 -0.319092 0.462280 1.510908 -0.620408 0.898808
0.807007 -0.303101 0.506958 1.569057 -0.589316 0.985674
0.818115 -0.270874 0.548462 1.590655 -0.526658 1.066370
0.792480 -0.217651 0.567505 1.540813 -0.423178 1.103395
0.741455 -0.176636 0.575684 1.441605 -0.343431 1.119297
0.683716 -0.148071 0.572632 1.329343 -0.287894 1.113363
0.660400 -0.130005 0.575439 1.284011 -0.252767 1.118822
0.682251 -0.118774 0.588379 1.326495 -0.230932 1.143980
0.711914 -0.098389 0.590332 1.384169 -0.191296 1.147778
0.709961 -0.073242 0.564087 1.380371 -0.142404 1.096749
0.672729 -0.062378 0.517090 1.307982 -0.121281 1.005373
0.634644 -0.058228 0.477051 1.233932 -0.113211 0.927526
0.597412 -0.053345 0.440796 1.161543 -0.103718 0.857036
0.545532 -0.049194 0.418457 1.060674 -0.095648 0.813603
0.495239 -0.037720 0.403687 0.962890 -0.073338 0.784884
0.458374 -0.024170 0.381592 0.891213 -0.046993 0.741926
0.425903 -0.006714 0.347290 0.828080 -0.013054 0.675233
0.398193 0.002075 0.309937 0.774204 0.004035 0.602607
0.369141 0.008667 0.264648 0.717717 0.016851 0.514554
0.336060 -0.003052 0.215942 0.653398 -0.005934 0.419855
0.300659 -0.030029 0.176758 0.584569 -0.058386 0.343669
0.270996 -0.046509 0.154297 0.526895 -0.090427 0.299998
0.240479 -0.059814 0.140259 0.467560 -0.116297 0.272704
0.206177 -0.067749 0.112061 0.400868 -0.131724 0.217878
0.170532 -0.063965 0.089355 0.331564 -0.124366 0.173733
0.138306 -0.058838 0.067383 0.268907 -0.114398 0.131012
0.111938 -0.065552 0.045776 0.217641 -0.127452 0.089003
0.091187 -0.074829 0.032837 0.177293 -0.145490 0.063845
0.078003 -0.072754 0.033325 0.151660 -0.141455 0.064794
0.068604 -0.063843 0.038818 0.133385 -0.124129 0.075474
0.061768 -0.055664 0.044434 0.120094 -0.108227 0.086392
0.046997 -0.036133 0.040405 0.091376 -0.070253 0.078560
0.031128 -0.028564 0.024902 0.060522 -0.055538 0.048417
0.020264 -0.030396 0.002197 0.039398 -0.059098 0.004272
0.008057 -0.038818 -0.019165 0.015664 -0.075474 -0.037262
-0.010132 -0.045410 -0.034302 -0.019699 -0.088291 -0.066693
-0.033936 -0.047974 -0.042236 -0.065981 -0.093275 -0.082120
-0.054199 -0.045532 -0.045044 -0.105379 -0.088528 -0.087579
-0.058350 -0.037231 -0.034302 -0.113449 -0.072389 -0.066693
-0.050293 -0.034424 -0.018433 -0.097784 -0.066930 -0.035838
-0.048706 -0.030884 -0.012695 -0.094699 -0.060047 -0.024683
-0.062012 -0.029297 -0.022949 -0.120569 -0.056962 -0.044620
-0.070923 -0.032349 -0.034668 -0.137895 -0.062895 -0.067405
-0.066895 -0.039917 -0.037598 -0.130062 -0.077610 -0.073101
-0.067261 -0.036621 -0.046265 -0.130774 -0.071202 -0.089952
-0.070068 -0.045532 -0.057007 -0.136233 -0.088528 -0.110838
-0.069214 -0.048950 -0.055420 -0.134572 -0.095173 -0.107752
-0.064819 -0.048218 -0.043579 -0.126028 -0.093749 -0.084730
-0.058960 -0.042603 -0.041504 -0.114635 -0.082832 -0.080696
-0.054321 -0.029663 -0.049072 -0.105616 -0.057674 -0.095411
-0.051147 -0.024292 -0.047241 -0.099446 -0.047231 -0.091851
-0.061890 -0.004517 -0.035889 -0.120332 -0.008782 -0.069778
-0.065308 -0.008911 -0.030640 -0.126977 -0.017326 -0.059572
-0.053101 -0.012695 -0.029907 -0.103243 -0.024683 -0.058148
-0.047607 -0.007324 -0.029419 -0.092563 -0.014240 -0.057199
-0.050659 0.004639 -0.031860 -0.098496 0.009019 -0.061946
-0.054321 0.007446 -0.036743 -0.105616 0.014478 -0.071439
-0.052490 -0.001831 -0.043335 -0.102056 -0.003560 -0.084256
-0.047729 -0.009277 -0.048706 -0.092800 -0.018038 -0.094699
-0.047485 -0.014404 -0.051270 -0.092325 -0.028006 -0.099683
-0.055664 -0.010864 -0.055176 -0.108227 -0.021123 -0.107278
-0.059326 -0.013794 -0.053833 -0.115347 -0.026819 -0.104667
-0.049194 -0.017456 -0.044189 -0.095648 -0.033940 -0.085917
-0.040405 -0.012329 -0.035767 -0.078560 -0.023971 -0.069541
-0.034180 -0.005859 -0.039917 -0.066455 -0.011392 -0.077610
-0.033447 0.000000 -0.053101 -0.065031 0.000000 -0.103243
-0.036255 -0.002930 -0.065674 -0.070490 -0.005696 -0.127689
-0.033813 -0.010986 -0.072388 -0.065743 -0.021361 -0.140743
-0.032471 -0.019897 -0.068359 -0.063133 -0.038686 -0.132911
-0.037720 -0.024780 -0.055664 -0.073338 -0.048180 -0.108227
-0.052856 -0.016357 -0.045776 -0.102768 -0.031804 -0.089003
