-0.104492 0.007813 -0.107178 -0.203163 0.015190 -0.208385
-0.143188 -0.025513 -0.121704 -0.278400 -0.049604 -0.236628
-0.165527 -0.035156 -0.136963 -0.321833 -0.068354 -0.266296
-0.241211 -0.072754 -0.108887 -0.468984 -0.141455 -0.211708
-0.293579 -0.057251 -0.076416 -0.570803 -0.111313 -0.148575
-0.325806 -0.000244 -0.061523 -0.633461 -0.000475 -0.119620
-0.334595 0.049683 -0.039795 -0.650550 0.096597 -0.077373
-0.341675 0.109741 -0.042969 -0.664315 0.213369 -0.083544
-0.333984 0.111206 -0.027710 -0.649363 0.216217 -0.053876
-0.340210 0.131714 -0.032715 -0.661467 0.256090 -0.063607
-0.359497 0.151123 -0.040649 -0.698967 0.293827 -0.079034
-0.380981 0.161377 -0.049561 -0.740739 0.313764 -0.096360
-0.403809 0.172852 -0.071167 -0.785122 0.336074 -0.138369
-0.431274 0.185791 -0.108643 -0.838523 0.361232 -0.211233
-0.466309 0.199463 -0.142090 -0.906640 0.387814 -0.276264
-0.512451 0.206421 -0.187012 -0.996355 0.401342 -0.363605
-0.579590 0.173096 -0.261719 -1.126892 0.336549 -0.508858
-0.656860 0.112061 -0.351318 -1.277128 0.217878 -0.683065
-0.724243 0.049316 -0.432495 -1.408140 0.095885 -0.840897
-0.772339 0.002930 -0.496704 -1.501652 0.005696 -0.965738
-0.815308 -0.044556 -0.520874 -1.585196 -0.086629 -1.012731
-0.854736 -0.077026 -0.533447 -1.661857 -0.149762 -1.037177
-0.863647 -0.089966 -0.507080 -1.679183 -0.174920 -0.985912
-0.844482 -0.062500 -0.450439 -1.641920 -0.121518 -0.875786
-0.822632 0.006348 -0.387939 -1.599436 0.012342 -0.754267
-0.824585 0.075317 -0.344727 -1.603234 0.146439 -0.670249
-0.830933 0.129272 -0.322510 -1.615575 0.251343 -0.627053
-0.817505 0.166626 -0.313721 -1.589468 0.323969 -0.609965
-0.789551 0.189819 -0.310913 -1.535117 0.369064 -0.604506
-0.764893 0.204712 -0.317627 -1.487174 0.398020 -0.617559
-0.758545 0.195313 -0.328369 -1.474833 0.379744 -0.638445
-0.772705 0.173462 -0.338257 -1.502364 0.337261 -0.657670
-0.790894 0.141357 -0.355347 -1.537728 0.274840 -0.690898
-0.802734 0.100464 -0.378662 -1.560750 0.195331 -0.736230
-0.808105 0.079834 -0.402954 -1.571193 0.155221 -0.783460
-0.788452 0.072388 -0.401489 -1.532981 0.140743 -0.780612
-0.759521 0.078857 -0.412109 -1.476731 0.153322 -0.801261
-0.735596 0.095825 -0.406616 -1.430212 0.186312 -0.790581
-0.718506 0.108154 -0.385254 -1.396985 0.210283 -0.749046
-0.682861 0.112061 -0.350830 -1.327682 0.217878 -0.682116
-0.633545 0.106201 -0.305664 -1.231796 0.206486 -0.594300
-0.596069 0.095093 -0.256592 -1.158933 0.184888 -0.498889
-0.553833 0.081787 -0.198364 -1.076813 0.159018 -0.385678
-0.498535 0.080078 -0.149780 -0.969298 0.155695 -0.291217
-0.448242 0.092163 -0.114868 -0.871514 0.179192 -0.223337
-0.412109 0.108887 -0.093506 -0.801261 0.211708 -0.181803
-0.369507 0.116943 -0.079468 -0.718429 0.227372 -0.154509
-0.323730 0.106323 -0.072632 -0.629426 0.206723 -0.141217
-0.288086 0.083252 -0.072144 -0.560123 0.161866 -0.140268
-0.264282 0.062256 -0.072510 -0.513842 0.121044 -0.140980
-0.254761 0.045532 -0.071289 -0.495329 0.088528 -0.138607
-0.252075 0.022827 -0.078003 -0.490108 0.044383 -0.151660
-0.227173 -0.026489 -0.072144 -0.441690 -0.051503 -0.140268
-0.155762 -0.071533 -0.051758 -0.302846 -0.139081 -0.100632
-0.110718 -0.078003 -0.042236 -0.215268 -0.151660 -0.082120
-0.085327 -0.074341 -0.030518 -0.165901 -0.144540 -0.059335
-0.045898 -0.053467 -0.005859 -0.089240 -0.103955 -0.011392
-0.008301 -0.027344 0.038696 -0.016139 -0.053164 0.075237
0.033691 -0.019043 0.083130 0.065506 -0.037025 0.161629
0.065796 -0.019531 0.110718 0.127926 -0.037974 0.215268
0.080933 -0.028320 0.117432 0.157357 -0.055063 0.228321
0.094116 -0.026978 0.116699 0.182989 -0.052452 0.226897
0.100830 -0.030151 0.108032 0.196043 -0.058623 0.210046
0.099609 -0.075562 0.090576 0.193670 -0.146914 0.176106
0.122803 -0.142944 0.094849 0.238764 -0.277925 0.184413
0.146362 -0.158203 0.109863 0.284571 -0.307593 0.213606
0.147583 -0.136230 0.127930 0.286944 -0.264872 0.248733
0.175293 -0.125366 0.170410 0.340821 -0.243748 0.331327
0.221069 -0.107056 0.222046 0.429823 -0.208147 0.431722
0.247681 -0.099121 0.245239 0.481563 -0.192720 0.476817
0.257446 -0.113892 0.238647 0.500551 -0.221438 0.464000
0.275635 -0.126709 0.238403 0.535914 -0.246359 0.463526
0.296997 -0.140381 0.255005 0.577449 -0.272941 0.495804
0.322876 -0.153442 0.282593 0.627765 -0.298337 0.549443
0.337891 -0.147705 0.315186 0.656958 -0.287182 0.612813
0.354004 -0.151367 0.347778 0.688287 -0.294302 0.676182
0.374634 -0.143066 0.375122 0.728397 -0.278163 0.729347
0.393677 -0.131592 0.394287 0.765422 -0.255853 0.766609
0.413696 -0.116211 0.413818 0.804346 -0.225948 0.804584
0.432251 -0.110718 0.436279 0.840422 -0.215268 0.848254
0.443848 -0.115845 0.459961 0.862969 -0.225236 0.894298
0.451172 -0.107056 0.479004 0.877210 -0.208147 0.931323
0.455933 -0.101440 0.486572 0.886466 -0.197230 0.946038
0.463379 -0.110962 0.487793 0.900944 -0.215742 0.948412
0.476074 -0.127197 0.492798 0.925627 -0.247309 0.958143
0.486084 -0.136719 0.495483 0.945089 -0.265821 0.963364
0.482666 -0.138794 0.485596 0.938443 -0.269856 0.944140
0.471924 -0.137451 0.466064 0.917558 -0.267245 0.906165
0.465576 -0.124756 0.448975 0.905216 -0.242562 0.872938
0.464233 -0.129639 0.433594 0.902605 -0.252055 0.843033
0.463257 -0.127075 0.433105 0.900706 -0.247071 0.842083
0.466309 -0.125977 0.432129 0.906640 -0.244935 0.840185
0.469360 -0.129395 0.434326 0.912573 -0.251581 0.844457
0.465698 -0.127075 0.435303 0.905453 -0.247071 0.846355
0.461792 -0.122314 0.435425 0.897858 -0.237815 0.846593
0.450806 -0.101196 0.433350 0.876498 -0.196755 0.842558
0.437256 -0.078735 0.429688 0.850153 -0.153084 0.835438
0.431152 -0.062256 0.420166 0.838286 -0.121044 0.816925
0.424438 -0.040283 0.417969 0.825232 -0.078322 0.812653
0.402100 -0.020630 0.410767 0.781799 -0.040111 0.798650
0.377319 -0.003052 0.398804 0.733619 -0.005934 0.775391
0.354370 0.012939 0.380371 0.688999 0.025158 0.739552
0.326050 0.006226 0.346313 0.633936 0.012104 0.673334
0.296143 -0.010620 0.300781 0.575788 -0.020649 0.584806
0.263672 -0.026245 0.250854 0.512655 -0.051028 0.487734
0.244507 -0.057861 0.210449 0.475393 -0.112499 0.409175
0.223511 -0.071655 0.182251 0.434570 -0.139319 0.354349
0.197510 -0.075806 0.157959 0.384017 -0.147388 0.307118
0.175903 -0.070923 0.131714 0.342007 -0.137895 0.256090
0.152466 -0.053345 0.111816 0.296438 -0.103718 0.217404
0.131714 -0.041504 0.094971 0.256090 -0.080696 0.184651
0.112671 -0.028687 0.074097 0.219065 -0.055775 0.144066
0.088257 -0.016113 0.048584 0.171597 -0.031329 0.094461
0.074341 -0.022827 0.027954 0.144540 -0.044383 0.054351
0.062500 -0.020996 0.010864 0.121518 -0.040823 0.021123
0.047729 -0.031372 -0.003662 0.092800 -0.060996 -0.007120
0.025391 -0.037109 -0.018188 0.049367 -0.072151 -0.035364
-0.006470 -0.040527 -0.037598 -0.012579 -0.078797 -0.073101
-0.007935 -0.053223 -0.038330 -0.015427 -0.103480 -0.074525
0.002441 -0.047974 -0.032959 0.004747 -0.093275 -0.064082
-0.000732 -0.047119 -0.035034 -0.001424 -0.091613 -0.068117
-0.007935 -0.041992 -0.039185 -0.015427 -0.081645 -0.076186
-0.014160 -0.033447 -0.039429 -0.027531 -0.065031 -0.076661
-0.021118 -0.029297 -0.039063 -0.041060 -0.056962 -0.075949
-0.027344 -0.023193 -0.044922 -0.053164 -0.045095 -0.087341
-0.025146 -0.031860 -0.045898 -0.048892 -0.061946 -0.089240
-0.023438 -0.031982 -0.043701 -0.045569 -0.062183 -0.084968
-0.027100 -0.032227 -0.040771 -0.052690 -0.062658 -0.079272
-0.035889 -0.028564 -0.042603 -0.069778 -0.055538 -0.082832
-0.045776 -0.027222 -0.051025 -0.089003 -0.052927 -0.099208
-0.052734 -0.029175 -0.063843 -0.102531 -0.056724 -0.124129
-0.053955 -0.033447 -0.073486 -0.104904 -0.065031 -0.142879
-0.054810 -0.043823 -0.080688 -0.106566 -0.085205 -0.156882
-0.054077 -0.043701 -0.085815 -0.105142 -0.084968 -0.166850
-0.055420 -0.034302 -0.087036 -0.107752 -0.066693 -0.169224
-0.039673 -0.031616 -0.067749 -0.077136 -0.061471 -0.131724
-0.032104 -0.011108 -0.047485 -0.062420 -0.021598 -0.092325
-0.029541 -0.008545 -0.035889 -0.057436 -0.016614 -0.069778
-0.020996 -0.009277 -0.031982 -0.040823 -0.018038 -0.062183
-0.020386 -0.014771 -0.038940 -0.039636 -0.028718 -0.075712
-0.030518 -0.023315 -0.055054 -0.059335 -0.045332 -0.107040
-0.042480 -0.025024 -0.069214 -0.082594 -0.048655 -0.134572
-0.041382 -0.039063 -0.071533 -0.080458 -0.075949 -0.139081
-0.035156 -0.039917 -0.063721 -0.068354 -0.077610 -0.123892
-0.028442 -0.037109 -0.055420 -0.055300 -0.072151 -0.107752
-0.025024 -0.030640 -0.051514 -0.048655 -0.059572 -0.100158
-0.025269 -0.026367 -0.048584 -0.049129 -0.051266 -0.094461
-0.022583 -0.024292 -0.045166 -0.043908 -0.047231 -0.087816
-0.020142 -0.020630 -0.046387 -0.039161 -0.040111 -0.090189
-0.025635 -0.020752 -0.054688 -0.049841 -0.040348 -0.106328
