0.025513 -0.280884 0.194336 0.049604 -0.546120 0.377846
0.031982 -0.243286 0.162354 0.062183 -0.473019 0.315663
-0.004395 -0.221069 0.113281 -0.008544 -0.429823 0.220252
-0.070068 -0.235229 0.074951 -0.136233 -0.457355 0.145727
-0.107422 -0.218384 0.040161 -0.208859 -0.424602 0.078085
-0.129639 -0.200073 0.012939 -0.252055 -0.389001 0.025158
-0.153931 -0.197388 0.005859 -0.299286 -0.383779 0.011392
-0.175781 -0.178101 -0.010620 -0.341770 -0.346279 -0.020649
-0.178101 -0.166626 0.001221 -0.346279 -0.323969 0.002373
-0.180176 -0.144653 0.012695 -0.350314 -0.281248 0.024683
-0.180420 -0.133179 0.031128 -0.350789 -0.258938 0.060522
-0.179443 -0.116455 0.039795 -0.348890 -0.226423 0.077373
-0.174438 -0.108887 0.045166 -0.339159 -0.211708 0.087816
-0.184326 -0.111816 0.043091 -0.358384 -0.217404 0.083781
-0.219238 -0.112793 0.043457 -0.426263 -0.219302 0.084493
-0.272095 -0.121460 0.042358 -0.529032 -0.236154 0.082357
-0.330688 -0.133057 0.032104 -0.642955 -0.258701 0.062420
-0.391235 -0.126221 0.003784 -0.760676 -0.245410 0.007358
-0.445679 -0.115967 -0.056152 -0.866529 -0.225473 -0.109177
-0.482056 -0.111694 -0.116211 -0.937257 -0.217166 -0.225948
-0.519653 -0.121948 -0.163086 -1.010358 -0.237103 -0.317087
-0.560303 -0.163330 -0.206299 -1.089392 -0.317561 -0.401105
-0.609131 -0.193604 -0.238770 -1.184328 -0.376422 -0.464238
-0.651855 -0.218384 -0.254395 -1.267397 -0.424602 -0.494617
-0.690674 -0.231323 -0.261108 -1.342871 -0.449760 -0.507671
-0.735352 -0.262817 -0.265137 -1.429738 -0.510994 -0.515503
-0.776489 -0.303589 -0.260010 -1.509722 -0.590265 -0.505535
-0.810425 -0.340576 -0.261475 -1.575702 -0.662179 -0.508383
-0.838135 -0.372803 -0.270020 -1.629578 -0.724837 -0.524997
-0.843140 -0.427368 -0.268433 -1.639309 -0.830928 -0.521911
-0.838623 -0.453369 -0.256958 -1.630528 -0.881482 -0.499601
-0.850586 -0.455933 -0.247070 -1.653787 -0.886466 -0.480377
-0.874268 -0.446655 -0.249146 -1.699831 -0.868428 -0.484412
-0.873779 -0.410400 -0.254517 -1.698882 -0.797938 -0.494854
-0.832031 -0.361572 -0.247192 -1.617711 -0.703002 -0.480614
-0.774658 -0.309814 -0.226929 -1.506161 -0.602370 -0.441216
-0.737549 -0.244995 -0.213989 -1.434010 -0.476342 -0.416058
-0.709351 -0.206421 -0.178467 -1.379184 -0.401342 -0.346992
-0.694824 -0.175537 -0.134766 -1.350941 -0.341295 -0.262024
-0.680420 -0.193970 -0.094727 -1.322935 -0.377134 -0.184176
-0.664185 -0.236816 -0.071167 -1.291368 -0.460440 -0.138369
-0.664185 -0.253540 -0.071167 -1.291368 -0.492956 -0.138369
-0.660400 -0.255371 -0.082520 -1.284011 -0.496516 -0.160442
-0.650757 -0.250977 -0.107910 -1.265261 -0.487972 -0.209809
-0.624268 -0.268188 -0.119507 -1.213758 -0.521437 -0.232356
-0.576416 -0.266479 -0.103394 -1.120721 -0.518114 -0.201027
-0.526245 -0.238770 -0.084717 -1.023174 -0.464238 -0.164714
-0.461060 -0.220215 -0.045776 -0.896434 -0.428162 -0.089003
-0.392334 -0.179810 -0.000366 -0.762812 -0.349602 -0.000712
-0.329102 -0.142212 0.040161 -0.639869 -0.276501 0.078085
-0.294189 -0.131348 0.073975 -0.571990 -0.255378 0.143828
-0.265137 -0.152588 0.102173 -0.515503 -0.296675 0.198654
-0.218262 -0.144043 0.103149 -0.424364 -0.280062 0.200553
-0.173096 -0.137573 0.087036 -0.336549 -0.267482 0.169224
-0.131470 -0.114258 0.059937 -0.255615 -0.222151 0.116534
-0.093506 -0.107666 0.032959 -0.181803 -0.209334 0.064082
-0.065308 -0.115112 0.030884 -0.126977 -0.223812 0.060047
-0.034912 -0.131592 0.053101 -0.067879 -0.255853 0.103243
-0.003662 -0.119507 0.089111 -0.007120 -0.232356 0.173258
0.028198 -0.084473 0.111694 0.054826 -0.164239 0.217166
0.048706 -0.052612 0.103394 0.094699 -0.102294 0.201027
0.058350 -0.041870 0.080444 0.113449 -0.081408 0.156407
0.062622 -0.043457 0.053711 0.121756 -0.084493 0.104430
0.063599 -0.046631 0.031860 0.123654 -0.090664 0.061946
0.067627 -0.047241 0.020752 0.131487 -0.091851 0.040348
0.067139 -0.053589 0.018677 0.130537 -0.104192 0.036313
0.067627 -0.058838 0.020874 0.131487 -0.114398 0.040585
0.071045 -0.061279 0.025635 0.138132 -0.119145 0.049841
0.071411 -0.050293 0.023193 0.138844 -0.097784 0.045095
0.072144 -0.042969 0.014648 0.140268 -0.083544 0.028481
0.078125 -0.036743 0.016602 0.151898 -0.071439 0.032278
0.086670 -0.034302 0.014526 0.168512 -0.066693 0.028243
0.098022 -0.026978 0.007202 0.190584 -0.052452 0.014003
0.112549 -0.030029 0.010742 0.218828 -0.058386 0.020886
0.128662 -0.027954 0.025024 0.250157 -0.054351 0.048655
0.139526 -0.031982 0.039307 0.271280 -0.062183 0.076424
0.150269 -0.045532 0.051880 0.292166 -0.088528 0.100870
0.167847 -0.056885 0.068604 0.326343 -0.110601 0.133385
0.191895 -0.062622 0.092651 0.373099 -0.121756 0.180141
0.217896 -0.067749 0.119751 0.423652 -0.131724 0.232831
0.237549 -0.067627 0.140503 0.461864 -0.131487 0.273179
0.255371 -0.068481 0.147583 0.496516 -0.133148 0.286944
0.271118 -0.083252 0.141235 0.527133 -0.161866 0.274603
0.293457 -0.112549 0.145874 0.570566 -0.218828 0.283622
0.324341 -0.133301 0.175049 0.630613 -0.259176 0.340346
0.361084 -0.136719 0.222656 0.702053 -0.265821 0.432909
0.392334 -0.114502 0.270020 0.762812 -0.222625 0.524997
0.428101 -0.091797 0.314209 0.832352 -0.178480 0.610914
0.468994 -0.064453 0.354126 0.911861 -0.125316 0.688524
0.505859 -0.049927 0.378296 0.983538 -0.097072 0.735518
0.529663 -0.051880 0.375610 1.029819 -0.100870 0.730296
0.541504 -0.059692 0.366211 1.052842 -0.116059 0.712021
0.551758 -0.065430 0.357422 1.072778 -0.127214 0.694932
0.563477 -0.055542 0.361694 1.095563 -0.107990 0.703239
0.586548 -0.047485 0.379150 1.140420 -0.092325 0.737179
0.604980 -0.020752 0.388550 1.176258 -0.040348 0.755454
0.599121 -0.007446 0.375122 1.164866 -0.014478 0.729347
0.589722 -0.018921 0.355591 1.146591 -0.036788 0.691372
0.582397 -0.026001 0.342529 1.132350 -0.050553 0.665977
0.584839 -0.027832 0.336426 1.137097 -0.054114 0.654110
0.590332 -0.010742 0.333984 1.147778 -0.020886 0.649363
0.594360 0.005615 0.338013 1.155610 0.010918 0.657195
0.593018 0.013794 0.343872 1.152999 0.026819 0.668588
0.565674 0.026611 0.340820 1.099835 0.051740 0.662654
0.513794 0.026978 0.321655 0.998965 0.052452 0.625392
0.472046 0.014526 0.295532 0.917795 0.028243 0.574601
0.439575 0.003174 0.275635 0.854662 0.006171 0.535914
0.399658 -0.006958 0.260254 0.777052 -0.013528 0.506009
0.376465 -0.004272 0.258423 0.731957 -0.008307 0.502449
0.365479 0.019043 0.262207 0.710597 0.037025 0.509807
0.330566 0.042603 0.241089 0.642717 0.082832 0.468747
0.287476 0.047974 0.196899 0.558936 0.093275 0.382830
0.258911 0.049194 0.154053 0.503399 0.095648 0.299523
0.233154 0.048828 0.116211 0.453320 0.094936 0.225948
0.215698 0.041382 0.093018 0.419380 0.080458 0.180853
0.206909 0.045410 0.093262 0.402292 0.088291 0.181328
0.198853 0.051147 0.092529 0.386627 0.099446 0.179904
0.188110 0.061401 0.081299 0.365741 0.119382 0.158069
0.164917 0.063843 0.058716 0.320647 0.124129 0.114161
0.135742 0.057495 0.032104 0.263922 0.111787 0.062420
0.105469 0.053101 0.007690 0.205062 0.103243 0.014952
0.072388 0.039795 -0.018677 0.140743 0.077373 -0.036313
0.046631 0.021729 -0.029053 0.090664 0.042247 -0.056487
0.033203 0.006592 -0.016113 0.064557 0.012816 -0.031329
0.029419 0.006470 0.001465 0.057199 0.012579 0.002848
0.029785 0.021851 0.005493 0.057911 0.042484 0.010680
0.024902 0.032227 -0.001343 0.048417 0.062658 -0.002611
0.005127 0.029297 -0.019775 0.009968 0.056962 -0.038449
-0.017090 0.014771 -0.043457 -0.033228 0.028718 -0.084493
-0.032227 0.002319 -0.060425 -0.062658 0.004509 -0.117483
-0.041626 -0.009521 -0.066895 -0.080933 -0.018513 -0.130062
-0.048584 -0.018066 -0.059937 -0.094461 -0.035126 -0.116534
-0.061768 -0.027954 -0.049072 -0.120094 -0.054351 -0.095411
-0.074951 -0.043701 -0.044312 -0.145727 -0.084968 -0.086155
-0.077759 -0.056274 -0.040039 -0.151186 -0.109414 -0.077848
-0.075195 -0.061279 -0.036377 -0.146202 -0.119145 -0.070727
-0.074829 -0.061890 -0.039063 -0.145490 -0.120332 -0.075949
-0.071411 -0.055420 -0.043701 -0.138844 -0.107752 -0.084968
-0.067139 -0.042969 -0.043335 -0.130537 -0.083544 -0.084256
-0.063599 -0.034790 -0.038940 -0.123654 -0.067642 -0.075712
-0.058960 -0.033447 -0.032349 -0.114635 -0.065031 -0.062895
-0.054199 -0.035767 -0.027710 -0.105379 -0.069541 -0.053876
-0.057251 -0.039429 -0.032349 -0.111313 -0.076661 -0.062895
-0.065552 -0.058472 -0.038818 -0.127452 -0.113686 -0.075474
-0.066040 -0.073853 -0.036621 -0.128401 -0.143591 -0.071202
-0.064697 -0.073608 -0.028320 -0.125790 -0.143116 -0.055063
-0.057495 -0.063232 -0.019531 -0.111787 -0.122942 -0.037974
-0.043701 -0.051147 -0.010498 -0.084968 -0.099446 -0.020411
-0.032959 -0.039673 -0.005615 -0.064082 -0.077136 -0.010918
-0.030518 -0.028687 -0.008423 -0.059335 -0.055775 -0.016376
