-0.024292 -0.101563 -0.062134 -0.047231 -0.197467 -0.120806
-0.074707 -0.102783 -0.088867 -0.145252 -0.199841 -0.172784
-0.069458 -0.062988 -0.103516 -0.135047 -0.122468 -0.201265
-0.122681 -0.073853 -0.129883 -0.238527 -0.143591 -0.252530
-0.176514 -0.064453 -0.099976 -0.343194 -0.125316 -0.194382
-0.223755 -0.041260 -0.095947 -0.435045 -0.080221 -0.186549
-0.245972 -0.032471 -0.080688 -0.478241 -0.063133 -0.156882
-0.253540 -0.011230 -0.072510 -0.492956 -0.021835 -0.140980
-0.239746 0.018066 -0.071045 -0.466136 0.035126 -0.138132
-0.232910 0.035156 -0.080200 -0.452845 0.068354 -0.155933
-0.250488 0.044800 -0.096802 -0.487022 0.087104 -0.188211
-0.251709 0.018188 -0.079102 -0.489396 0.035364 -0.153797
-0.250000 0.009277 -0.058960 -0.486073 0.018038 -0.114635
-0.264038 0.006714 -0.051514 -0.513367 0.013054 -0.100158
-0.283813 0.013184 -0.060059 -0.551816 0.025633 -0.116771
-0.306030 0.013306 -0.080688 -0.595012 0.025870 -0.156882
-0.338867 -0.007202 -0.109009 -0.658857 -0.014003 -0.211945
-0.374023 -0.020996 -0.141846 -0.727211 -0.040823 -0.275789
-0.412720 -0.009399 -0.178345 -0.802447 -0.018275 -0.346754
-0.462158 0.013794 -0.215210 -0.898570 0.026819 -0.418431
-0.511475 0.033936 -0.255737 -0.994456 0.065981 -0.497228
-0.552734 0.043457 -0.292114 -1.074677 0.084493 -0.567955
-0.598267 0.038940 -0.338257 -1.163205 0.075712 -0.657670
-0.655396 -0.002930 -0.378906 -1.274280 -0.005696 -0.736704
-0.708374 -0.053223 -0.417725 -1.377286 -0.103480 -0.812178
-0.736572 -0.082153 -0.432495 -1.432111 -0.159730 -0.840897
-0.748901 -0.075073 -0.425171 -1.456083 -0.145964 -0.826656
-0.756714 -0.023926 -0.404419 -1.471272 -0.046519 -0.786308
-0.771851 0.046021 -0.388062 -1.500703 0.089477 -0.754505
-0.800171 0.105957 -0.394775 -1.555766 0.206011 -0.767558
-0.833008 0.127075 -0.433594 -1.619610 0.247071 -0.843033
-0.855225 0.110474 -0.486694 -1.662806 0.214793 -0.946276
-0.866455 0.065186 -0.530762 -1.684641 0.126740 -1.031956
-0.880615 -0.000366 -0.551025 -1.712173 -0.000712 -1.071354
-0.907471 -0.037720 -0.557373 -1.764388 -0.073338 -1.083696
-0.898315 -0.050415 -0.524658 -1.746587 -0.098022 -1.020089
-0.839600 -0.021729 -0.445557 -1.632427 -0.042247 -0.866292
-0.785645 0.042847 -0.367310 -1.527522 0.083306 -0.714157
-0.761597 0.104736 -0.328003 -1.480766 0.203638 -0.637733
-0.737427 0.158691 -0.311768 -1.433773 0.308542 -0.606167
-0.690430 0.196533 -0.292114 -1.342397 0.382118 -0.567955
-0.639648 0.198242 -0.269653 -1.243663 0.385441 -0.524285
-0.595093 0.182983 -0.238037 -1.157034 0.355773 -0.462814
-0.553589 0.173096 -0.197388 -1.076338 0.336549 -0.383779
-0.519043 0.168213 -0.157349 -1.009171 0.327055 -0.305932
-0.495972 0.154541 -0.129761 -0.964314 0.300473 -0.252293
-0.473267 0.140137 -0.116211 -0.920168 0.272467 -0.225948
-0.448853 0.130127 -0.111084 -0.872700 0.253005 -0.215980
-0.436646 0.122925 -0.118286 -0.848966 0.239002 -0.229983
-0.436157 0.129761 -0.138794 -0.848017 0.252293 -0.269856
-0.433105 0.110718 -0.170288 -0.842083 0.215268 -0.331090
-0.441040 0.030884 -0.198242 -0.857510 0.060047 -0.385441
-0.358887 -0.015869 -0.197144 -0.697780 -0.030854 -0.383305
-0.309204 -0.011475 -0.203613 -0.601183 -0.022310 -0.395884
-0.305420 0.004517 -0.192139 -0.593825 0.008782 -0.373574
-0.258667 0.016968 -0.150269 -0.502924 0.032990 -0.292166
-0.188721 0.004150 -0.081055 -0.366928 0.008070 -0.157594
-0.132202 -0.002319 -0.009644 -0.257040 -0.004509 -0.018750
-0.083130 0.001221 0.027222 -0.161629 0.002373 0.052927
-0.037476 -0.006104 0.041992 -0.072863 -0.011867 0.081645
0.010742 -0.027588 0.061646 0.020886 -0.053639 0.119857
0.050903 -0.045044 0.082886 0.098971 -0.087579 0.161154
0.085571 -0.078735 0.092041 0.166376 -0.153084 0.178955
0.100220 -0.101807 0.098267 0.194856 -0.197942 0.191059
0.103027 -0.109375 0.109131 0.200315 -0.212657 0.212182
0.100708 -0.068970 0.110229 0.195806 -0.134097 0.214318
0.121582 -0.050659 0.125732 0.236391 -0.098496 0.244460
0.132446 -0.019409 0.144653 0.257514 -0.037737 0.281248
0.134644 -0.024414 0.155029 0.261786 -0.047468 0.301422
0.133057 -0.042847 0.152710 0.258701 -0.083306 0.296913
0.134033 -0.088257 0.138184 0.260600 -0.171597 0.268669
0.137939 -0.118164 0.113281 0.268195 -0.229745 0.220252
0.142212 -0.117798 0.096924 0.276501 -0.229033 0.188448
0.145508 -0.099365 0.103882 0.282910 -0.193195 0.201977
0.159424 -0.106323 0.132813 0.309966 -0.206723 0.258226
0.186768 -0.122803 0.171753 0.363131 -0.238764 0.333938
0.208618 -0.126221 0.212158 0.405615 -0.245410 0.412497
0.224243 -0.127075 0.236694 0.435994 -0.247071 0.460203
0.229736 -0.119751 0.248657 0.446674 -0.232831 0.483462
0.237671 -0.130005 0.258789 0.462102 -0.252767 0.503161
0.260986 -0.146973 0.278320 0.507434 -0.285758 0.541136
0.292480 -0.163696 0.304810 0.568667 -0.318273 0.592639
0.324341 -0.180542 0.333252 0.630613 -0.351026 0.647939
0.348633 -0.183838 0.363403 0.677844 -0.357434 0.706562
0.361450 -0.181885 0.392090 0.702765 -0.353637 0.762337
0.369019 -0.176514 0.411377 0.717480 -0.343194 0.799837
0.377319 -0.167969 0.420532 0.733619 -0.326580 0.817637
0.386841 -0.168335 0.420288 0.752131 -0.327292 0.817163
0.395508 -0.178711 0.423584 0.768983 -0.347466 0.823571
0.410156 -0.189819 0.429688 0.797463 -0.369064 0.835438
0.423462 -0.210327 0.429810 0.823333 -0.408937 0.835675
0.440552 -0.230103 0.429199 0.856561 -0.447386 0.834488
0.453247 -0.243652 0.424805 0.881244 -0.473731 0.825944
0.457275 -0.250366 0.421631 0.889077 -0.486785 0.819773
0.461670 -0.250366 0.422119 0.897621 -0.486785 0.820723
0.472900 -0.236816 0.425049 0.919456 -0.460440 0.826419
0.486328 -0.221436 0.425903 0.945564 -0.430535 0.828080
0.494385 -0.213867 0.421631 0.961228 -0.415820 0.819773
0.491089 -0.211914 0.411133 0.954820 -0.412023 0.799362
0.483643 -0.242798 0.388794 0.940342 -0.472070 0.755929
0.480469 -0.254639 0.387573 0.934171 -0.495092 0.753555
0.486694 -0.256104 0.393433 0.946276 -0.497940 0.764948
0.494873 -0.225708 0.408691 0.962178 -0.438842 0.794615
0.480103 -0.169800 0.431763 0.933459 -0.330140 0.839473
0.458740 -0.114868 0.440308 0.891925 -0.223337 0.856086
0.444336 -0.079834 0.438110 0.863919 -0.155221 0.851814
0.423828 -0.060181 0.420654 0.824045 -0.117009 0.817875
0.397217 -0.061279 0.379883 0.772305 -0.119145 0.738603
0.357300 -0.074341 0.329712 0.694695 -0.144540 0.641056
0.312256 -0.100220 0.278687 0.607116 -0.194856 0.541848
0.281494 -0.125854 0.233765 0.547307 -0.244698 0.454507
0.249023 -0.144165 0.196777 0.484174 -0.280299 0.382593
0.213135 -0.141724 0.163940 0.414396 -0.275552 0.318748
0.179932 -0.121948 0.142944 0.349840 -0.237103 0.277925
0.155273 -0.109863 0.142090 0.301897 -0.213606 0.276264
0.147095 -0.112061 0.155151 0.285995 -0.217878 0.301659
0.139404 -0.093384 0.169189 0.271043 -0.181565 0.328954
0.130493 -0.080566 0.160156 0.253717 -0.156645 0.311390
0.121704 -0.068115 0.138062 0.236628 -0.132436 0.268432
0.105469 -0.070801 0.116943 0.205062 -0.137657 0.227372
0.092529 -0.069458 0.095947 0.179904 -0.135047 0.186549
0.081665 -0.061768 0.075684 0.158781 -0.120094 0.147151
0.067627 -0.048584 0.053833 0.131487 -0.094461 0.104667
0.053223 -0.033569 0.031738 0.103480 -0.065269 0.061708
0.037964 -0.021729 0.006104 0.073813 -0.042247 0.011867
0.019897 -0.019165 -0.020386 0.038686 -0.037262 -0.039636
0.006714 -0.017700 -0.040894 0.013054 -0.034414 -0.079509
-0.002563 -0.010864 -0.054810 -0.004984 -0.021123 -0.106566
-0.010010 -0.015747 -0.065308 -0.019462 -0.030617 -0.126977
-0.008179 -0.026123 -0.059326 -0.015902 -0.050791 -0.115347
-0.004639 -0.024780 -0.048096 -0.009019 -0.048180 -0.093512
-0.011963 -0.013428 -0.051025 -0.023259 -0.026107 -0.099208
-0.023071 0.001221 -0.063110 -0.044857 0.002373 -0.122705
-0.030396 0.006104 -0.077026 -0.059098 0.011867 -0.149762
-0.034424 0.008179 -0.090210 -0.066930 0.015902 -0.175394
-0.045654 0.008057 -0.103027 -0.088765 0.015664 -0.200315
-0.057861 0.002930 -0.113037 -0.112499 0.005696 -0.219777
-0.062134 -0.005371 -0.115845 -0.120806 -0.010443 -0.225236
-0.064087 -0.011353 -0.113892 -0.124604 -0.022073 -0.221438
-0.068481 -0.018188 -0.110229 -0.133148 -0.035364 -0.214318
-0.069580 -0.029419 -0.106689 -0.135284 -0.057199 -0.207435
-0.066528 -0.036255 -0.101196 -0.129350 -0.070490 -0.196755
-0.062134 -0.040283 -0.093872 -0.120806 -0.078322 -0.182515
-0.057739 -0.035034 -0.084961 -0.112262 -0.068117 -0.165189
-0.052856 -0.024414 -0.072510 -0.102768 -0.047468 -0.140980
-0.054077 -0.017212 -0.060059 -0.105142 -0.033465 -0.116771
-0.057495 -0.017212 -0.053101 -0.111787 -0.033465 -0.103243
-0.055420 -0.025146 -0.048950 -0.107752 -0.048892 -0.095173
-0.062012 -0.019775 -0.056519 -0.120569 -0.038449 -0.109889
-0.072876 -0.020752 -0.068848 -0.141692 -0.040348 -0.133860
