0.138306 -0.237427 0.153076 0.268907 -0.461627 0.297625
0.109009 -0.208740 0.164551 0.211945 -0.405852 0.319935
0.026123 -0.205444 0.138306 0.050791 -0.399444 0.268907
0.045532 -0.183228 0.109741 0.088528 -0.356248 0.213369
0.007446 -0.164551 0.070313 0.014478 -0.319935 0.136708
-0.042236 -0.146606 0.033447 -0.082120 -0.285046 0.065031
-0.062622 -0.116089 0.001099 -0.121756 -0.225711 0.002136
-0.065674 -0.100586 -0.020020 -0.127689 -0.195568 -0.038924
-0.054443 -0.100342 -0.017822 -0.105854 -0.195094 -0.034652
-0.051758 -0.087402 -0.009033 -0.100632 -0.169936 -0.017563
-0.053833 -0.075806 0.006226 -0.104667 -0.147388 0.012104
-0.051147 -0.055176 0.015137 -0.099446 -0.107278 0.029430
-0.044434 -0.032837 0.015625 -0.086392 -0.063845 0.030380
-0.043091 -0.010986 0.003418 -0.083781 -0.021361 0.006646
-0.038696 -0.012207 0.001099 -0.075237 -0.023734 0.002136
-0.024292 -0.013794 0.005249 -0.047231 -0.026819 0.010206
-0.020508 -0.005249 0.001587 -0.039873 -0.010206 0.003085
-0.026001 -0.000366 -0.011353 -0.050553 -0.000712 -0.022073
-0.029907 -0.001587 -0.031982 -0.058148 -0.003085 -0.062183
-0.028442 -0.009155 -0.042725 -0.055300 -0.017801 -0.083069
-0.026611 -0.018188 -0.046265 -0.051740 -0.035364 -0.089952
-0.029785 -0.016113 -0.049072 -0.057911 -0.031329 -0.095411
-0.037842 -0.009277 -0.048706 -0.073575 -0.018038 -0.094699
-0.037354 -0.009277 -0.039063 -0.072626 -0.018038 -0.075949
-0.035889 -0.004517 -0.028564 -0.069778 -0.008782 -0.055538
-0.035400 -0.011353 -0.019409 -0.068829 -0.022073 -0.037737
-0.032104 -0.010986 -0.017822 -0.062420 -0.021361 -0.034652
-0.033081 -0.005371 -0.022583 -0.064319 -0.010443 -0.043908
-0.038330 -0.000244 -0.030518 -0.074525 -0.000475 -0.059335
-0.039917 -0.000244 -0.030640 -0.077610 -0.000475 -0.059572
-0.033691 -0.003784 -0.025024 -0.065506 -0.007358 -0.048655
-0.026123 -0.005981 -0.017090 -0.050791 -0.011630 -0.033228
-0.021729 -0.001831 -0.012451 -0.042247 -0.003560 -0.024209
-0.023193 0.004272 -0.015869 -0.045095 0.008307 -0.030854
-0.022339 0.009155 -0.021606 -0.043433 0.017801 -0.042009
-0.020996 0.009399 -0.024902 -0.040823 0.018275 -0.048417
-0.020264 0.008301 -0.023438 -0.039398 0.016139 -0.045569
-0.023804 0.007813 -0.022583 -0.046281 0.015190 -0.043908
-0.025635 0.006470 -0.023438 -0.049841 0.012579 -0.045569
-0.022705 -0.000366 -0.022095 -0.044145 -0.000712 -0.042959
-0.021240 -0.008179 -0.015747 -0.041297 -0.015902 -0.030617
-0.021606 -0.007446 -0.012207 -0.042009 -0.014478 -0.023734
-0.020508 -0.001343 -0.015015 -0.039873 -0.002611 -0.029193
-0.017456 0.001953 -0.021973 -0.033940 0.003797 -0.042721
-0.017456 -0.001953 -0.029175 -0.033940 -0.003797 -0.056724
-0.020020 -0.003662 -0.034180 -0.038924 -0.007120 -0.066455
-0.025391 0.001221 -0.040527 -0.049367 0.002373 -0.078797
-0.023560 0.001343 -0.035767 -0.045807 0.002611 -0.069541
-0.021851 0.005249 -0.029053 -0.042484 0.010206 -0.056487
-0.021118 0.005615 -0.026245 -0.041060 0.010918 -0.051028
-0.020508 0.006348 -0.022827 -0.039873 0.012342 -0.044383
-0.019043 0.000854 -0.021973 -0.037025 0.001661 -0.042721
-0.017578 -0.000488 -0.024292 -0.034177 -0.000949 -0.047231
-0.015259 0.005737 -0.027100 -0.029668 0.011155 -0.052690
-0.014160 0.012573 -0.032593 -0.027531 0.024446 -0.063370
-0.012817 0.014404 -0.036255 -0.024921 0.028006 -0.070490
-0.012207 0.017578 -0.034058 -0.023734 0.034177 -0.066218
-0.015503 0.019775 -0.027954 -0.030142 0.038449 -0.054351
-0.013672 0.011597 -0.024170 -0.026582 0.022547 -0.046993
-0.007324 0.002808 -0.021484 -0.014240 0.005459 -0.041772
-0.008179 -0.002563 -0.021118 -0.015902 -0.004984 -0.041060
-0.009399 -0.003174 -0.025391 -0.018275 -0.006171 -0.049367
-0.009277 -0.000366 -0.028931 -0.018038 -0.000712 -0.056250
-0.010010 0.002686 -0.030029 -0.019462 0.005221 -0.058386
-0.009399 0.001831 -0.027710 -0.018275 0.003560 -0.053876
-0.009766 0.000488 -0.025146 -0.018987 0.000949 -0.048892
-0.011719 0.007080 -0.021973 -0.022785 0.013766 -0.042721
-0.015381 0.016357 -0.019043 -0.029905 0.031804 -0.037025
-0.015869 0.017944 -0.021973 -0.030854 0.034889 -0.042721
-0.016357 0.015869 -0.025391 -0.031804 0.030854 -0.049367
-0.017822 0.008545 -0.027344 -0.034652 0.016614 -0.053164
-0.019165 0.001831 -0.032349 -0.037262 0.003560 -0.062895
-0.021118 -0.001343 -0.035522 -0.041060 -0.002611 -0.069066
-0.020996 -0.007202 -0.032227 -0.040823 -0.014003 -0.062658
-0.016724 -0.005737 -0.026123 -0.032516 -0.011155 -0.050791
-0.020142 -0.000122 -0.021851 -0.039161 -0.000237 -0.042484
-0.025269 -0.001343 -0.022461 -0.049129 -0.002611 -0.043671
-0.025269 -0.001221 -0.023315 -0.049129 -0.002373 -0.045332
-0.027100 0.002197 -0.025513 -0.052690 0.004272 -0.049604
-0.031982 0.003784 -0.026978 -0.062183 0.007358 -0.052452
-0.032715 0.004028 -0.021851 -0.063607 0.007832 -0.042484
-0.033447 0.010254 -0.012695 -0.065031 0.019937 -0.024683
-0.036987 0.016357 -0.010376 -0.071914 0.031804 -0.020174
-0.048584 0.018921 -0.015259 -0.094461 0.036788 -0.029668
-0.068115 0.020020 -0.024414 -0.132436 0.038924 -0.047468
-0.089478 0.010498 -0.038452 -0.173970 0.020411 -0.074762
-0.113770 -0.001221 -0.051636 -0.221201 -0.002373 -0.100395
-0.147827 -0.000244 -0.067627 -0.287419 -0.000475 -0.131487
-0.192139 0.010132 -0.090210 -0.373574 0.019699 -0.175394
-0.232544 0.029541 -0.108887 -0.452133 0.057436 -0.211708
-0.274414 0.034302 -0.123901 -0.533541 0.066693 -0.240900
-0.328369 0.029907 -0.136719 -0.638445 0.058148 -0.265821
-0.381348 0.043579 -0.149414 -0.741451 0.084730 -0.290505
-0.421509 0.070068 -0.155273 -0.819536 0.136233 -0.301897
-0.467529 0.120239 -0.170776 -0.909013 0.233780 -0.332039
-0.493042 0.159058 -0.172119 -0.958617 0.309254 -0.334650
-0.507446 0.224976 -0.153320 -0.986624 0.437418 -0.298099
-0.518677 0.270752 -0.115845 -1.008459 0.526421 -0.225236
-0.541016 0.297363 -0.097046 -1.051892 0.578161 -0.188686
-0.565063 0.345947 -0.103638 -1.098648 0.672622 -0.201502
-0.604004 0.364014 -0.121460 -1.174360 0.707749 -0.236154
-0.649902 0.346680 -0.137939 -1.263600 0.674046 -0.268195
-0.693237 0.326294 -0.168091 -1.347855 0.634411 -0.326818
-0.702637 0.295410 -0.171265 -1.366131 0.574363 -0.332988
-0.706543 0.295776 -0.156616 -1.373726 0.575076 -0.304508
-0.711060 0.269653 -0.121826 -1.382507 0.524285 -0.236866
-0.732178 0.250366 -0.094116 -1.423567 0.486785 -0.182989
-0.763184 0.208008 -0.094849 -1.483851 0.404428 -0.184413
-0.813232 0.155029 -0.133301 -1.581161 0.301422 -0.259176
-0.871826 0.095459 -0.178223 -1.695084 0.185600 -0.346517
-0.916260 0.087036 -0.208618 -1.781476 0.169224 -0.405615
-0.926636 0.116089 -0.225464 -1.801650 0.225711 -0.438368
-0.906372 0.138794 -0.204590 -1.762252 0.269856 -0.397782
-0.870850 0.180054 -0.146851 -1.693186 0.350077 -0.285520
-0.839478 0.224976 -0.099609 -1.632189 0.437418 -0.193670
-0.827026 0.261841 -0.074463 -1.607980 0.509095 -0.144778
-0.808228 0.266113 -0.069336 -1.571430 0.517402 -0.134809
-0.783691 0.242310 -0.075562 -1.523725 0.471120 -0.146914
-0.778809 0.184937 -0.100952 -1.514231 0.359571 -0.196280
-0.780884 0.116211 -0.132324 -1.518266 0.225948 -0.257277
-0.769531 0.064941 -0.141724 -1.496193 0.126265 -0.275552
-0.738403 0.041870 -0.121460 -1.435671 0.081408 -0.236154
-0.684814 0.045288 -0.074097 -1.331479 0.088053 -0.144066
-0.624878 0.049805 -0.029663 -1.214945 0.096835 -0.057674
-0.578735 0.061157 0.007568 -1.125230 0.118907 0.014715
-0.510864 0.070923 0.033813 -0.993269 0.137895 0.065743
-0.419434 0.082153 0.054077 -0.815501 0.159730 0.105142
-0.348999 0.092651 0.069336 -0.678556 0.180141 0.134809
-0.303223 0.092773 0.065796 -0.589553 0.180379 0.127926
-0.251099 0.068237 0.057739 -0.488209 0.132673 0.112262
-0.196411 0.041870 0.047363 -0.381881 0.081408 0.092088
-0.149292 0.015381 0.036499 -0.290267 0.029905 0.070965
-0.120483 -0.015869 0.029419 -0.234255 -0.030854 0.057199
-0.091553 -0.056152 0.025269 -0.178005 -0.109177 0.049129
-0.057251 -0.084473 0.029419 -0.111313 -0.164239 0.057199
-0.018311 -0.096313 0.037964 -0.035601 -0.187261 0.073813
0.026855 -0.087646 0.042847 0.052215 -0.170410 0.083306
0.072754 -0.088501 0.044434 0.141455 -0.172072 0.086392
0.115356 -0.094971 0.052246 0.224287 -0.184651 0.101582
0.143555 -0.094238 0.059082 0.279112 -0.183227 0.114873
0.156616 -0.077881 0.053833 0.304508 -0.151423 0.104667
0.168457 -0.069946 0.049805 0.327530 -0.135996 0.096835
0.180908 -0.070435 0.051392 0.351738 -0.136945 0.099920
0.179565 -0.085205 0.045288 0.349128 -0.165664 0.088053
0.171997 -0.106079 0.025513 0.334412 -0.206249 0.049604
0.171387 -0.112671 0.001831 0.333226 -0.219065 0.003560
0.186646 -0.119385 -0.008301 0.362893 -0.232119 -0.016139
0.214478 -0.124390 0.003418 0.417007 -0.241850 0.006646
0.244019 -0.127075 0.032593 0.474443 -0.247071 0.063370
0.275757 -0.119995 0.071167 0.536152 -0.233305 0.138369
