0.213379 -0.312866 0.205444 0.414871 -0.608303 0.399444
0.183472 -0.298340 0.168701 0.356722 -0.580060 0.328004
0.099976 -0.305054 0.127686 0.194382 -0.593113 0.248258
0.036011 -0.310059 0.086304 0.070015 -0.602844 0.167800
0.033569 -0.250122 0.032227 0.065269 -0.486310 0.062658
0.001221 -0.228882 -0.000610 0.002373 -0.445013 -0.001187
-0.017944 -0.197144 -0.005737 -0.034889 -0.383305 -0.011155
-0.031372 -0.134033 -0.024048 -0.060996 -0.260600 -0.046756
-0.046021 -0.091309 -0.026245 -0.089477 -0.177531 -0.051028
-0.055176 -0.061401 -0.017944 -0.107278 -0.119382 -0.034889
-0.048828 -0.062256 0.002319 -0.094936 -0.121044 0.004509
-0.051636 -0.044922 -0.007324 -0.100395 -0.087341 -0.014240
-0.064087 -0.032349 -0.023438 -0.124604 -0.062895 -0.045569
-0.062866 -0.022949 -0.019165 -0.122230 -0.044620 -0.037262
-0.061890 0.002563 -0.022827 -0.120332 0.004984 -0.044383
-0.056885 0.016479 -0.023682 -0.110601 0.032041 -0.046044
-0.057617 0.019165 -0.026123 -0.112025 0.037262 -0.050791
-0.057861 0.015015 -0.031982 -0.112499 0.029193 -0.062183
-0.058594 0.012817 -0.032837 -0.113923 0.024921 -0.063845
-0.052856 0.013550 -0.030273 -0.102768 0.026345 -0.058860
-0.051880 0.015381 -0.031738 -0.100870 0.029905 -0.061708
-0.058105 0.021729 -0.039917 -0.112974 0.042247 -0.077610
-0.050903 0.011230 -0.029419 -0.098971 0.021835 -0.057199
-0.047363 0.011597 -0.029419 -0.092088 0.022547 -0.057199
-0.051514 0.005981 -0.033203 -0.100158 0.011630 -0.064557
-0.050049 -0.004150 -0.026978 -0.097310 -0.008070 -0.052452
-0.050903 -0.005249 -0.028198 -0.098971 -0.010206 -0.054826
-0.052734 -0.003906 -0.035645 -0.102531 -0.007595 -0.069303
-0.054321 0.005249 -0.047119 -0.105616 0.010206 -0.091613
-0.055420 0.008545 -0.047974 -0.107752 0.016614 -0.093275
-0.053955 0.007813 -0.038452 -0.104904 0.015190 -0.074762
-0.046143 0.002197 -0.020020 -0.089715 0.004272 -0.038924
-0.039063 0.005981 -0.007202 -0.075949 0.011630 -0.014003
-0.039673 0.009888 -0.006714 -0.077136 0.019225 -0.013054
-0.040161 0.014648 -0.010010 -0.078085 0.028481 -0.019462
-0.044189 0.012695 -0.012085 -0.085917 0.024683 -0.023497
-0.046997 0.009521 -0.019043 -0.091376 0.018513 -0.037025
-0.049927 0.005981 -0.028076 -0.097072 0.011630 -0.054588
-0.052246 0.010010 -0.034668 -0.101582 0.019462 -0.067405
-0.054688 0.013184 -0.037964 -0.106328 0.025633 -0.073813
-0.058594 0.011108 -0.041016 -0.113923 0.021598 -0.079746
-0.059937 0.005371 -0.038574 -0.116534 0.010443 -0.075000
-0.063232 0.005005 -0.034912 -0.122942 0.009731 -0.067879
-0.062744 -0.006348 -0.035156 -0.121993 -0.012342 -0.068354
-0.056519 -0.022583 -0.032837 -0.109889 -0.043908 -0.063845
-0.047974 -0.029419 -0.023560 -0.093275 -0.057199 -0.045807
-0.036865 -0.020874 -0.013916 -0.071677 -0.040585 -0.027057
-0.027710 -0.007324 -0.006104 -0.053876 -0.014240 -0.011867
-0.020020 0.003906 -0.000610 -0.038924 0.007595 -0.001187
-0.015747 0.013184 0.000977 -0.030617 0.025633 0.001899
-0.014893 0.011841 0.001465 -0.028956 0.023022 0.002848
-0.015015 0.004150 -0.001831 -0.029193 0.008070 -0.003560
-0.012451 -0.005859 -0.005615 -0.024209 -0.011392 -0.010918
-0.013916 -0.008301 -0.011597 -0.027057 -0.016139 -0.022547
-0.020996 -0.007568 -0.016602 -0.040823 -0.014715 -0.032278
-0.023926 -0.013916 -0.016846 -0.046519 -0.027057 -0.032753
-0.021484 -0.017700 -0.017822 -0.041772 -0.034414 -0.034652
-0.017700 -0.011353 -0.021362 -0.034414 -0.022073 -0.041535
-0.014893 0.003296 -0.024658 -0.028956 0.006408 -0.047943
-0.012329 0.011597 -0.026367 -0.023971 0.022547 -0.051266
-0.012817 0.016968 -0.025879 -0.024921 0.032990 -0.050316
-0.019409 0.019043 -0.022461 -0.037737 0.037025 -0.043671
-0.025635 0.020752 -0.023071 -0.049841 0.040348 -0.044857
-0.033203 0.018799 -0.028687 -0.064557 0.036550 -0.055775
-0.043213 0.017212 -0.034424 -0.084018 0.033465 -0.066930
-0.057983 0.017822 -0.042603 -0.112737 0.034652 -0.082832
-0.075562 0.020996 -0.052124 -0.146914 0.040823 -0.101344
-0.090088 0.022339 -0.052490 -0.175157 0.043433 -0.102056
-0.103394 0.023560 -0.047852 -0.201027 0.045807 -0.093037
-0.122314 0.029419 -0.042725 -0.237815 0.057199 -0.083069
-0.145142 0.031616 -0.043457 -0.282198 0.061471 -0.084493
-0.174927 0.021729 -0.048462 -0.340109 0.042247 -0.094224
-0.213135 0.018555 -0.053345 -0.414396 0.036076 -0.103718
-0.250244 0.022949 -0.050659 -0.486548 0.044620 -0.098496
-0.278809 0.044800 -0.044556 -0.542085 0.087104 -0.086629
-0.302734 0.075439 -0.037842 -0.588604 0.146676 -0.073575
-0.334717 0.119751 -0.032104 -0.650787 0.232831 -0.062420
-0.367554 0.160156 -0.030396 -0.714632 0.311390 -0.059098
-0.406372 0.206177 -0.043335 -0.790106 0.400868 -0.084256
-0.460815 0.231079 -0.072632 -0.895960 0.449285 -0.141217
-0.526245 0.234863 -0.102905 -1.023174 0.456643 -0.200078
-0.585693 0.215454 -0.122681 -1.138759 0.418906 -0.238527
-0.645752 0.194580 -0.146484 -1.255530 0.378320 -0.284808
-0.705200 0.154785 -0.155884 -1.371115 0.300947 -0.303084
-0.777344 0.102905 -0.175171 -1.511383 0.200078 -0.340583
-0.823730 0.064819 -0.177002 -1.601572 0.126028 -0.344143
-0.878418 0.041870 -0.179688 -1.707901 0.081408 -0.349365
-0.902710 0.052246 -0.164917 -1.755131 0.101582 -0.320647
-0.913086 0.092407 -0.124756 -1.775305 0.179667 -0.242562
-0.898682 0.131226 -0.088257 -1.747299 0.255141 -0.171597
-0.876465 0.149780 -0.061890 -1.704103 0.291217 -0.120332
-0.862671 0.163696 -0.043579 -1.677284 0.318273 -0.084730
-0.864868 0.153442 -0.054688 -1.681556 0.298337 -0.106328
-0.871338 0.122192 -0.069458 -1.694135 0.237578 -0.135047
-0.882202 0.073120 -0.095337 -1.715258 0.142167 -0.185363
-0.898438 0.041870 -0.136963 -1.746825 0.081408 -0.266296
-0.894531 0.030640 -0.165161 -1.739230 0.059572 -0.321121
-0.871094 0.044678 -0.173218 -1.693660 0.086867 -0.336786
-0.851196 0.068481 -0.173218 -1.654974 0.133148 -0.336786
-0.823975 0.100220 -0.166260 -1.602047 0.194856 -0.323257
-0.774902 0.142456 -0.162231 -1.506636 0.276976 -0.315425
-0.722900 0.166138 -0.186157 -1.405529 0.323020 -0.361944
-0.675659 0.146606 -0.200439 -1.313679 0.285046 -0.389713
-0.626465 0.110352 -0.189697 -1.218030 0.214556 -0.368827
-0.570068 0.078369 -0.163696 -1.108379 0.152372 -0.318273
-0.509888 0.065552 -0.121216 -0.991370 0.127452 -0.235679
-0.449951 0.076294 -0.068237 -0.874836 0.148338 -0.132673
-0.387817 0.086548 -0.024048 -0.754030 0.168274 -0.046756
-0.322021 0.096924 0.010132 -0.626104 0.188448 0.019699
-0.261108 0.093872 0.026001 -0.507671 0.182515 0.050553
-0.210571 0.083252 0.026001 -0.409412 0.161866 0.050553
-0.160278 0.055420 0.010132 -0.311628 0.107752 0.019699
-0.118042 0.035645 -0.005371 -0.229508 0.069303 -0.010443
-0.083008 0.006714 -0.012329 -0.161391 0.013054 -0.023971
-0.049194 -0.014160 -0.002930 -0.095648 -0.027531 -0.005696
-0.021973 -0.032837 0.017944 -0.042721 -0.063845 0.034889
0.008057 -0.036865 0.037842 0.015664 -0.071677 0.073575
0.034180 -0.031616 0.046021 0.066455 -0.061471 0.089477
0.052856 -0.025269 0.044678 0.102768 -0.049129 0.086867
0.064087 -0.024536 0.036743 0.124604 -0.047705 0.071439
0.068359 -0.032227 0.024780 0.132911 -0.062658 0.048180
0.076294 -0.041382 0.014648 0.148338 -0.080458 0.028481
0.085205 -0.042603 0.005493 0.165664 -0.082832 0.010680
0.085693 -0.051514 -0.001221 0.166613 -0.100158 -0.002373
0.092773 -0.056152 -0.000244 0.180379 -0.109177 -0.000475
0.107788 -0.051636 0.005737 0.209571 -0.100395 0.011155
0.123535 -0.044922 0.006592 0.240188 -0.087341 0.012816
0.134766 -0.044312 0.002808 0.262024 -0.086155 0.005459
0.144653 -0.044556 -0.001587 0.281248 -0.086629 -0.003085
0.141846 -0.061890 -0.020264 0.275789 -0.120332 -0.039398
0.142456 -0.117798 -0.053101 0.276976 -0.229033 -0.103243
0.153809 -0.162598 -0.081543 0.299049 -0.316137 -0.158543
0.165771 -0.226807 -0.115356 0.322308 -0.440978 -0.224287
0.189087 -0.274658 -0.104858 0.367640 -0.534016 -0.203875
0.221802 -0.287964 -0.050781 0.431247 -0.559886 -0.098734
0.265625 -0.247559 0.028931 0.516452 -0.481326 0.056250
0.318726 -0.171143 0.109863 0.619695 -0.332751 0.213606
0.373901 -0.092285 0.178589 0.726973 -0.179429 0.347229
0.429443 -0.026978 0.229370 0.834963 -0.052452 0.445962
0.490723 0.017212 0.284058 0.954108 0.033465 0.552291
0.540771 0.037109 0.335205 1.051417 0.072151 0.651736
0.573486 0.034180 0.355469 1.115025 0.066455 0.691135
0.583740 0.024048 0.358521 1.134961 0.046756 0.697068
0.591064 0.013306 0.351440 1.149202 0.025870 0.683303
0.603882 0.006470 0.338867 1.174122 0.012579 0.658857
0.615234 -0.000977 0.332275 1.196195 -0.001899 0.646040
0.620361 0.006470 0.323730 1.206163 0.012579 0.629426
0.616943 0.016968 0.308350 1.199518 0.032990 0.599522
0.622681 0.019165 0.303101 1.210673 0.037262 0.589316
0.640869 0.026855 0.312866 1.246037 0.052215 0.608303
