0.103149 0.014648 0.094116 0.200553 0.028481 0.182989
0.030029 0.067139 0.028687 0.058386 0.130537 0.055775
-0.010132 0.079102 -0.013184 -0.019699 0.153797 -0.025633
0.005371 0.090332 -0.062500 0.010443 0.175632 -0.121518
-0.015991 0.054199 -0.088135 -0.031092 0.105379 -0.171360
-0.040405 -0.026123 -0.084839 -0.078560 -0.050791 -0.164952
-0.058105 -0.055054 -0.066406 -0.112974 -0.107040 -0.129113
-0.078247 -0.028687 -0.033569 -0.152135 -0.055775 -0.065269
-0.095947 0.042603 -0.017944 -0.186549 0.082832 -0.034889
-0.093872 0.100464 -0.014404 -0.182515 0.195331 -0.028006
-0.070190 0.117188 0.004272 -0.136471 0.227847 0.008307
-0.037231 0.114258 0.030884 -0.072389 0.222151 0.060047
-0.020996 0.118286 0.041382 -0.040823 0.229983 0.080458
-0.021973 0.119141 0.038086 -0.042721 0.231644 0.074050
-0.029175 0.111938 0.029053 -0.056724 0.217641 0.056487
-0.038940 0.090210 0.021484 -0.075712 0.175394 0.041772
-0.041870 0.060547 0.016479 -0.081408 0.117721 0.032041
-0.036743 0.041748 0.012817 -0.071439 0.081170 0.024921
-0.030884 0.036865 0.009155 -0.060047 0.071677 0.017801
-0.033569 0.045898 0.003784 -0.065269 0.089240 0.007358
-0.050659 0.048706 -0.000854 -0.098496 0.094699 -0.001661
-0.064697 0.047485 -0.006470 -0.125790 0.092325 -0.012579
-0.078125 0.038086 -0.012817 -0.151898 0.074050 -0.024921
-0.084961 0.018188 -0.023804 -0.165189 0.035364 -0.046281
-0.090332 0.007080 -0.037964 -0.175632 0.013766 -0.073813
-0.098633 -0.001465 -0.046997 -0.191771 -0.002848 -0.091376
-0.107666 -0.010254 -0.050537 -0.209334 -0.019937 -0.098259
-0.120728 -0.007690 -0.053345 -0.234730 -0.014952 -0.103718
-0.129639 -0.004028 -0.059570 -0.252055 -0.007832 -0.115822
-0.131836 0.005737 -0.067139 -0.256328 0.011155 -0.130537
-0.144287 0.015625 -0.074341 -0.280536 0.030380 -0.144540
-0.162354 0.020386 -0.083740 -0.315663 0.039636 -0.162815
-0.172852 0.022705 -0.088257 -0.336074 0.044145 -0.171597
-0.182251 0.026001 -0.090210 -0.354349 0.050553 -0.175394
-0.206177 0.013916 -0.086182 -0.400868 0.027057 -0.167562
-0.236450 0.023193 -0.082275 -0.459728 0.045095 -0.159967
-0.266602 0.049927 -0.088379 -0.518351 0.097072 -0.171834
-0.308350 0.079590 -0.108276 -0.599522 0.154746 -0.210521
-0.353027 0.088501 -0.130859 -0.686388 0.172072 -0.254429
-0.395630 0.104370 -0.151611 -0.769220 0.202926 -0.294777
-0.435669 0.137695 -0.182617 -0.847067 0.267720 -0.355061
-0.471924 0.190063 -0.231323 -0.917558 0.369539 -0.449760
-0.503662 0.230347 -0.279663 -0.979266 0.447861 -0.543747
-0.536743 0.232910 -0.316772 -1.043585 0.452845 -0.615898
-0.555908 0.222656 -0.343262 -1.080848 0.432909 -0.667401
-0.562256 0.222778 -0.365234 -1.093189 0.433146 -0.710122
-0.570190 0.235596 -0.381104 -1.108616 0.458067 -0.740976
-0.594360 0.222168 -0.415405 -1.155610 0.431959 -0.807669
-0.600464 0.253784 -0.449463 -1.167477 0.493430 -0.873887
-0.616943 0.297852 -0.459595 -1.199518 0.579110 -0.893586
-0.638062 0.335083 -0.468994 -1.240578 0.651499 -0.911861
-0.646606 0.349121 -0.468140 -1.257192 0.678793 -0.910200
-0.654541 0.317261 -0.457397 -1.272619 0.616847 -0.889314
-0.665161 0.285767 -0.434448 -1.293267 0.555614 -0.844694
-0.653320 0.250732 -0.423706 -1.270245 0.487497 -0.823808
-0.636353 0.202026 -0.429688 -1.237255 0.392798 -0.835438
-0.626343 0.169312 -0.445801 -1.217793 0.329191 -0.866767
-0.629883 0.159912 -0.479736 -1.224676 0.310916 -0.932747
-0.623047 0.158325 -0.503174 -1.211385 0.307830 -0.978317
-0.599609 0.158203 -0.503784 -1.165815 0.307593 -0.979503
-0.589355 0.162598 -0.501343 -1.145879 0.316137 -0.974757
-0.580688 0.164551 -0.506226 -1.129028 0.319935 -0.984250
-0.554932 0.157959 -0.500488 -1.078949 0.307118 -0.973095
-0.522827 0.134888 -0.489624 -1.016528 0.262261 -0.951972
-0.490234 0.105591 -0.496948 -0.953159 0.205299 -0.966212
-0.457886 0.053467 -0.498535 -0.890263 0.103955 -0.969298
-0.421997 -0.006104 -0.478516 -0.820485 -0.011867 -0.930374
-0.390503 -0.052734 -0.438354 -0.759252 -0.102531 -0.852289
-0.363281 -0.073730 -0.383667 -0.706325 -0.143354 -0.745961
-0.359985 -0.059448 -0.330444 -0.699916 -0.115585 -0.642480
-0.365845 -0.087524 -0.304443 -0.711309 -0.170173 -0.591927
-0.282471 -0.114014 -0.243652 -0.549205 -0.221676 -0.473731
-0.196167 -0.110718 -0.182983 -0.381406 -0.215268 -0.355773
-0.155029 -0.098022 -0.154663 -0.301422 -0.190584 -0.300710
-0.134644 -0.134155 -0.139771 -0.261786 -0.260837 -0.271755
-0.107544 -0.127808 -0.139038 -0.209097 -0.248495 -0.270331
-0.053955 -0.126465 -0.122559 -0.104904 -0.245885 -0.238290
0.006592 -0.153442 -0.079224 0.012816 -0.298337 -0.154034
0.044800 -0.157471 -0.020752 0.087104 -0.306169 -0.040348
0.051392 -0.154053 0.022827 0.099920 -0.299523 0.044383
0.057617 -0.155151 0.054810 0.112025 -0.301659 0.106566
0.074463 -0.147583 0.090210 0.144778 -0.286944 0.175394
0.078735 -0.147705 0.122437 0.153084 -0.287182 0.238052
0.062500 -0.171387 0.132446 0.121518 -0.333226 0.257514
0.044922 -0.197876 0.122314 0.087341 -0.384729 0.237815
0.040894 -0.202026 0.092773 0.079509 -0.392798 0.180379
0.054199 -0.193604 0.051880 0.105379 -0.376422 0.100870
0.059448 -0.186523 0.008911 0.115585 -0.362656 0.017326
0.056030 -0.188354 -0.026611 0.108939 -0.366216 -0.051740
0.056030 -0.192749 -0.044922 0.108939 -0.374760 -0.087341
0.050659 -0.182617 -0.043091 0.098496 -0.355061 -0.083781
0.037231 -0.149048 -0.036987 0.072389 -0.289792 -0.071914
0.028564 -0.115601 -0.021729 0.055538 -0.224761 -0.042247
0.037720 -0.096558 0.015137 0.073338 -0.187736 0.029430
0.053955 -0.088501 0.052246 0.104904 -0.172072 0.101582
0.057007 -0.090332 0.094482 0.110838 -0.175632 0.183701
0.052246 -0.099731 0.131714 0.101582 -0.193907 0.256090
0.052612 -0.110107 0.160889 0.102294 -0.214081 0.312815
0.064697 -0.127197 0.187866 0.125790 -0.247309 0.365267
0.077271 -0.119995 0.208130 0.150236 -0.233305 0.404665
0.089355 -0.101074 0.227539 0.173733 -0.196518 0.442402
0.114258 -0.097656 0.249878 0.222151 -0.189872 0.485836
0.135742 -0.112793 0.284668 0.263922 -0.219302 0.553478
0.148315 -0.131104 0.317993 0.288368 -0.254903 0.618271
0.151733 -0.132813 0.356812 0.295014 -0.258226 0.693746
0.167358 -0.136597 0.405273 0.325394 -0.265584 0.787970
0.200439 -0.133667 0.460205 0.389713 -0.259888 0.894773
0.229248 -0.123413 0.506958 0.445725 -0.239951 0.985674
0.254883 -0.096436 0.545044 0.495567 -0.187499 1.059724
0.280396 -0.074341 0.588135 0.545171 -0.144540 1.143505
0.303711 -0.061279 0.646606 0.590503 -0.119145 1.257192
0.310669 -0.040894 0.707031 0.604031 -0.079509 1.374675
0.301025 -0.015625 0.758545 0.585281 -0.030380 1.474833
0.306763 0.003052 0.796265 0.596436 0.005934 1.548171
0.336670 0.001465 0.815063 0.654585 0.002848 1.584721
0.364746 -0.018921 0.811157 0.709173 -0.036788 1.577126
0.371582 -0.045166 0.783081 0.722464 -0.087816 1.522538
0.358398 -0.076782 0.746338 0.696831 -0.149287 1.451098
0.352417 -0.103271 0.733276 0.685201 -0.200790 1.425703
0.361694 -0.116577 0.745728 0.703239 -0.226660 1.449912
0.365356 -0.100464 0.750732 0.710359 -0.195331 1.459643
0.359619 -0.072144 0.736572 0.699205 -0.140268 1.432111
0.348389 -0.033936 0.712646 0.677369 -0.065981 1.385593
0.350220 -0.012329 0.683472 0.680929 -0.023971 1.328868
0.354736 0.000488 0.666260 0.689711 0.000949 1.295403
0.339844 0.015747 0.648438 0.660755 0.030617 1.260752
0.319336 0.032349 0.625854 0.620882 0.062895 1.216844
0.307251 0.058960 0.605591 0.597386 0.114635 1.177445
0.302368 0.084229 0.575439 0.587892 0.163765 1.118822
0.282715 0.106812 0.523560 0.549680 0.207673 1.017952
0.253418 0.110718 0.461426 0.492718 0.215268 0.897146
0.233765 0.098999 0.396851 0.454507 0.192483 0.771593
0.209717 0.081665 0.339966 0.407751 0.158781 0.660993
0.190186 0.069092 0.290039 0.369776 0.134335 0.563920
0.180786 0.076904 0.244873 0.351501 0.149524 0.476105
0.171143 0.094849 0.195557 0.332751 0.184413 0.380219
0.155518 0.107666 0.148193 0.302372 0.209334 0.288131
0.139648 0.091675 0.109863 0.271517 0.178243 0.213606
0.124512 0.052490 0.079834 0.242087 0.102056 0.155221
0.105469 0.014893 0.064941 0.205062 0.028956 0.126265
0.085083 -0.002075 0.072754 0.165426 -0.004035 0.141455
0.065674 0.007080 0.084961 0.127689 0.013766 0.165189
0.042114 0.017456 0.087646 0.081882 0.033940 0.170410
0.020508 0.016235 0.077271 0.039873 0.031566 0.150236
0.014648 0.011230 0.056763 0.028481 0.021835 0.110363
0.014038 0.003540 0.032104 0.027294 0.006883 0.062420
0.006592 -0.002197 0.001587 0.012816 -0.004272 0.003085
0.000366 -0.007690 -0.020264 0.000712 -0.014952 -0.039398
-0.002075 -0.013306 -0.032959 -0.004035 -0.025870 -0.064082
-0.005981 -0.021362 -0.037598 -0.011630 -0.041535 -0.073101
