0.101440 -0.223389 -0.082153 0.197230 -0.434333 -0.159730
-0.037109 -0.210205 -0.151245 -0.072151 -0.408700 -0.294065
-0.091187 -0.168457 -0.193970 -0.177293 -0.327530 -0.377134
-0.093384 -0.119751 -0.202148 -0.181565 -0.232831 -0.393036
-0.120483 -0.143433 -0.139893 -0.234255 -0.278875 -0.271992
-0.154175 -0.129028 -0.081787 -0.299761 -0.250869 -0.159018
-0.174683 -0.089111 -0.037598 -0.339634 -0.173258 -0.073101
-0.186768 -0.060547 -0.015137 -0.363131 -0.117721 -0.029430
-0.186523 -0.039429 -0.024536 -0.362656 -0.076661 -0.047705
-0.179077 -0.035889 -0.041504 -0.348178 -0.069778 -0.080696
-0.174927 -0.017334 -0.053467 -0.340109 -0.033702 -0.103955
-0.189209 0.011108 -0.061646 -0.367877 0.021598 -0.119857
-0.207153 0.014648 -0.058594 -0.402766 0.028481 -0.113923
-0.218750 0.018188 -0.040771 -0.425314 0.035364 -0.079272
-0.225830 0.044922 -0.013306 -0.439080 0.087341 -0.025870
-0.242310 0.090210 0.017090 -0.471120 0.175394 0.033228
-0.271484 0.135742 0.039551 -0.527845 0.263922 0.076898
-0.315796 0.178467 0.025879 -0.613999 0.346992 0.050316
-0.362305 0.195801 -0.021362 -0.704426 0.380694 -0.041535
-0.409668 0.197388 -0.091919 -0.796514 0.383779 -0.178717
-0.459473 0.170044 -0.156250 -0.893349 0.330615 -0.303796
-0.499634 0.126587 -0.204834 -0.971434 0.246122 -0.398257
-0.533813 0.091919 -0.228027 -1.037889 0.178717 -0.443352
-0.575806 0.072510 -0.227051 -1.119534 0.140980 -0.441453
-0.602905 0.099365 -0.216187 -1.172224 0.193195 -0.420330
-0.615723 0.140137 -0.200806 -1.197144 0.272467 -0.390425
-0.623535 0.186646 -0.190674 -1.212334 0.362893 -0.370726
-0.635742 0.196289 -0.192627 -1.236068 0.381643 -0.374523
-0.667969 0.160645 -0.197876 -1.298726 0.312340 -0.384729
-0.692139 0.124390 -0.186646 -1.345719 0.241850 -0.362893
-0.694214 0.094849 -0.167847 -1.349754 0.184413 -0.326343
-0.688843 0.085449 -0.136719 -1.339311 0.166138 -0.265821
-0.682495 0.100586 -0.107544 -1.326970 0.195568 -0.209097
-0.677490 0.122925 -0.101196 -1.317239 0.239002 -0.196755
-0.681641 0.131226 -0.112915 -1.325308 0.255141 -0.219540
-0.699341 0.122192 -0.142700 -1.359722 0.237578 -0.277451
-0.748535 0.111816 -0.199219 -1.455371 0.217404 -0.387339
-0.795044 0.062134 -0.253784 -1.545797 0.120806 -0.493430
-0.828857 -0.000610 -0.290894 -1.611541 -0.001187 -0.565582
-0.842651 -0.041016 -0.295776 -1.638360 -0.079746 -0.575076
-0.824463 -0.076660 -0.250366 -1.602996 -0.149050 -0.486785
-0.793335 -0.049316 -0.176147 -1.542475 -0.095885 -0.342482
-0.753296 0.000977 -0.101807 -1.464627 0.001899 -0.197942
-0.716431 0.053101 -0.050293 -1.392950 0.103243 -0.097784
-0.697510 0.071411 -0.040771 -1.356162 0.138844 -0.079272
-0.673828 0.062134 -0.057007 -1.310118 0.120806 -0.110838
-0.642700 0.036987 -0.094360 -1.249597 0.071914 -0.183464
-0.619629 -0.000610 -0.146240 -1.204739 -0.001187 -0.284334
-0.598267 -0.027466 -0.177246 -1.163205 -0.053402 -0.344618
-0.568359 -0.021118 -0.171631 -1.105056 -0.041060 -0.333700
-0.522949 -0.005371 -0.137695 -1.016766 -0.010443 -0.267720
-0.471191 0.019775 -0.089111 -0.916134 0.038449 -0.173258
-0.411011 0.040649 -0.050049 -0.799125 0.079034 -0.097310
-0.363281 0.071167 -0.012939 -0.706325 0.138369 -0.025158
-0.334351 0.088135 -0.003784 -0.650075 0.171360 -0.007358
-0.305420 0.082031 -0.025757 -0.593825 0.159493 -0.050079
-0.280396 0.071045 -0.048218 -0.545171 0.138132 -0.093749
-0.259033 0.060913 -0.069946 -0.503636 0.118433 -0.135996
-0.235107 0.036621 -0.094360 -0.457117 0.071202 -0.183464
-0.211914 0.022949 -0.096924 -0.412023 0.044620 -0.188448
-0.188354 0.014771 -0.084351 -0.366216 0.028718 -0.164002
-0.161011 0.023804 -0.057129 -0.313052 0.046281 -0.111075
-0.134277 0.028687 -0.033081 -0.261074 0.055775 -0.064319
-0.107422 0.043579 -0.025635 -0.208859 0.084730 -0.049841
-0.091309 0.058960 -0.030518 -0.177531 0.114635 -0.059335
-0.076416 0.066284 -0.043701 -0.148575 0.128876 -0.084968
-0.054199 0.058716 -0.052002 -0.105379 0.114161 -0.101107
-0.032715 0.036255 -0.051880 -0.063607 0.070490 -0.100870
-0.015747 0.026123 -0.042847 -0.030617 0.050791 -0.083306
-0.003174 0.031006 -0.023804 -0.006171 0.060284 -0.046281
0.011719 0.039551 -0.004272 0.022785 0.076898 -0.008307
0.031738 0.043579 0.006348 0.061708 0.084730 0.012342
0.045532 0.041870 0.008057 0.088528 0.081408 0.015664
0.042480 0.026001 0.003296 0.082594 0.050553 0.006408
0.043091 -0.008667 0.005371 0.083781 -0.016851 0.010443
0.056885 -0.027100 0.022827 0.110601 -0.052690 0.044383
0.071533 -0.018433 0.051270 0.139081 -0.035838 0.099683
0.091919 -0.007935 0.074951 0.178717 -0.015427 0.145727
0.117188 -0.008911 0.083862 0.227847 -0.017326 0.163053
0.130249 -0.017578 0.081177 0.253242 -0.034177 0.157831
0.126465 -0.026367 0.074463 0.245885 -0.051266 0.144778
0.128296 -0.040283 0.073975 0.249445 -0.078322 0.143828
0.142334 -0.050293 0.083984 0.276739 -0.097784 0.163290
0.170044 -0.060303 0.102783 0.330615 -0.117246 0.199841
0.201416 -0.077148 0.125854 0.391611 -0.149999 0.244698
0.227417 -0.091797 0.156006 0.442165 -0.178480 0.303321
0.255859 -0.093262 0.181885 0.497465 -0.181328 0.353637
0.287109 -0.093994 0.201294 0.558224 -0.182752 0.391374
0.322266 -0.101685 0.232910 0.626578 -0.197704 0.452845
0.346680 -0.100952 0.277954 0.674046 -0.196280 0.540424
0.374756 -0.108398 0.293213 0.728635 -0.210758 0.570091
0.389771 -0.110107 0.296997 0.757828 -0.214081 0.577449
0.398315 -0.120850 0.297241 0.774441 -0.234967 0.577924
0.425781 -0.129272 0.296509 0.827843 -0.251343 0.576500
0.453613 -0.134277 0.299805 0.881957 -0.261074 0.582908
0.482544 -0.141357 0.317993 0.938206 -0.274840 0.618271
0.506592 -0.117310 0.355591 0.984962 -0.228084 0.691372
0.528442 -0.097778 0.384521 1.027446 -0.190110 0.747622
0.537720 -0.101929 0.389648 1.045484 -0.198179 0.757590
0.535034 -0.105103 0.389771 1.040262 -0.204350 0.757828
0.539551 -0.130737 0.374634 1.049044 -0.254191 0.728397
0.540771 -0.157837 0.352051 1.051417 -0.306881 0.684489
0.549194 -0.159912 0.349976 1.067794 -0.310916 0.680455
0.570313 -0.120972 0.359619 1.108854 -0.235204 0.699205
0.588135 -0.089966 0.363281 1.143505 -0.174920 0.706325
0.586426 -0.069458 0.364380 1.140183 -0.135047 0.708461
0.569458 -0.056763 0.356445 1.107192 -0.110363 0.693034
0.549194 -0.066406 0.336670 1.067794 -0.129113 0.654585
0.518188 -0.091797 0.300659 1.007509 -0.178480 0.584569
0.489258 -0.120239 0.263916 0.951260 -0.233780 0.513130
0.480347 -0.135376 0.257813 0.933934 -0.263210 0.501263
0.474976 -0.109863 0.267090 0.923491 -0.213606 0.519301
0.464966 -0.081177 0.276978 0.904029 -0.157831 0.538525
0.446655 -0.045532 0.281860 0.868428 -0.088528 0.548019
0.421265 -0.034424 0.264404 0.819061 -0.066930 0.514079
0.378662 -0.046265 0.221924 0.736230 -0.089952 0.431485
0.325317 -0.061035 0.168335 0.632512 -0.118670 0.327292
0.280029 -0.073242 0.123901 0.544459 -0.142404 0.240900
0.254883 -0.076660 0.100098 0.495567 -0.149050 0.194619
0.246582 -0.074829 0.103027 0.479427 -0.145490 0.200315
0.243652 -0.071777 0.125000 0.473731 -0.139556 0.243036
0.233276 -0.060547 0.148193 0.453557 -0.117721 0.288131
0.214233 -0.040161 0.158203 0.416532 -0.078085 0.307593
0.200195 -0.023926 0.152832 0.389238 -0.046519 0.297150
0.185181 -0.011841 0.131226 0.360045 -0.023022 0.255141
0.163940 -0.012695 0.096436 0.318748 -0.024683 0.187499
0.137573 -0.016113 0.054565 0.267482 -0.031329 0.106091
0.104004 -0.026489 0.015259 0.202214 -0.051503 0.029668
0.082275 -0.038452 -0.009033 0.159967 -0.074762 -0.017563
0.073486 -0.036621 -0.011230 0.142879 -0.071202 -0.021835
0.063599 -0.021362 -0.005981 0.123654 -0.041535 -0.011630
0.046631 -0.004395 -0.008423 0.090664 -0.008544 -0.016376
0.027344 0.004883 -0.014893 0.053164 0.009494 -0.028956
0.010986 0.005615 -0.028076 0.021361 0.010918 -0.054588
-0.003296 0.000854 -0.048950 -0.006408 0.001661 -0.095173
-0.019775 -0.000977 -0.067993 -0.038449 -0.001899 -0.132199
-0.037476 -0.001099 -0.079956 -0.072863 -0.002136 -0.155458
-0.052368 0.001953 -0.083862 -0.101819 0.003797 -0.163053
-0.065918 0.004028 -0.084473 -0.128164 0.007832 -0.164239
-0.071655 -0.002441 -0.078125 -0.139319 -0.004747 -0.151898
-0.062012 -0.003296 -0.070190 -0.120569 -0.006408 -0.136471
-0.055176 0.004761 -0.068604 -0.107278 0.009256 -0.133385
-0.063232 0.009766 -0.069336 -0.122942 0.018987 -0.134809
-0.069580 0.013062 -0.074951 -0.135284 0.025395 -0.145727
-0.066284 0.009033 -0.076050 -0.128876 0.017563 -0.147863
-0.059082 -0.004395 -0.073242 -0.114873 -0.008544 -0.142404
-0.062622 -0.021118 -0.063232 -0.121756 -0.041060 -0.122942
-0.073608 -0.038086 -0.051147 -0.143116 -0.074050 -0.099446
-0.068237 -0.036133 -0.044556 -0.132673 -0.070253 -0.086629
-0.053833 -0.028320 -0.041870 -0.104667 -0.055063 -0.081408
