-0.291016 -0.250366 -0.062256 -0.565819 -0.486785 -0.121044
-0.386841 -0.245850 -0.132080 -0.752131 -0.478003 -0.256802
-0.539429 -0.285645 -0.207886 -1.048807 -0.555376 -0.404191
-0.592529 -0.301025 -0.263672 -1.152050 -0.585281 -0.512655
-0.648438 -0.322754 -0.222412 -1.260752 -0.627528 -0.432434
-0.666870 -0.316650 -0.146729 -1.296590 -0.615661 -0.285283
-0.654297 -0.240479 -0.126953 -1.272144 -0.467560 -0.246834
-0.666260 -0.201172 -0.149170 -1.295403 -0.391137 -0.290030
-0.680664 -0.166138 -0.151123 -1.323409 -0.323020 -0.293827
-0.699341 -0.119141 -0.137695 -1.359722 -0.231644 -0.267720
-0.725464 -0.063232 -0.114502 -1.410513 -0.122942 -0.222625
-0.743042 0.012085 -0.103760 -1.444690 0.023497 -0.201739
-0.744263 0.065430 -0.077271 -1.447064 0.127214 -0.150236
-0.726807 0.089966 -0.050049 -1.413124 0.174920 -0.097310
-0.712646 0.079712 -0.042603 -1.385593 0.154983 -0.082832
-0.721680 0.052856 -0.066284 -1.403156 0.102768 -0.128876
-0.735840 0.018677 -0.108398 -1.430687 0.036313 -0.210758
-0.736450 0.008057 -0.151733 -1.431874 0.015664 -0.295014
-0.718140 -0.015503 -0.187622 -1.396273 -0.030142 -0.364792
-0.698120 -0.018921 -0.192749 -1.357349 -0.036788 -0.374760
-0.674805 -0.040405 -0.189453 -1.312017 -0.078560 -0.368352
-0.645630 -0.065796 -0.172607 -1.255293 -0.127926 -0.335599
-0.609497 -0.071289 -0.151245 -1.185040 -0.138607 -0.294065
-0.566406 -0.048706 -0.134399 -1.101259 -0.094699 -0.261312
-0.507935 -0.029419 -0.110596 -0.987573 -0.057199 -0.215030
-0.440918 0.000244 -0.079956 -0.857273 0.000475 -0.155458
-0.383057 0.041504 -0.050903 -0.744774 0.080696 -0.098971
-0.335938 0.063965 -0.033203 -0.653160 0.124366 -0.064557
-0.297241 0.072266 -0.017944 -0.577924 0.140505 -0.034889
-0.260742 0.045044 0.001953 -0.506959 0.087579 0.003797
-0.255127 0.026123 -0.031128 -0.496041 0.050791 -0.060522
-0.243164 -0.024414 -0.053833 -0.472782 -0.047468 -0.104667
-0.198486 -0.040649 -0.024902 -0.385915 -0.079034 -0.048417
-0.166748 -0.036499 -0.020996 -0.324207 -0.070965 -0.040823
-0.150757 -0.049683 -0.027954 -0.293115 -0.096597 -0.054351
-0.121704 -0.065796 -0.017334 -0.236628 -0.127926 -0.033702
-0.088257 -0.057739 -0.007324 -0.171597 -0.112262 -0.014240
-0.066528 -0.044678 -0.008911 -0.129350 -0.086867 -0.017326
-0.044800 -0.037231 -0.013550 -0.087104 -0.072389 -0.026345
-0.025024 -0.026855 -0.014038 -0.048655 -0.052215 -0.027294
-0.011353 -0.029053 -0.007446 -0.022073 -0.056487 -0.014478
0.007568 -0.036011 -0.001953 0.014715 -0.070015 -0.003797
0.031006 -0.046021 0.000977 0.060284 -0.089477 0.001899
0.053467 -0.052124 0.009766 0.103955 -0.101344 0.018987
0.072876 -0.051758 0.022705 0.141692 -0.100632 0.044145
0.089111 -0.043457 0.027222 0.173258 -0.084493 0.052927
0.113159 -0.036011 0.037476 0.220014 -0.070015 0.072863
0.125732 -0.026367 0.047607 0.244460 -0.051266 0.092563
0.136597 -0.039795 0.058472 0.265584 -0.077373 0.113686
0.144531 -0.033691 0.063354 0.281011 -0.065506 0.123180
0.155029 -0.032593 0.071533 0.301422 -0.063370 0.139081
0.169556 -0.030029 0.084106 0.329666 -0.058386 0.163527
0.178711 -0.041748 0.093140 0.347466 -0.081170 0.181091
0.188721 -0.046631 0.088623 0.366928 -0.090664 0.172309
0.201294 -0.054443 0.086304 0.391374 -0.105854 0.167800
0.220337 -0.046021 0.098145 0.428399 -0.089477 0.190822
0.243774 -0.035522 0.110962 0.473969 -0.069066 0.215742
0.266113 -0.027466 0.128418 0.517402 -0.053402 0.249682
0.283691 -0.019653 0.155518 0.551579 -0.038212 0.302372
0.299072 -0.013184 0.162476 0.581484 -0.025633 0.315900
0.314453 -0.016235 0.170410 0.611389 -0.031566 0.331327
0.333252 -0.022461 0.183960 0.647939 -0.043671 0.357672
0.348267 -0.032593 0.193359 0.677132 -0.063370 0.375947
0.364990 -0.052612 0.215576 0.709647 -0.102294 0.419143
0.385010 -0.063110 0.248291 0.748571 -0.122705 0.482750
0.411987 -0.063232 0.279175 0.801023 -0.122942 0.542797
0.432983 -0.051270 0.305664 0.841846 -0.099683 0.594300
0.446899 -0.046753 0.327148 0.868903 -0.090901 0.636072
0.457397 -0.035522 0.343506 0.889314 -0.069066 0.667876
0.459595 -0.030151 0.348267 0.893586 -0.058623 0.677132
0.458252 -0.026001 0.343384 0.890975 -0.050553 0.667638
0.465942 -0.037598 0.327881 0.905928 -0.073101 0.637496
0.471680 -0.051514 0.324463 0.917083 -0.100158 0.630850
0.480469 -0.063721 0.329590 0.934171 -0.123892 0.640819
0.497925 -0.063232 0.338989 0.968111 -0.122942 0.659094
0.500854 -0.060059 0.359985 0.973807 -0.116771 0.699916
0.500732 -0.047729 0.385986 0.973570 -0.092800 0.750470
0.502686 -0.028809 0.407104 0.977367 -0.056012 0.791530
0.503784 -0.017578 0.416016 0.979503 -0.034177 0.808856
0.501831 -0.023804 0.412720 0.975706 -0.046281 0.802447
0.491333 -0.036987 0.404175 0.955295 -0.071914 0.785834
0.484253 -0.045166 0.388184 0.941529 -0.087816 0.754742
0.480469 -0.055420 0.372192 0.934171 -0.107752 0.723651
0.466675 -0.054077 0.359863 0.907352 -0.105142 0.699679
0.448242 -0.047974 0.353149 0.871514 -0.093275 0.686625
0.435303 -0.045654 0.348511 0.846355 -0.088765 0.677607
0.416382 -0.057373 0.337524 0.809568 -0.111550 0.656246
0.385132 -0.073242 0.314575 0.748809 -0.142404 0.611626
0.358887 -0.072632 0.284302 0.697780 -0.141217 0.552766
0.337036 -0.054932 0.250610 0.655297 -0.106803 0.487260
0.319092 -0.030273 0.214478 0.620408 -0.058860 0.417007
0.310547 -0.019043 0.184692 0.603794 -0.037025 0.359096
0.305542 -0.010376 0.172729 0.594063 -0.020174 0.335836
0.292725 0.002075 0.163940 0.569142 0.004035 0.318748
0.278076 0.014526 0.154663 0.540661 0.028243 0.300710
0.261597 0.024902 0.146606 0.508620 0.048417 0.285046
0.244629 0.026245 0.134277 0.475630 0.051028 0.261074
0.227661 0.023193 0.119141 0.442640 0.045095 0.231644
0.204712 0.024536 0.100830 0.398020 0.047705 0.196043
0.183472 0.018433 0.084717 0.356722 0.035838 0.164714
0.156982 0.017090 0.066528 0.305220 0.033228 0.129350
0.131226 0.012695 0.042603 0.255141 0.024683 0.082832
0.116577 0.008179 0.023682 0.226660 0.015902 0.046044
0.101807 0.006470 0.016235 0.197942 0.012579 0.031566
0.083374 0.007324 0.010376 0.162103 0.014240 0.020174
0.067505 0.009277 0.009644 0.131249 0.018038 0.018750
0.050293 0.015747 0.008301 0.097784 0.030617 0.016139
0.028687 0.018555 -0.003784 0.055775 0.036076 -0.007358
0.017578 0.014404 -0.020630 0.034177 0.028006 -0.040111
0.013062 0.006836 -0.028442 0.025395 0.013291 -0.055300
-0.000732 0.004028 -0.032593 -0.001424 0.007832 -0.063370
-0.020020 0.002686 -0.043091 -0.038924 0.005221 -0.083781
-0.026978 -0.003418 -0.048218 -0.052452 -0.006646 -0.093749
-0.029053 -0.003296 -0.042236 -0.056487 -0.006408 -0.082120
-0.041992 -0.003784 -0.042114 -0.081645 -0.007358 -0.081882
-0.051880 -0.009277 -0.051392 -0.100870 -0.018038 -0.099920
-0.059937 -0.017700 -0.060547 -0.116534 -0.034414 -0.117721
-0.070557 -0.030273 -0.066772 -0.137183 -0.058860 -0.129825
-0.075073 -0.037598 -0.072388 -0.145964 -0.073101 -0.140743
-0.076538 -0.040894 -0.072876 -0.148812 -0.079509 -0.141692
-0.078491 -0.038086 -0.068604 -0.152610 -0.074050 -0.133385
-0.076660 -0.038330 -0.061279 -0.149050 -0.074525 -0.119145
-0.073242 -0.034546 -0.051514 -0.142404 -0.067167 -0.100158
-0.071411 -0.030273 -0.045532 -0.138844 -0.058860 -0.088528
-0.067139 -0.023560 -0.045410 -0.130537 -0.045807 -0.088291
-0.062744 -0.017944 -0.047241 -0.121993 -0.034889 -0.091851
-0.060425 -0.016968 -0.048096 -0.117483 -0.032990 -0.093512
-0.063110 -0.018555 -0.048584 -0.122705 -0.036076 -0.094461
-0.072144 -0.024048 -0.050903 -0.140268 -0.046756 -0.098971
-0.077148 -0.027466 -0.052124 -0.149999 -0.053402 -0.101344
-0.077637 -0.028198 -0.052612 -0.150948 -0.054826 -0.102294
-0.073364 -0.031128 -0.053223 -0.142642 -0.060522 -0.103480
-0.070435 -0.032227 -0.051880 -0.136945 -0.062658 -0.100870
-0.071289 -0.035400 -0.048218 -0.138607 -0.068829 -0.093749
-0.064819 -0.033569 -0.045288 -0.126028 -0.065269 -0.088053
-0.061646 -0.029053 -0.042725 -0.119857 -0.056487 -0.083069
-0.061035 -0.030762 -0.042603 -0.118670 -0.059810 -0.082832
-0.057373 -0.029785 -0.043457 -0.111550 -0.057911 -0.084493
-0.052246 -0.028931 -0.043335 -0.101582 -0.056250 -0.084256
-0.047974 -0.027344 -0.041138 -0.093275 -0.053164 -0.079984
-0.046753 -0.026123 -0.038208 -0.090901 -0.050791 -0.074288
-0.047974 -0.022827 -0.035400 -0.093275 -0.044383 -0.068829
-0.047363 -0.017822 -0.036621 -0.092088 -0.034652 -0.071202
-0.048706 -0.012329 -0.043457 -0.094699 -0.023971 -0.084493
-0.054321 -0.011597 -0.049683 -0.105616 -0.022547 -0.096597
-0.062012 -0.010254 -0.052612 -0.120569 -0.019937 -0.102294
-0.065552 -0.010986 -0.056763 -0.127452 -0.021361 -0.110363
-0.062500 -0.012695 -0.054688 -0.121518 -0.024683 -0.106328
-0.060791 -0.014771 -0.047119 -0.118195 -0.028718 -0.091613
-0.058105 -0.014160 -0.038696 -0.112974 -0.027531 -0.075237
