0.156372 -0.304688 0.091919 0.304033 -0.592401 0.178717
0.031250 -0.311279 0.049194 0.060759 -0.605218 0.095648
0.062500 -0.266479 0.064941 0.121518 -0.518114 0.126265
0.042969 -0.251343 0.068481 0.083544 -0.488684 0.133148
-0.001831 -0.206787 0.055908 -0.003560 -0.402054 0.108702
-0.061768 -0.132080 -0.010498 -0.120094 -0.256802 -0.020411
-0.109619 -0.086914 -0.067017 -0.213132 -0.168986 -0.130300
-0.127930 -0.062500 -0.084717 -0.248733 -0.121518 -0.164714
-0.125610 -0.051270 -0.082397 -0.244223 -0.099683 -0.160205
-0.109131 -0.043335 -0.062012 -0.212182 -0.084256 -0.120569
-0.099365 -0.021851 -0.043335 -0.193195 -0.042484 -0.084256
-0.097900 -0.000854 -0.027466 -0.190347 -0.001661 -0.053402
-0.094482 -0.000244 -0.014771 -0.183701 -0.000475 -0.028718
-0.107300 0.019775 -0.031250 -0.208622 0.038449 -0.060759
-0.117554 0.027710 -0.040527 -0.228559 0.053876 -0.078797
-0.112671 0.034302 -0.037476 -0.219065 0.066693 -0.072863
-0.121338 0.057617 -0.053711 -0.235916 0.112025 -0.104430
-0.127808 0.055664 -0.060791 -0.248495 0.108227 -0.118195
-0.131470 0.047974 -0.061157 -0.255615 0.093275 -0.118907
-0.137573 0.049683 -0.062744 -0.267482 0.096597 -0.121993
-0.143433 0.039917 -0.049927 -0.278875 0.077610 -0.097072
-0.159668 0.050659 -0.059570 -0.310441 0.098496 -0.115822
-0.164429 0.039917 -0.070190 -0.319697 0.077610 -0.136471
-0.166992 0.018433 -0.085083 -0.324682 0.035838 -0.165426
-0.183716 -0.008911 -0.109619 -0.357197 -0.017326 -0.213132
-0.202515 -0.024048 -0.130249 -0.393748 -0.046756 -0.253242
-0.220093 -0.011841 -0.140503 -0.427925 -0.023022 -0.273179
-0.237915 0.016968 -0.139771 -0.462576 0.032990 -0.271755
-0.254517 0.062744 -0.127563 -0.494854 0.121993 -0.248021
-0.277222 0.125732 -0.116821 -0.539000 0.244460 -0.227135
-0.306885 0.183105 -0.122681 -0.596673 0.356010 -0.238527
-0.343628 0.218872 -0.151855 -0.668113 0.425551 -0.295251
-0.377197 0.225586 -0.173950 -0.733381 0.438605 -0.338210
-0.416748 0.229126 -0.191284 -0.810280 0.445488 -0.371912
-0.461304 0.219116 -0.199585 -0.896909 0.426026 -0.388051
-0.504761 0.201538 -0.199097 -0.981402 0.391849 -0.387102
-0.548096 0.186523 -0.197998 -1.065658 0.362656 -0.384966
-0.581665 0.178101 -0.197876 -1.130926 0.346279 -0.384729
-0.620850 0.179565 -0.215698 -1.207113 0.349128 -0.419380
-0.667358 0.190186 -0.245728 -1.297539 0.369776 -0.477766
-0.704468 0.208252 -0.274536 -1.369691 0.404903 -0.533778
-0.742188 0.182861 -0.315186 -1.443029 0.355536 -0.612813
-0.798706 0.109985 -0.377075 -1.552917 0.213844 -0.733144
-0.888550 0.038086 -0.448120 -1.727600 0.074050 -0.871276
-0.970093 -0.057129 -0.526245 -1.886143 -0.111075 -1.023174
-0.966675 -0.109375 -0.575928 -1.879498 -0.212657 -1.119771
-0.938599 -0.112915 -0.548828 -1.824909 -0.219540 -1.067082
-0.915771 -0.103149 -0.464233 -1.780527 -0.200553 -0.902605
-0.880005 -0.066528 -0.360229 -1.710986 -0.129350 -0.700391
-0.828735 -0.010864 -0.238159 -1.611303 -0.021123 -0.463051
-0.774170 0.061401 -0.116333 -1.505212 0.119382 -0.226185
-0.738525 0.139526 -0.036377 -1.435909 0.271280 -0.070727
-0.728638 0.172607 -0.025391 -1.416684 0.335599 -0.049367
-0.730469 0.152344 -0.071411 -1.420244 0.296201 -0.138844
-0.747559 0.088867 -0.152588 -1.453472 0.172784 -0.296675
-0.761963 0.007446 -0.220947 -1.481478 0.014478 -0.429586
-0.759277 -0.085205 -0.245483 -1.476257 -0.165664 -0.477291
-0.741211 -0.159668 -0.220459 -1.441130 -0.310441 -0.428637
-0.713501 -0.199951 -0.158569 -1.387254 -0.388763 -0.308305
-0.691040 -0.216309 -0.104492 -1.343583 -0.420567 -0.203163
-0.665039 -0.202515 -0.082520 -1.293030 -0.393748 -0.160442
-0.628784 -0.170776 -0.084106 -1.222540 -0.332039 -0.163527
-0.619507 -0.168213 -0.121460 -1.204502 -0.327055 -0.236154
-0.573853 -0.210815 -0.141968 -1.115737 -0.409887 -0.276027
-0.451294 -0.231201 -0.130859 -0.877447 -0.449522 -0.254429
-0.371094 -0.270874 -0.106445 -0.721514 -0.526658 -0.206961
-0.312500 -0.215210 -0.064209 -0.607591 -0.418431 -0.124841
-0.241211 -0.136108 -0.007446 -0.468984 -0.264634 -0.014478
-0.166138 -0.101685 0.067993 -0.323020 -0.197704 0.132199
-0.096191 -0.091431 0.125366 -0.187024 -0.177768 0.243748
-0.063354 -0.097900 0.137329 -0.123180 -0.190347 0.267008
-0.061646 -0.097534 0.113892 -0.119857 -0.189635 0.221438
-0.065552 -0.093506 0.071533 -0.127452 -0.181803 0.139081
-0.009033 -0.098267 0.043579 -0.017563 -0.191059 0.084730
0.003906 -0.125122 0.012695 0.007595 -0.243274 0.024683
0.021606 -0.092407 -0.014893 0.042009 -0.179667 -0.028956
0.036499 -0.065674 -0.028442 0.070965 -0.127689 -0.055300
0.024414 -0.059204 -0.035156 0.047468 -0.115110 -0.068354
0.002441 -0.037598 -0.040039 0.004747 -0.073101 -0.077848
0.031128 -0.016479 -0.021729 0.060522 -0.032041 -0.042247
0.069214 -0.015137 -0.009766 0.134572 -0.029430 -0.018987
0.089111 -0.004517 -0.014404 0.173258 -0.008782 -0.028006
0.074219 -0.016846 -0.024780 0.144303 -0.032753 -0.048180
0.058472 -0.043091 -0.034180 0.113686 -0.083781 -0.066455
0.058105 -0.065430 -0.023560 0.112974 -0.127214 -0.045807
0.066040 -0.063965 -0.003418 0.128401 -0.124366 -0.006646
0.073242 -0.049805 0.008911 0.142404 -0.096835 0.017326
0.080200 -0.041870 0.012085 0.155933 -0.081408 0.023497
0.093628 -0.055420 0.021729 0.182040 -0.107752 0.042247
0.101807 -0.072998 0.033325 0.197942 -0.141929 0.064794
0.102173 -0.085938 0.045776 0.198654 -0.167088 0.089003
0.115601 -0.103027 0.067017 0.224761 -0.200315 0.130300
0.137939 -0.106079 0.099121 0.268195 -0.206249 0.192720
0.151733 -0.108398 0.123169 0.295014 -0.210758 0.239476
0.167358 -0.120361 0.146240 0.325394 -0.234018 0.284334
0.191528 -0.128418 0.178223 0.372387 -0.249682 0.346517
0.205444 -0.151978 0.208862 0.399444 -0.295489 0.406089
0.220093 -0.160400 0.235107 0.427925 -0.311865 0.457117
0.230957 -0.176147 0.253174 0.449048 -0.342482 0.492244
0.233276 -0.209595 0.242065 0.453557 -0.407513 0.470646
0.247070 -0.263306 0.229370 0.480377 -0.511943 0.445962
0.276855 -0.319824 0.235474 0.538288 -0.621832 0.457829
0.322510 -0.368530 0.265259 0.627053 -0.716530 0.515740
0.384033 -0.377686 0.323853 0.746673 -0.734331 0.629664
0.451538 -0.334961 0.402954 0.877922 -0.651262 0.783460
0.495850 -0.261597 0.475098 0.964076 -0.508620 0.923728
0.531494 -0.200317 0.518433 1.033380 -0.389475 1.007984
0.559937 -0.191040 0.527344 1.088680 -0.371438 1.025310
0.559448 -0.244141 0.489258 1.087731 -0.474681 0.951260
0.556274 -0.296265 0.450806 1.081560 -0.576025 0.876498
0.567017 -0.301147 0.451050 1.102446 -0.585518 0.876972
0.596069 -0.296021 0.478027 1.158933 -0.575550 0.929425
0.621582 -0.292480 0.510986 1.208537 -0.568667 0.993506
0.627075 -0.278076 0.533447 1.219217 -0.540661 1.037177
0.608276 -0.261353 0.539307 1.182667 -0.508146 1.048569
0.579468 -0.251465 0.531616 1.126654 -0.488921 1.033617
0.558960 -0.227783 0.515381 1.086781 -0.442877 1.002051
0.546875 -0.215698 0.496338 1.063285 -0.419380 0.965026
0.545166 -0.191162 0.485352 1.059962 -0.371675 0.943665
0.537720 -0.161133 0.472046 1.045484 -0.313289 0.917795
0.512939 -0.162964 0.449707 0.997304 -0.316849 0.874362
0.481689 -0.156372 0.415527 0.936545 -0.304033 0.807906
0.454102 -0.133545 0.380981 0.882906 -0.259650 0.740739
0.444458 -0.092285 0.355469 0.864156 -0.179429 0.691135
0.442871 -0.058350 0.334229 0.861071 -0.113449 0.649838
0.429443 -0.044800 0.312988 0.834963 -0.087104 0.608540
0.401489 -0.050171 0.296753 0.780612 -0.097547 0.576974
0.362061 -0.044189 0.280029 0.703951 -0.085917 0.544459
0.328369 -0.030396 0.265137 0.638445 -0.059098 0.515503
0.293701 -0.017334 0.247559 0.571041 -0.033702 0.481326
0.252197 -0.018677 0.213867 0.490345 -0.036313 0.415820
0.203003 -0.043457 0.163818 0.394697 -0.084493 0.318511
0.158325 -0.077026 0.123901 0.307830 -0.149762 0.240900
0.139648 -0.086304 0.113403 0.271517 -0.167800 0.220489
0.148682 -0.068481 0.127930 0.289080 -0.133148 0.248733
0.159668 -0.032837 0.143921 0.310441 -0.063845 0.279824
0.152710 -0.018188 0.145264 0.296913 -0.035364 0.282435
0.127441 -0.022217 0.121582 0.247783 -0.043196 0.236391
0.097412 -0.030029 0.078613 0.189398 -0.058386 0.152847
0.074341 -0.042969 0.034546 0.144540 -0.083544 0.067167
0.059204 -0.052124 0.005493 0.115110 -0.101344 0.010680
0.056030 -0.057495 -0.009766 0.108939 -0.111787 -0.018987
0.061523 -0.071411 -0.007202 0.119620 -0.138844 -0.014003
0.062134 -0.092041 0.000244 0.120806 -0.178955 0.000475
0.047852 -0.111084 -0.015747 0.093037 -0.215980 -0.030617
0.025391 -0.122925 -0.028931 0.049367 -0.239002 -0.056250
0.013916 -0.134644 -0.026855 0.027057 -0.261786 -0.052215
0.013550 -0.132202 -0.015015 0.026345 -0.257040 -0.029193
0.011719 -0.120972 -0.003052 0.022785 -0.235204 -0.005934
0.005981 -0.113647 -0.001221 0.011630 -0.220964 -0.002373
