0.249634 -0.059814 0.199097 0.485361 -0.116297 0.387102
0.212769 -0.057739 0.190552 0.413684 -0.112262 0.370488
0.114624 -0.031372 0.166748 0.222863 -0.060996 0.324207
0.110107 -0.028687 0.145752 0.214081 -0.055775 0.283384
0.065063 0.070557 0.100464 0.126502 0.137183 0.195331
-0.005249 0.104248 0.038208 -0.010206 0.202689 0.074288
-0.068237 0.152466 -0.015015 -0.132673 0.296438 -0.029193
-0.097412 0.188965 -0.041016 -0.189398 0.367403 -0.079746
-0.097412 0.210815 -0.050049 -0.189398 0.409887 -0.097310
-0.099976 0.235840 -0.059448 -0.194382 0.458541 -0.115585
-0.112427 0.268555 -0.072754 -0.218590 0.522149 -0.141455
-0.128662 0.305054 -0.080200 -0.250157 0.593113 -0.155933
-0.146729 0.334106 -0.079956 -0.285283 0.649600 -0.155458
-0.163452 0.346558 -0.075562 -0.317799 0.673809 -0.146914
-0.179688 0.367920 -0.067993 -0.349365 0.715344 -0.132199
-0.197754 0.377075 -0.060059 -0.384491 0.733144 -0.116771
-0.212891 0.377319 -0.055908 -0.413921 0.733619 -0.108702
-0.231079 0.425659 -0.074707 -0.449285 0.827606 -0.145252
-0.253906 0.499390 -0.118408 -0.493668 0.970959 -0.230220
-0.272827 0.557617 -0.176636 -0.530456 1.084170 -0.343431
-0.277832 0.577759 -0.235962 -0.540186 1.123332 -0.458779
-0.282959 0.578735 -0.285767 -0.550155 1.125230 -0.555614
-0.310059 0.593750 -0.335449 -0.602844 1.154423 -0.652211
-0.345581 0.603760 -0.400635 -0.671910 1.173885 -0.778951
-0.373779 0.612061 -0.460449 -0.726736 1.190024 -0.895248
-0.410645 0.613647 -0.501343 -0.798413 1.193110 -0.974757
-0.453857 0.580200 -0.527832 -0.882431 1.128078 -1.026259
-0.486206 0.535889 -0.540161 -0.945326 1.041924 -1.050231
-0.506836 0.503418 -0.534912 -0.985437 0.978791 -1.040025
-0.512939 0.495728 -0.517212 -0.997304 0.963839 -1.005611
-0.520874 0.503052 -0.493408 -1.012731 0.978079 -0.959329
-0.522217 0.501465 -0.463257 -1.015342 0.974994 -0.900706
-0.523438 0.509766 -0.457764 -1.017715 0.991133 -0.890026
-0.549072 0.521729 -0.491211 -1.067557 1.014392 -0.955057
-0.578125 0.499878 -0.563965 -1.124044 0.971908 -1.096512
-0.583618 0.462769 -0.619141 -1.134724 0.899757 -1.203790
-0.584351 0.421997 -0.628906 -1.136148 0.820485 -1.222777
-0.581177 0.398804 -0.624146 -1.129977 0.775391 -1.213521
-0.577759 0.379883 -0.620605 -1.123332 0.738603 -1.206638
-0.580078 0.355591 -0.624756 -1.127841 0.691372 -1.214708
-0.580933 0.346069 -0.638428 -1.129502 0.672860 -1.241290
-0.573608 0.337646 -0.667847 -1.115262 0.656483 -1.298489
-0.561035 0.312622 -0.702271 -1.090816 0.607828 -1.365419
-0.547485 0.299927 -0.727173 -1.064471 0.583145 -1.413836
-0.526123 0.296997 -0.740845 -1.022937 0.577449 -1.440418
-0.506714 0.283203 -0.733398 -0.985200 0.550629 -1.425940
-0.487061 0.252075 -0.716309 -0.946988 0.490108 -1.392713
-0.473755 0.216675 -0.695313 -0.921118 0.421279 -1.351890
-0.455322 0.168579 -0.667847 -0.885279 0.327767 -1.298489
-0.429443 0.128418 -0.624023 -0.834963 0.249682 -1.213284
-0.403809 0.089111 -0.579224 -0.785122 0.173258 -1.126180
-0.372314 0.057983 -0.537109 -0.723888 0.112737 -1.044297
-0.341064 0.053589 -0.496094 -0.663129 0.104192 -0.964551
-0.322998 0.040894 -0.464111 -0.628002 0.079509 -0.902368
-0.308105 0.029785 -0.430664 -0.599047 0.057911 -0.837337
-0.275024 0.019043 -0.393433 -0.534728 0.037025 -0.764948
-0.240601 0.018921 -0.364990 -0.467798 0.036788 -0.709647
-0.226685 0.017456 -0.341431 -0.440741 0.033940 -0.663841
-0.215820 -0.000610 -0.309082 -0.419618 -0.001187 -0.600946
-0.191650 -0.039673 -0.267700 -0.372624 -0.077136 -0.520487
-0.163208 -0.074341 -0.230103 -0.317324 -0.144540 -0.447386
-0.148438 -0.080322 -0.199097 -0.288606 -0.156170 -0.387102
-0.159302 -0.064575 -0.185791 -0.309729 -0.125553 -0.361232
-0.124634 -0.103394 -0.157227 -0.242324 -0.201027 -0.305694
-0.069580 -0.118652 -0.116211 -0.135284 -0.230695 -0.225948
-0.034424 -0.133057 -0.062744 -0.066930 -0.258701 -0.121993
-0.006958 -0.140869 -0.007568 -0.013528 -0.273891 -0.014715
0.007202 -0.147461 0.036255 0.014003 -0.286707 0.070490
0.027954 -0.167114 0.088867 0.054351 -0.324919 0.172784
0.043335 -0.171753 0.129028 0.084256 -0.333938 0.250869
0.048218 -0.170044 0.154053 0.093749 -0.330615 0.299523
0.045776 -0.165527 0.161865 0.089003 -0.321833 0.314713
0.034302 -0.164917 0.161011 0.066693 -0.320647 0.313052
0.026855 -0.170532 0.158325 0.052215 -0.331564 0.307830
0.026855 -0.160400 0.148438 0.052215 -0.311865 0.288606
0.021118 -0.158569 0.146240 0.041060 -0.308305 0.284334
0.022827 -0.174805 0.159546 0.044383 -0.339871 0.310204
0.044922 -0.172363 0.194580 0.087341 -0.335124 0.378320
0.060913 -0.148560 0.230591 0.118433 -0.288843 0.448336
0.059082 -0.126831 0.251709 0.114873 -0.246597 0.489396
0.056763 -0.135986 0.262573 0.110363 -0.264397 0.510519
0.061890 -0.160645 0.276733 0.120332 -0.312340 0.538050
0.062378 -0.182739 0.296143 0.121281 -0.355298 0.575788
0.062134 -0.210571 0.325562 0.120806 -0.409412 0.632987
0.066895 -0.229858 0.359131 0.130062 -0.446912 0.698255
0.076660 -0.231934 0.393188 0.149050 -0.450947 0.764473
0.087891 -0.236694 0.419312 0.170885 -0.460203 0.815264
0.090088 -0.241089 0.428101 0.175157 -0.468747 0.832352
0.089478 -0.254517 0.426392 0.173970 -0.494854 0.829030
0.099976 -0.273926 0.434082 0.194382 -0.532592 0.843982
0.115234 -0.292969 0.453613 0.224049 -0.569617 0.881957
0.120728 -0.310181 0.478027 0.234730 -0.603082 0.929425
0.121704 -0.327393 0.505249 0.236628 -0.636547 0.982351
0.130493 -0.340332 0.536011 0.253717 -0.661705 1.042161
0.146240 -0.358032 0.568481 0.284334 -0.696119 1.105294
0.161743 -0.371216 0.593872 0.314476 -0.721752 1.154660
0.167480 -0.380615 0.600952 0.325631 -0.740027 1.168426
0.165771 -0.395874 0.595337 0.322308 -0.769695 1.157509
0.174805 -0.415527 0.608887 0.339871 -0.807906 1.183853
0.186157 -0.411987 0.629395 0.361944 -0.801023 1.223727
0.182251 -0.384521 0.625732 0.354349 -0.747622 1.216606
0.176025 -0.362061 0.598511 0.342245 -0.703951 1.163679
0.181396 -0.362183 0.557983 0.352688 -0.704189 1.084882
0.190430 -0.366699 0.513794 0.370251 -0.712970 0.998965
0.187134 -0.371338 0.468628 0.363843 -0.721989 0.911149
0.185913 -0.378662 0.436768 0.361469 -0.736230 0.849204
0.192017 -0.368164 0.429688 0.373336 -0.715818 0.835438
0.189941 -0.333740 0.428833 0.369301 -0.648888 0.833776
0.184692 -0.289795 0.428467 0.359096 -0.563446 0.833064
0.184082 -0.261353 0.430298 0.357909 -0.508146 0.836625
0.183228 -0.262573 0.431885 0.356248 -0.510519 0.839710
0.186890 -0.272827 0.444702 0.363368 -0.530456 0.864631
0.194458 -0.266113 0.454102 0.378083 -0.517402 0.882906
0.190063 -0.262817 0.438965 0.369539 -0.510994 0.853476
0.177979 -0.261719 0.428467 0.346042 -0.508858 0.833064
0.167358 -0.278809 0.435303 0.325394 -0.542085 0.846355
0.161499 -0.297119 0.445557 0.314001 -0.577686 0.866292
0.150391 -0.284302 0.448853 0.292403 -0.552766 0.872700
0.134766 -0.244873 0.423950 0.262024 -0.476105 0.824283
0.125854 -0.207031 0.377319 0.244698 -0.402529 0.733619
0.122192 -0.187134 0.324463 0.237578 -0.363843 0.630850
0.124756 -0.187866 0.280884 0.242562 -0.365267 0.546120
0.123901 -0.194946 0.250854 0.240900 -0.379032 0.487734
0.114380 -0.179932 0.229858 0.222388 -0.349840 0.446912
0.099731 -0.154785 0.220825 0.193907 -0.300947 0.429349
0.093994 -0.134644 0.223877 0.182752 -0.261786 0.435282
0.094360 -0.130981 0.221191 0.183464 -0.254666 0.430061
0.092651 -0.132568 0.213623 0.180141 -0.257752 0.415345
0.085571 -0.118774 0.197510 0.166376 -0.230932 0.384017
0.075317 -0.101440 0.175781 0.146439 -0.197230 0.341770
0.064331 -0.082764 0.158936 0.125078 -0.160917 0.309017
0.046021 -0.074707 0.143066 0.089477 -0.145252 0.278163
0.033447 -0.074097 0.123047 0.065031 -0.144066 0.239239
0.025513 -0.068604 0.101440 0.049604 -0.133385 0.197230
0.022217 -0.071045 0.082520 0.043196 -0.138132 0.160442
0.020752 -0.071411 0.055298 0.040348 -0.138844 0.107515
0.018311 -0.077759 0.042358 0.035601 -0.151186 0.082357
0.015137 -0.074585 0.046875 0.029430 -0.145015 0.091139
0.003418 -0.059814 0.047485 0.006646 -0.116297 0.092325
-0.016968 -0.035889 0.033081 -0.032990 -0.069778 0.064319
-0.023438 -0.024170 0.010498 -0.045569 -0.046993 0.020411
-0.015747 -0.024536 -0.018311 -0.030617 -0.047705 -0.035601
-0.017456 -0.028687 -0.057983 -0.033940 -0.055775 -0.112737
-0.025269 -0.037720 -0.079834 -0.049129 -0.073338 -0.155221
-0.026611 -0.051147 -0.067871 -0.051740 -0.099446 -0.131961
-0.019897 -0.066650 -0.041504 -0.038686 -0.129588 -0.080696
-0.013794 -0.067139 -0.014893 -0.026819 -0.130537 -0.028956
-0.019165 -0.056885 0.005981 -0.037262 -0.110601 0.011630
-0.029785 -0.033325 0.002441 -0.057911 -0.064794 0.004747
-0.033203 -0.027588 -0.014404 -0.064557 -0.053639 -0.028006
